data;

set V := 1 2 3 4 5 6 7 8 9 10 11 12 13 14 15 16 17 19 20 21 22 23 24 26 27 28 29 30 31 32 33 34 35 36 37 40 41 42 43 45 46 47 48 50 51 52 53 55 57 58 59 60 61 62 64 65 66 67 68 69 71 72 73 74 75;

set A := 1 2
         1 4
         1 7
         1 35
         2 1
         2 8
         2 10
         2 40
         3 41
         4 1
         4 3
         4 12
         4 42
         5 8
         5 20
         5 43
         6 20
         7 1
         7 13
         7 21
         7 35
         7 45
         8 2
         8 5
         8 46
         9 20
         9 24
         9 47
         10 2
         10 24
         10 48
         11 29
         11 31
         12 4
         12 29
         12 30
         12 50
         13 51
         14 16
         14 33
         14 35
         14 52
         15 35
         15 53
         16 14
         16 33
         16 34
         17 35
         17 55
         19 22
         19 23
         19 24
         19 28
         19 57
         20 5
         20 9
         20 58
         21 7
         21 28
         21 59
         22 19
         22 60
         23 19
         23 61
         24 9
         24 10
         24 19
         24 62
         26 27
         26 34
         26 64
         27 26
         27 28
         27 65
         28 19
         28 21
         28 27
         28 66
         29 11
         29 12
         29 67
         30 68
         31 11
         31 32
         31 37
         31 69
         32 31
         32 33
         33 14
         33 16
         33 32
         33 71
         34 16
         34 26
         34 72
         35 1
         35 7
         35 13
         35 14
         35 15
         35 17
         35 36
         35 73
         36 35
         36 37
         36 74
         37 31
         37 36
         37 75
         ;

set S := 1 2 3 4 5 6 7 8 9 10 11 12 13 14 15 16 17 18 19 20 21 22 23 24 25 26 27 28 29 30 31 32 33 34 35 36 37 38 39 40 41 42 43 44 45 46 47 48 49 50 51 52 53 54 55 56 57 58 59 60 61 62 63 64 65 66 67 68 69 70 71 72 73 74 75 76 77 78 79 80 81 82 83 84 85 86 87 88 89 90 91 92 93 94 95 96 97 98 99 100 101 102 103 104 105 106 107 108 109 110 111 112 113 114 115 116 117 118 119 120 121 122 123 124 125 126 127 128 129 130 131 132 133 134 135 136 137 138 139 140 141 142 143 144 145 146 147 148 149 150 151 152 153 154 155 156 157 158 159 160 161 162 163 164 165 166 167 168 169 170 171 172 173 174 175 176 177 178 179 180 181 182 183 184 185 186 187 188 189 190 191 192 193 194 195 196 197 198 199 200 201 202 203 204 205 206 207 208 209 210 211 212 213 214 215 216 217 218 219 220 221 222 223 224 225 226 227 228 229 230 231 232 233 234 235 236 237 238 239 240 241 242 243 244 245 246 247 248 249 250 251 252 253 254 255 256 257 258 259 260 261 262 263 264 265 266 267 268 269 270 271 272 273 274 275 276 277 278 279 280 281 282;

set F[1] := 1 2
            2 40
            ;
set F[2] := 1 4
            4 42
            ;
set F[3] := 1 2
            2 8
            8 5
            5 43
            ;
set F[4] := 1 7
            7 45
            ;
set F[5] := 1 2
            2 8
            8 46
            ;
set F[6] := 1 2
            2 10
            10 24
            24 9
            9 47
            ;
set F[7] := 1 35
            35 13
            13 51
            ;
set F[8] := 1 35
            35 14
            14 52
            ;
set F[9] := 1 2
            2 10
            10 24
            24 19
            19 57
            ;
set F[10] := 1 2
             2 8
             8 5
             5 20
             20 58
             ;
set F[11] := 1 7
             7 21
             21 59
             ;
set F[12] := 1 35
             35 14
             14 16
             16 34
             34 26
             26 64
             ;
set F[13] := 1 4
             4 12
             12 29
             29 67
             ;
set F[14] := 1 35
             35 36
             36 37
             37 31
             31 69
             ;
set F[15] := 1 35
             35 14
             14 33
             33 71
             ;
set F[16] := 1 35
             35 14
             14 16
             16 34
             34 72
             ;
set F[17] := 1 35
             35 73
             ;
set F[18] := 1 35
             35 36
             36 74
             ;
set F[19] := 2 1
             1 7
             7 45
             ;
set F[20] := 2 8
             8 46
             ;
set F[21] := 2 1
             1 35
             35 13
             13 51
             ;
set F[22] := 2 1
             1 35
             35 14
             14 52
             ;
set F[23] := 2 10
             10 24
             24 19
             19 57
             ;
set F[24] := 2 8
             8 5
             5 20
             20 58
             ;
set F[25] := 2 1
             1 35
             35 36
             36 37
             37 31
             31 69
             ;
set F[26] := 2 1
             1 35
             35 14
             14 33
             33 71
             ;
set F[27] := 2 1
             1 35
             35 73
             ;
set F[28] := 4 1
             1 2
             2 40
             ;
set F[29] := 4 1
             1 7
             7 45
             ;
set F[30] := 4 1
             1 2
             2 8
             8 46
             ;
set F[31] := 4 1
             1 35
             35 13
             13 51
             ;
set F[32] := 4 1
             1 35
             35 14
             14 52
             ;
set F[33] := 4 1
             1 2
             2 10
             10 24
             24 19
             19 57
             ;
set F[34] := 4 1
             1 2
             2 8
             8 5
             5 20
             20 58
             ;
set F[35] := 4 1
             1 7
             7 21
             21 59
             ;
set F[36] := 4 1
             1 35
             35 14
             14 16
             16 34
             34 26
             26 64
             ;
set F[37] := 4 12
             12 29
             29 67
             ;
set F[38] := 4 12
             12 29
             29 11
             11 31
             31 69
             ;
set F[39] := 4 1
             1 35
             35 14
             14 33
             33 71
             ;
set F[40] := 4 1
             1 35
             35 14
             14 16
             16 34
             34 72
             ;
set F[41] := 4 1
             1 35
             35 73
             ;
set F[42] := 4 1
             1 35
             35 36
             36 74
             ;
set F[43] := 5 8
             8 2
             2 40
             ;
set F[44] := 5 8
             8 2
             2 1
             1 4
             4 42
             ;
set F[45] := 5 8
             8 2
             2 1
             1 7
             7 45
             ;
set F[46] := 5 8
             8 46
             ;
set F[47] := 5 20
             20 9
             9 47
             ;
set F[48] := 5 8
             8 2
             2 1
             1 35
             35 13
             13 51
             ;
set F[49] := 5 8
             8 2
             2 1
             1 35
             35 14
             14 52
             ;
set F[50] := 5 20
             20 9
             9 24
             24 19
             19 57
             ;
set F[51] := 5 20
             20 58
             ;
set F[52] := 5 8
             8 2
             2 1
             1 7
             7 21
             21 59
             ;
set F[53] := 5 20
             20 9
             9 24
             24 19
             19 28
             28 27
             27 26
             26 64
             ;
set F[54] := 5 8
             8 2
             2 1
             1 4
             4 12
             12 29
             29 67
             ;
set F[55] := 5 8
             8 2
             2 1
             1 35
             35 36
             36 37
             37 31
             31 69
             ;
set F[56] := 5 8
             8 2
             2 1
             1 35
             35 14
             14 33
             33 71
             ;
set F[57] := 5 8
             8 2
             2 1
             1 35
             35 14
             14 16
             16 34
             34 72
             ;
set F[58] := 5 8
             8 2
             2 1
             1 35
             35 73
             ;
set F[59] := 5 8
             8 2
             2 1
             1 35
             35 36
             36 74
             ;
set F[60] := 6 20
             20 5
             5 8
             8 2
             2 1
             1 35
             35 73
             ;
set F[61] := 7 1
             1 2
             2 40
             ;
set F[62] := 7 1
             1 4
             4 42
             ;
set F[63] := 7 1
             1 2
             2 8
             8 5
             5 43
             ;
set F[64] := 7 1
             1 2
             2 8
             8 46
             ;
set F[65] := 7 1
             1 2
             2 10
             10 24
             24 9
             9 47
             ;
set F[66] := 7 1
             1 4
             4 12
             12 50
             ;
set F[67] := 7 13
             13 51
             ;
set F[68] := 7 35
             35 14
             14 52
             ;
set F[69] := 7 35
             35 15
             15 53
             ;
set F[70] := 7 21
             21 28
             28 19
             19 57
             ;
set F[71] := 7 1
             1 2
             2 8
             8 5
             5 20
             20 58
             ;
set F[72] := 7 21
             21 59
             ;
set F[73] := 7 21
             21 28
             28 19
             19 22
             22 60
             ;
set F[74] := 7 1
             1 2
             2 10
             10 24
             24 62
             ;
set F[75] := 7 21
             21 28
             28 27
             27 26
             26 64
             ;
set F[76] := 7 21
             21 28
             28 66
             ;
set F[77] := 7 1
             1 4
             4 12
             12 29
             29 67
             ;
set F[78] := 7 35
             35 36
             36 37
             37 31
             31 69
             ;
set F[79] := 7 35
             35 14
             14 33
             33 71
             ;
set F[80] := 7 35
             35 14
             14 16
             16 34
             34 72
             ;
set F[81] := 7 35
             35 73
             ;
set F[82] := 7 35
             35 36
             36 74
             ;
set F[83] := 7 35
             35 36
             36 37
             37 75
             ;
set F[84] := 9 24
             24 10
             10 2
             2 40
             ;
set F[85] := 9 24
             24 10
             10 2
             2 1
             1 35
             35 73
             ;
set F[86] := 10 2
             2 40
             ;
set F[87] := 10 2
             2 1
             1 4
             4 42
             ;
set F[88] := 10 2
             2 8
             8 5
             5 43
             ;
set F[89] := 10 2
             2 1
             1 7
             7 45
             ;
set F[90] := 10 2
             2 8
             8 46
             ;
set F[91] := 10 24
             24 9
             9 47
             ;
set F[92] := 10 2
             2 1
             1 4
             4 12
             12 50
             ;
set F[93] := 10 2
             2 1
             1 35
             35 13
             13 51
             ;
set F[94] := 10 2
             2 1
             1 35
             35 14
             14 52
             ;
set F[95] := 10 2
             2 1
             1 35
             35 15
             15 53
             ;
set F[96] := 10 24
             24 19
             19 57
             ;
set F[97] := 10 24
             24 9
             9 20
             20 58
             ;
set F[98] := 10 2
             2 1
             1 7
             7 21
             21 59
             ;
set F[99] := 10 24
             24 19
             19 22
             22 60
             ;
set F[100] := 10 24
              24 62
              ;
set F[101] := 10 24
              24 19
              19 28
              28 27
              27 26
              26 64
              ;
set F[102] := 10 24
              24 19
              19 28
              28 66
              ;
set F[103] := 10 2
              2 1
              1 4
              4 12
              12 29
              29 67
              ;
set F[104] := 10 2
              2 1
              1 35
              35 36
              36 37
              37 31
              31 69
              ;
set F[105] := 10 2
              2 1
              1 35
              35 14
              14 33
              33 71
              ;
set F[106] := 10 2
              2 1
              1 35
              35 14
              14 16
              16 34
              34 72
              ;
set F[107] := 10 2
              2 1
              1 35
              35 73
              ;
set F[108] := 10 2
              2 1
              1 35
              35 36
              36 74
              ;
set F[109] := 10 2
              2 1
              1 35
              35 36
              36 37
              37 75
              ;
set F[110] := 11 31
              31 37
              37 36
              36 35
              35 73
              ;
set F[111] := 12 4
              4 1
              1 2
              2 40
              ;
set F[112] := 12 4
              4 1
              1 7
              7 45
              ;
set F[113] := 12 4
              4 1
              1 2
              2 8
              8 46
              ;
set F[114] := 12 4
              4 1
              1 35
              35 13
              13 51
              ;
set F[115] := 12 4
              4 1
              1 35
              35 14
              14 52
              ;
set F[116] := 12 4
              4 1
              1 2
              2 10
              10 24
              24 19
              19 57
              ;
set F[117] := 12 29
              29 11
              11 31
              31 69
              ;
set F[118] := 12 4
              4 1
              1 35
              35 14
              14 33
              33 71
              ;
set F[119] := 12 4
              4 1
              1 35
              35 73
              ;
set F[120] := 14 35
              35 1
              1 2
              2 40
              ;
set F[121] := 14 35
              35 73
              ;
set F[122] := 15 35
              35 73
              ;
set F[123] := 16 14
              14 35
              35 1
              1 2
              2 40
              ;
set F[124] := 16 14
              14 35
              35 73
              ;
set F[125] := 17 35
              35 1
              1 2
              2 40
              ;
set F[126] := 17 35
              35 1
              1 4
              4 42
              ;
set F[127] := 17 35
              35 7
              7 45
              ;
set F[128] := 17 35
              35 1
              1 2
              2 8
              8 46
              ;
set F[129] := 17 35
              35 1
              1 2
              2 10
              10 24
              24 9
              9 47
              ;
set F[130] := 17 35
              35 13
              13 51
              ;
set F[131] := 17 35
              35 14
              14 52
              ;
set F[132] := 17 35
              35 7
              7 21
              21 28
              28 19
              19 57
              ;
set F[133] := 17 35
              35 1
              1 2
              2 8
              8 5
              5 20
              20 58
              ;
set F[134] := 17 35
              35 7
              7 21
              21 59
              ;
set F[135] := 17 35
              35 14
              14 16
              16 34
              34 26
              26 64
              ;
set F[136] := 17 35
              35 1
              1 4
              4 12
              12 29
              29 67
              ;
set F[137] := 17 35
              35 36
              36 37
              37 31
              31 69
              ;
set F[138] := 17 35
              35 14
              14 33
              33 71
              ;
set F[139] := 17 35
              35 14
              14 16
              16 34
              34 72
              ;
set F[140] := 17 35
              35 73
              ;
set F[141] := 17 35
              35 36
              36 74
              ;
set F[142] := 19 28
              28 21
              21 7
              7 35
              35 73
              ;
set F[143] := 20 5
              5 8
              8 2
              2 40
              ;
set F[144] := 20 5
              5 8
              8 2
              2 1
              1 7
              7 45
              ;
set F[145] := 20 5
              5 8
              8 46
              ;
set F[146] := 20 5
              5 8
              8 2
              2 1
              1 35
              35 13
              13 51
              ;
set F[147] := 20 5
              5 8
              8 2
              2 1
              1 35
              35 14
              14 52
              ;
set F[148] := 20 9
              9 24
              24 19
              19 57
              ;
set F[149] := 20 5
              5 8
              8 2
              2 1
              1 4
              4 12
              12 29
              29 67
              ;
set F[150] := 20 5
              5 8
              8 2
              2 1
              1 35
              35 36
              36 37
              37 31
              31 69
              ;
set F[151] := 20 5
              5 8
              8 2
              2 1
              1 35
              35 14
              14 33
              33 71
              ;
set F[152] := 20 9
              9 24
              24 19
              19 28
              28 27
              27 26
              26 34
              34 72
              ;
set F[153] := 20 5
              5 8
              8 2
              2 1
              1 35
              35 73
              ;
set F[154] := 21 7
              7 1
              1 2
              2 40
              ;
set F[155] := 21 7
              7 45
              ;
set F[156] := 21 7
              7 1
              1 2
              2 8
              8 46
              ;
set F[157] := 21 7
              7 35
              35 36
              36 37
              37 31
              31 69
              ;
set F[158] := 21 7
              7 35
              35 73
              ;
set F[159] := 22 19
              19 24
              24 10
              10 2
              2 40
              ;
set F[160] := 22 19
              19 28
              28 21
              21 7
              7 35
              35 73
              ;
set F[161] := 23 19
              19 28
              28 21
              21 7
              7 35
              35 73
              ;
set F[162] := 24 10
              10 2
              2 40
              ;
set F[163] := 24 10
              10 2
              2 1
              1 4
              4 42
              ;
set F[164] := 24 10
              10 2
              2 1
              1 7
              7 45
              ;
set F[165] := 24 10
              10 2
              2 8
              8 46
              ;
set F[166] := 24 10
              10 2
              2 1
              1 35
              35 13
              13 51
              ;
set F[167] := 24 10
              10 2
              2 1
              1 35
              35 14
              14 52
              ;
set F[168] := 24 19
              19 57
              ;
set F[169] := 24 9
              9 20
              20 58
              ;
set F[170] := 24 19
              19 28
              28 21
              21 59
              ;
set F[171] := 24 19
              19 28
              28 27
              27 26
              26 64
              ;
set F[172] := 24 10
              10 2
              2 1
              1 4
              4 12
              12 29
              29 67
              ;
set F[173] := 24 10
              10 2
              2 1
              1 35
              35 36
              36 37
              37 31
              31 69
              ;
set F[174] := 24 10
              10 2
              2 1
              1 35
              35 14
              14 33
              33 71
              ;
set F[175] := 24 19
              19 28
              28 27
              27 26
              26 34
              34 72
              ;
set F[176] := 24 10
              10 2
              2 1
              1 35
              35 73
              ;
set F[177] := 24 10
              10 2
              2 1
              1 35
              35 36
              36 74
              ;
set F[178] := 26 34
              34 16
              16 14
              14 35
              35 1
              1 2
              2 40
              ;
set F[179] := 26 27
              27 28
              28 21
              21 7
              7 45
              ;
set F[180] := 26 34
              34 16
              16 14
              14 35
              35 1
              1 2
              2 8
              8 46
              ;
set F[181] := 26 34
              34 16
              16 14
              14 52
              ;
set F[182] := 26 27
              27 28
              28 19
              19 57
              ;
set F[183] := 26 34
              34 16
              16 33
              33 32
              32 31
              31 69
              ;
set F[184] := 26 34
              34 16
              16 33
              33 71
              ;
set F[185] := 26 34
              34 16
              16 14
              14 35
              35 73
              ;
set F[186] := 27 28
              28 19
              19 24
              24 10
              10 2
              2 40
              ;
set F[187] := 27 28
              28 21
              21 7
              7 45
              ;
set F[188] := 27 28
              28 19
              19 24
              24 10
              10 2
              2 8
              8 46
              ;
set F[189] := 27 26
              26 34
              34 16
              16 33
              33 32
              32 31
              31 69
              ;
set F[190] := 27 26
              26 34
              34 16
              16 33
              33 71
              ;
set F[191] := 27 28
              28 21
              21 7
              7 35
              35 73
              ;
set F[192] := 28 19
              19 24
              24 10
              10 2
              2 40
              ;
set F[193] := 28 21
              21 7
              7 1
              1 4
              4 42
              ;
set F[194] := 28 19
              19 24
              24 9
              9 20
              20 5
              5 43
              ;
set F[195] := 28 21
              21 7
              7 45
              ;
set F[196] := 28 19
              19 24
              24 10
              10 2
              2 8
              8 46
              ;
set F[197] := 28 19
              19 24
              24 9
              9 47
              ;
set F[198] := 28 21
              21 7
              7 13
              13 51
              ;
set F[199] := 28 21
              21 7
              7 35
              35 14
              14 52
              ;
set F[200] := 28 19
              19 57
              ;
set F[201] := 28 19
              19 24
              24 9
              9 20
              20 58
              ;
set F[202] := 28 21
              21 59
              ;
set F[203] := 28 27
              27 26
              26 64
              ;
set F[204] := 28 21
              21 7
              7 1
              1 4
              4 12
              12 29
              29 67
              ;
set F[205] := 28 21
              21 7
              7 35
              35 36
              36 37
              37 31
              31 69
              ;
set F[206] := 28 21
              21 7
              7 35
              35 14
              14 33
              33 71
              ;
set F[207] := 28 27
              27 26
              26 34
              34 72
              ;
set F[208] := 28 21
              21 7
              7 35
              35 73
              ;
set F[209] := 28 21
              21 7
              7 35
              35 36
              36 74
              ;
set F[210] := 29 12
              12 4
              4 1
              1 2
              2 40
              ;
set F[211] := 29 12
              12 4
              4 1
              1 7
              7 45
              ;
set F[212] := 29 12
              12 4
              4 1
              1 2
              2 8
              8 46
              ;
set F[213] := 29 12
              12 4
              4 1
              1 35
              35 13
              13 51
              ;
set F[214] := 29 11
              11 31
              31 32
              32 33
              33 14
              14 52
              ;
set F[215] := 29 12
              12 4
              4 1
              1 2
              2 10
              10 24
              24 19
              19 57
              ;
set F[216] := 29 11
              11 31
              31 69
              ;
set F[217] := 29 11
              11 31
              31 32
              32 33
              33 71
              ;
set F[218] := 29 12
              12 4
              4 1
              1 35
              35 73
              ;
set F[219] := 31 37
              37 36
              36 35
              35 1
              1 2
              2 40
              ;
set F[220] := 31 37
              37 36
              36 35
              35 7
              7 45
              ;
set F[221] := 31 37
              37 36
              36 35
              35 1
              1 2
              2 8
              8 46
              ;
set F[222] := 31 37
              37 36
              36 35
              35 13
              13 51
              ;
set F[223] := 31 32
              32 33
              33 14
              14 52
              ;
set F[224] := 31 37
              37 36
              36 35
              35 7
              7 21
              21 28
              28 19
              19 57
              ;
set F[225] := 31 37
              37 36
              36 35
              35 1
              1 2
              2 8
              8 5
              5 20
              20 58
              ;
set F[226] := 31 11
              11 29
              29 67
              ;
set F[227] := 31 32
              32 33
              33 71
              ;
set F[228] := 31 32
              32 33
              33 16
              16 34
              34 72
              ;
set F[229] := 31 37
              37 36
              36 35
              35 73
              ;
set F[230] := 32 33
              33 14
              14 35
              35 1
              1 2
              2 40
              ;
set F[231] := 32 33
              33 14
              14 35
              35 7
              7 45
              ;
set F[232] := 32 33
              33 14
              14 35
              35 1
              1 2
              2 8
              8 46
              ;
set F[233] := 32 31
              31 69
              ;
set F[234] := 32 33
              33 71
              ;
set F[235] := 32 33
              33 14
              14 35
              35 73
              ;
set F[236] := 33 14
              14 35
              35 1
              1 2
              2 40
              ;
set F[237] := 33 14
              14 35
              35 73
              ;
set F[238] := 34 16
              16 14
              14 35
              35 1
              1 2
              2 40
              ;
set F[239] := 34 16
              16 14
              14 35
              35 73
              ;
set F[240] := 35 1
              1 2
              2 40
              ;
set F[241] := 35 1
              1 4
              4 3
              3 41
              ;
set F[242] := 35 1
              1 4
              4 42
              ;
set F[243] := 35 1
              1 2
              2 8
              8 5
              5 43
              ;
set F[244] := 35 7
              7 45
              ;
set F[245] := 35 1
              1 2
              2 8
              8 46
              ;
set F[246] := 35 1
              1 2
              2 10
              10 24
              24 9
              9 47
              ;
set F[247] := 35 1
              1 2
              2 10
              10 48
              ;
set F[248] := 35 1
              1 4
              4 12
              12 50
              ;
set F[249] := 35 13
              13 51
              ;
set F[250] := 35 14
              14 52
              ;
set F[251] := 35 15
              15 53
              ;
set F[252] := 35 17
              17 55
              ;
set F[253] := 35 7
              7 21
              21 28
              28 19
              19 57
              ;
set F[254] := 35 1
              1 2
              2 8
              8 5
              5 20
              20 58
              ;
set F[255] := 35 7
              7 21
              21 59
              ;
set F[256] := 35 7
              7 21
              21 28
              28 19
              19 22
              22 60
              ;
set F[257] := 35 7
              7 21
              21 28
              28 19
              19 23
              23 61
              ;
set F[258] := 35 1
              1 2
              2 10
              10 24
              24 62
              ;
set F[259] := 35 14
              14 16
              16 34
              34 26
              26 64
              ;
set F[260] := 35 7
              7 21
              21 28
              28 27
              27 65
              ;
set F[261] := 35 7
              7 21
              21 28
              28 66
              ;
set F[262] := 35 1
              1 4
              4 12
              12 29
              29 67
              ;
set F[263] := 35 1
              1 4
              4 12
              12 30
              30 68
              ;
set F[264] := 35 36
              36 37
              37 31
              31 69
              ;
set F[265] := 35 14
              14 33
              33 71
              ;
set F[266] := 35 14
              14 16
              16 34
              34 72
              ;
set F[267] := 35 36
              36 74
              ;
set F[268] := 35 36
              36 37
              37 75
              ;
set F[269] := 36 35
              35 1
              1 2
              2 40
              ;
set F[270] := 36 35
              35 73
              ;
set F[271] := 37 36
              36 35
              35 1
              1 2
              2 40
              ;
set F[272] := 37 36
              36 35
              35 7
              7 45
              ;
set F[273] := 37 36
              36 35
              35 1
              1 2
              2 8
              8 46
              ;
set F[274] := 37 36
              36 35
              35 13
              13 51
              ;
set F[275] := 37 36
              36 35
              35 14
              14 52
              ;
set F[276] := 37 36
              36 35
              35 7
              7 21
              21 28
              28 19
              19 57
              ;
set F[277] := 37 36
              36 35
              35 1
              1 2
              2 8
              8 5
              5 20
              20 58
              ;
set F[278] := 37 31
              31 11
              11 29
              29 67
              ;
set F[279] := 37 31
              31 69
              ;
set F[280] := 37 31
              31 32
              32 33
              33 71
              ;
set F[281] := 37 31
              31 32
              32 33
              33 16
              16 34
              34 72
              ;
set F[282] := 37 36
              36 35
              35 73
              ;
set Last[1] := 2 40;
set Last[2] := 4 42;
set Last[3] := 5 43;
set Last[4] := 7 45;
set Last[5] := 8 46;
set Last[6] := 9 47;
set Last[7] := 13 51;
set Last[8] := 14 52;
set Last[9] := 19 57;
set Last[10] := 20 58;
set Last[11] := 21 59;
set Last[12] := 26 64;
set Last[13] := 29 67;
set Last[14] := 31 69;
set Last[15] := 33 71;
set Last[16] := 34 72;
set Last[17] := 35 73;
set Last[18] := 36 74;
set Last[19] := 7 45;
set Last[20] := 8 46;
set Last[21] := 13 51;
set Last[22] := 14 52;
set Last[23] := 19 57;
set Last[24] := 20 58;
set Last[25] := 31 69;
set Last[26] := 33 71;
set Last[27] := 35 73;
set Last[28] := 2 40;
set Last[29] := 7 45;
set Last[30] := 8 46;
set Last[31] := 13 51;
set Last[32] := 14 52;
set Last[33] := 19 57;
set Last[34] := 20 58;
set Last[35] := 21 59;
set Last[36] := 26 64;
set Last[37] := 29 67;
set Last[38] := 31 69;
set Last[39] := 33 71;
set Last[40] := 34 72;
set Last[41] := 35 73;
set Last[42] := 36 74;
set Last[43] := 2 40;
set Last[44] := 4 42;
set Last[45] := 7 45;
set Last[46] := 8 46;
set Last[47] := 9 47;
set Last[48] := 13 51;
set Last[49] := 14 52;
set Last[50] := 19 57;
set Last[51] := 20 58;
set Last[52] := 21 59;
set Last[53] := 26 64;
set Last[54] := 29 67;
set Last[55] := 31 69;
set Last[56] := 33 71;
set Last[57] := 34 72;
set Last[58] := 35 73;
set Last[59] := 36 74;
set Last[60] := 35 73;
set Last[61] := 2 40;
set Last[62] := 4 42;
set Last[63] := 5 43;
set Last[64] := 8 46;
set Last[65] := 9 47;
set Last[66] := 12 50;
set Last[67] := 13 51;
set Last[68] := 14 52;
set Last[69] := 15 53;
set Last[70] := 19 57;
set Last[71] := 20 58;
set Last[72] := 21 59;
set Last[73] := 22 60;
set Last[74] := 24 62;
set Last[75] := 26 64;
set Last[76] := 28 66;
set Last[77] := 29 67;
set Last[78] := 31 69;
set Last[79] := 33 71;
set Last[80] := 34 72;
set Last[81] := 35 73;
set Last[82] := 36 74;
set Last[83] := 37 75;
set Last[84] := 2 40;
set Last[85] := 35 73;
set Last[86] := 2 40;
set Last[87] := 4 42;
set Last[88] := 5 43;
set Last[89] := 7 45;
set Last[90] := 8 46;
set Last[91] := 9 47;
set Last[92] := 12 50;
set Last[93] := 13 51;
set Last[94] := 14 52;
set Last[95] := 15 53;
set Last[96] := 19 57;
set Last[97] := 20 58;
set Last[98] := 21 59;
set Last[99] := 22 60;
set Last[100] := 24 62;
set Last[101] := 26 64;
set Last[102] := 28 66;
set Last[103] := 29 67;
set Last[104] := 31 69;
set Last[105] := 33 71;
set Last[106] := 34 72;
set Last[107] := 35 73;
set Last[108] := 36 74;
set Last[109] := 37 75;
set Last[110] := 35 73;
set Last[111] := 2 40;
set Last[112] := 7 45;
set Last[113] := 8 46;
set Last[114] := 13 51;
set Last[115] := 14 52;
set Last[116] := 19 57;
set Last[117] := 31 69;
set Last[118] := 33 71;
set Last[119] := 35 73;
set Last[120] := 2 40;
set Last[121] := 35 73;
set Last[122] := 35 73;
set Last[123] := 2 40;
set Last[124] := 35 73;
set Last[125] := 2 40;
set Last[126] := 4 42;
set Last[127] := 7 45;
set Last[128] := 8 46;
set Last[129] := 9 47;
set Last[130] := 13 51;
set Last[131] := 14 52;
set Last[132] := 19 57;
set Last[133] := 20 58;
set Last[134] := 21 59;
set Last[135] := 26 64;
set Last[136] := 29 67;
set Last[137] := 31 69;
set Last[138] := 33 71;
set Last[139] := 34 72;
set Last[140] := 35 73;
set Last[141] := 36 74;
set Last[142] := 35 73;
set Last[143] := 2 40;
set Last[144] := 7 45;
set Last[145] := 8 46;
set Last[146] := 13 51;
set Last[147] := 14 52;
set Last[148] := 19 57;
set Last[149] := 29 67;
set Last[150] := 31 69;
set Last[151] := 33 71;
set Last[152] := 34 72;
set Last[153] := 35 73;
set Last[154] := 2 40;
set Last[155] := 7 45;
set Last[156] := 8 46;
set Last[157] := 31 69;
set Last[158] := 35 73;
set Last[159] := 2 40;
set Last[160] := 35 73;
set Last[161] := 35 73;
set Last[162] := 2 40;
set Last[163] := 4 42;
set Last[164] := 7 45;
set Last[165] := 8 46;
set Last[166] := 13 51;
set Last[167] := 14 52;
set Last[168] := 19 57;
set Last[169] := 20 58;
set Last[170] := 21 59;
set Last[171] := 26 64;
set Last[172] := 29 67;
set Last[173] := 31 69;
set Last[174] := 33 71;
set Last[175] := 34 72;
set Last[176] := 35 73;
set Last[177] := 36 74;
set Last[178] := 2 40;
set Last[179] := 7 45;
set Last[180] := 8 46;
set Last[181] := 14 52;
set Last[182] := 19 57;
set Last[183] := 31 69;
set Last[184] := 33 71;
set Last[185] := 35 73;
set Last[186] := 2 40;
set Last[187] := 7 45;
set Last[188] := 8 46;
set Last[189] := 31 69;
set Last[190] := 33 71;
set Last[191] := 35 73;
set Last[192] := 2 40;
set Last[193] := 4 42;
set Last[194] := 5 43;
set Last[195] := 7 45;
set Last[196] := 8 46;
set Last[197] := 9 47;
set Last[198] := 13 51;
set Last[199] := 14 52;
set Last[200] := 19 57;
set Last[201] := 20 58;
set Last[202] := 21 59;
set Last[203] := 26 64;
set Last[204] := 29 67;
set Last[205] := 31 69;
set Last[206] := 33 71;
set Last[207] := 34 72;
set Last[208] := 35 73;
set Last[209] := 36 74;
set Last[210] := 2 40;
set Last[211] := 7 45;
set Last[212] := 8 46;
set Last[213] := 13 51;
set Last[214] := 14 52;
set Last[215] := 19 57;
set Last[216] := 31 69;
set Last[217] := 33 71;
set Last[218] := 35 73;
set Last[219] := 2 40;
set Last[220] := 7 45;
set Last[221] := 8 46;
set Last[222] := 13 51;
set Last[223] := 14 52;
set Last[224] := 19 57;
set Last[225] := 20 58;
set Last[226] := 29 67;
set Last[227] := 33 71;
set Last[228] := 34 72;
set Last[229] := 35 73;
set Last[230] := 2 40;
set Last[231] := 7 45;
set Last[232] := 8 46;
set Last[233] := 31 69;
set Last[234] := 33 71;
set Last[235] := 35 73;
set Last[236] := 2 40;
set Last[237] := 35 73;
set Last[238] := 2 40;
set Last[239] := 35 73;
set Last[240] := 2 40;
set Last[241] := 3 41;
set Last[242] := 4 42;
set Last[243] := 5 43;
set Last[244] := 7 45;
set Last[245] := 8 46;
set Last[246] := 9 47;
set Last[247] := 10 48;
set Last[248] := 12 50;
set Last[249] := 13 51;
set Last[250] := 14 52;
set Last[251] := 15 53;
set Last[252] := 17 55;
set Last[253] := 19 57;
set Last[254] := 20 58;
set Last[255] := 21 59;
set Last[256] := 22 60;
set Last[257] := 23 61;
set Last[258] := 24 62;
set Last[259] := 26 64;
set Last[260] := 27 65;
set Last[261] := 28 66;
set Last[262] := 29 67;
set Last[263] := 30 68;
set Last[264] := 31 69;
set Last[265] := 33 71;
set Last[266] := 34 72;
set Last[267] := 36 74;
set Last[268] := 37 75;
set Last[269] := 2 40;
set Last[270] := 35 73;
set Last[271] := 2 40;
set Last[272] := 7 45;
set Last[273] := 8 46;
set Last[274] := 13 51;
set Last[275] := 14 52;
set Last[276] := 19 57;
set Last[277] := 20 58;
set Last[278] := 29 67;
set Last[279] := 31 69;
set Last[280] := 33 71;
set Last[281] := 34 72;
set Last[282] := 35 73;

param q := 5;

end;
