data;

set V := 1 2 3 4 5 6 7 8 9 10 11 12 13 14 15 16 17 18 19 20 21 22 23 24 25 26 27 28 29 30 31 32 33 34 35 36 37 38 39 40 41 42 43 44 45 46 47 48 49 50 51 52 53 54 55 56 57 58 59 60;

set A := 1 2
         1 5
         1 7
         1 13
         1 18
         1 19
         1 20
         1 21
         1 31
         2 1
         2 3
         2 29
         2 32
         3 2
         3 4
         3 22
         3 33
         4 3
         4 34
         5 1
         5 35
         6 7
         6 36
         7 1
         7 6
         7 8
         7 11
         7 14
         7 15
         7 28
         7 37
         8 7
         8 38
         9 11
         9 39
         10 11
         10 40
         11 7
         11 9
         11 10
         11 23
         11 24
         11 25
         11 26
         11 27
         11 41
         12 30
         12 42
         13 1
         13 43
         14 7
         14 44
         15 7
         15 45
         16 22
         16 46
         17 21
         17 47
         18 1
         18 48
         19 1
         19 49
         20 1
         20 50
         21 1
         21 17
         21 30
         21 51
         22 3
         22 16
         22 23
         22 52
         23 11
         23 22
         23 27
         23 53
         24 11
         24 25
         24 26
         24 54
         25 11
         25 24
         25 55
         26 11
         26 24
         26 56
         27 11
         27 23
         27 57
         28 7
         28 58
         29 2
         29 59
         30 12
         30 21
         30 60
         ;

set S := 1 2 3 4 5 6 7 8 9 10 11 12 13 14 15 16 17 18 19 20 21 22 23 24 25 26 27 28 29 30 31 32 33 34 35 36 37 38 39 40 41 42 43 44 45 46 47 48 49 50 51 52 53 54 55 56 57 58 59 60 61 62 63 64 65 66 67 68 69 70 71 72 73 74 75 76 77 78 79 80 81 82 83 84 85 86 87 88 89 90 91 92 93 94 95 96 97 98 99 100 101 102 103 104 105 106 107 108 109 110 111 112 113 114 115 116 117 118 119 120 121 122 123 124 125 126 127 128 129 130 131 132 133 134 135 136 137 138 139 140 141 142 143 144 145 146 147 148 149 150 151 152 153 154 155 156 157 158 159 160 161 162 163 164 165 166 167 168 169 170 171 172 173 174 175 176 177 178 179 180 181 182 183 184 185 186 187 188 189 190 191 192 193 194 195 196 197 198 199 200 201 202 203 204 205 206 207 208 209 210 211 212 213 214 215 216 217 218 219 220 221 222 223 224 225 226 227 228 229 230 231 232 233 234 235 236 237 238 239 240 241 242 243 244 245 246 247 248 249 250 251 252 253 254 255 256 257 258 259 260 261 262 263 264 265 266 267 268 269 270 271 272 273 274 275 276 277 278 279 280 281 282 283 284 285 286 287 288 289 290 291 292 293 294 295 296 297 298 299 300 301 302 303 304 305 306 307 308 309 310 311 312 313 314 315 316 317 318 319 320 321 322 323 324 325 326 327 328 329 330 331 332 333 334 335 336 337 338 339 340 341 342 343 344 345 346 347 348 349 350 351 352 353 354 355 356 357 358 359 360 361 362 363 364 365 366 367 368 369 370 371 372 373 374 375 376 377 378 379 380 381 382 383 384 385 386 387 388 389 390 391 392 393 394 395 396 397 398 399 400 401 402 403 404 405 406 407 408 409 410 411 412 413 414 415 416 417 418 419 420 421 422 423 424 425 426 427 428 429 430 431 432 433 434 435 436 437 438 439 440 441 442 443 444 445 446 447 448 449 450 451 452 453 454 455 456 457 458 459 460 461 462 463 464 465 466 467 468 469 470 471 472 473 474 475 476 477 478 479 480 481 482 483 484 485 486 487 488 489 490 491 492 493 494 495 496 497 498 499 500 501 502 503 504 505 506 507 508 509 510 511 512 513 514 515 516 517 518 519 520 521 522 523 524 525 526 527 528 529 530 531 532 533 534 535 536 537 538 539 540 541 542 543 544 545 546 547 548 549 550 551 552 553 554 555 556 557 558 559 560 561 562 563 564 565 566 567 568 569 570 571 572 573 574 575 576 577 578 579 580 581 582 583 584 585 586 587 588 589 590 591 592 593 594 595 596 597 598 599 600 601 602 603 604 605 606 607 608 609 610 611 612 613 614 615 616 617 618 619 620 621 622 623 624 625 626 627 628 629 630 631 632 633 634 635 636 637 638 639 640 641 642 643 644 645 646 647 648 649 650 651 652 653 654 655 656 657 658 659 660 661 662 663 664 665 666 667 668 669 670 671 672 673 674 675 676 677 678 679 680 681 682 683 684 685 686 687 688 689 690 691 692 693 694 695 696;

set F[1] := 1 2
            2 32
            ;
set F[2] := 1 2
            2 3
            3 33
            ;
set F[3] := 1 2
            2 3
            3 4
            4 34
            ;
set F[4] := 1 5
            5 35
            ;
set F[5] := 1 7
            7 6
            6 36
            ;
set F[6] := 1 7
            7 37
            ;
set F[7] := 1 7
            7 8
            8 38
            ;
set F[8] := 1 7
            7 11
            11 9
            9 39
            ;
set F[9] := 1 7
            7 11
            11 10
            10 40
            ;
set F[10] := 1 7
             7 11
             11 41
             ;
set F[11] := 1 21
             21 30
             30 12
             12 42
             ;
set F[12] := 1 13
             13 43
             ;
set F[13] := 1 7
             7 14
             14 44
             ;
set F[14] := 1 7
             7 15
             15 45
             ;
set F[15] := 1 2
             2 3
             3 22
             22 16
             16 46
             ;
set F[16] := 1 21
             21 17
             17 47
             ;
set F[17] := 1 18
             18 48
             ;
set F[18] := 1 19
             19 49
             ;
set F[19] := 1 21
             21 51
             ;
set F[20] := 1 2
             2 3
             3 22
             22 52
             ;
set F[21] := 1 7
             7 11
             11 23
             23 53
             ;
set F[22] := 1 7
             7 11
             11 24
             24 54
             ;
set F[23] := 1 7
             7 11
             11 25
             25 55
             ;
set F[24] := 1 7
             7 11
             11 26
             26 56
             ;
set F[25] := 1 7
             7 11
             11 27
             27 57
             ;
set F[26] := 1 7
             7 28
             28 58
             ;
set F[27] := 1 2
             2 29
             29 59
             ;
set F[28] := 1 21
             21 30
             30 60
             ;
set F[29] := 2 1
             1 31
             ;
set F[30] := 2 3
             3 33
             ;
set F[31] := 2 3
             3 4
             4 34
             ;
set F[32] := 2 1
             1 5
             5 35
             ;
set F[33] := 2 1
             1 7
             7 6
             6 36
             ;
set F[34] := 2 1
             1 7
             7 37
             ;
set F[35] := 2 1
             1 7
             7 8
             8 38
             ;
set F[36] := 2 1
             1 7
             7 11
             11 9
             9 39
             ;
set F[37] := 2 1
             1 7
             7 11
             11 10
             10 40
             ;
set F[38] := 2 1
             1 7
             7 11
             11 41
             ;
set F[39] := 2 1
             1 21
             21 30
             30 12
             12 42
             ;
set F[40] := 2 1
             1 13
             13 43
             ;
set F[41] := 2 1
             1 7
             7 14
             14 44
             ;
set F[42] := 2 1
             1 7
             7 15
             15 45
             ;
set F[43] := 2 3
             3 22
             22 16
             16 46
             ;
set F[44] := 2 1
             1 21
             21 17
             17 47
             ;
set F[45] := 2 1
             1 18
             18 48
             ;
set F[46] := 2 1
             1 19
             19 49
             ;
set F[47] := 2 1
             1 21
             21 51
             ;
set F[48] := 2 3
             3 22
             22 52
             ;
set F[49] := 2 3
             3 22
             22 23
             23 53
             ;
set F[50] := 2 1
             1 7
             7 11
             11 24
             24 54
             ;
set F[51] := 2 1
             1 7
             7 11
             11 25
             25 55
             ;
set F[52] := 2 1
             1 7
             7 11
             11 26
             26 56
             ;
set F[53] := 2 1
             1 7
             7 11
             11 27
             27 57
             ;
set F[54] := 2 1
             1 7
             7 28
             28 58
             ;
set F[55] := 2 29
             29 59
             ;
set F[56] := 2 1
             1 21
             21 30
             30 60
             ;
set F[57] := 3 2
             2 1
             1 31
             ;
set F[58] := 3 2
             2 32
             ;
set F[59] := 3 4
             4 34
             ;
set F[60] := 3 2
             2 1
             1 5
             5 35
             ;
set F[61] := 3 2
             2 1
             1 7
             7 6
             6 36
             ;
set F[62] := 3 2
             2 1
             1 7
             7 37
             ;
set F[63] := 3 2
             2 1
             1 7
             7 8
             8 38
             ;
set F[64] := 3 22
             22 23
             23 11
             11 9
             9 39
             ;
set F[65] := 3 22
             22 23
             23 11
             11 10
             10 40
             ;
set F[66] := 3 22
             22 23
             23 11
             11 41
             ;
set F[67] := 3 2
             2 1
             1 21
             21 30
             30 12
             12 42
             ;
set F[68] := 3 2
             2 1
             1 13
             13 43
             ;
set F[69] := 3 2
             2 1
             1 7
             7 14
             14 44
             ;
set F[70] := 3 2
             2 1
             1 7
             7 15
             15 45
             ;
set F[71] := 3 22
             22 16
             16 46
             ;
set F[72] := 3 2
             2 1
             1 21
             21 17
             17 47
             ;
set F[73] := 3 2
             2 1
             1 18
             18 48
             ;
set F[74] := 3 2
             2 1
             1 19
             19 49
             ;
set F[75] := 3 2
             2 1
             1 21
             21 51
             ;
set F[76] := 3 22
             22 52
             ;
set F[77] := 3 22
             22 23
             23 53
             ;
set F[78] := 3 22
             22 23
             23 11
             11 24
             24 54
             ;
set F[79] := 3 22
             22 23
             23 11
             11 25
             25 55
             ;
set F[80] := 3 22
             22 23
             23 11
             11 26
             26 56
             ;
set F[81] := 3 22
             22 23
             23 27
             27 57
             ;
set F[82] := 3 2
             2 1
             1 7
             7 28
             28 58
             ;
set F[83] := 3 2
             2 29
             29 59
             ;
set F[84] := 3 2
             2 1
             1 21
             21 30
             30 60
             ;
set F[85] := 4 3
             3 2
             2 1
             1 31
             ;
set F[86] := 4 3
             3 2
             2 32
             ;
set F[87] := 4 3
             3 33
             ;
set F[88] := 4 3
             3 2
             2 1
             1 5
             5 35
             ;
set F[89] := 4 3
             3 2
             2 1
             1 7
             7 6
             6 36
             ;
set F[90] := 4 3
             3 2
             2 1
             1 7
             7 37
             ;
set F[91] := 4 3
             3 2
             2 1
             1 7
             7 8
             8 38
             ;
set F[92] := 4 3
             3 22
             22 23
             23 11
             11 9
             9 39
             ;
set F[93] := 4 3
             3 22
             22 23
             23 11
             11 10
             10 40
             ;
set F[94] := 4 3
             3 22
             22 23
             23 11
             11 41
             ;
set F[95] := 4 3
             3 2
             2 1
             1 21
             21 30
             30 12
             12 42
             ;
set F[96] := 4 3
             3 2
             2 1
             1 13
             13 43
             ;
set F[97] := 4 3
             3 2
             2 1
             1 7
             7 14
             14 44
             ;
set F[98] := 4 3
             3 2
             2 1
             1 7
             7 15
             15 45
             ;
set F[99] := 4 3
             3 22
             22 16
             16 46
             ;
set F[100] := 4 3
              3 2
              2 1
              1 21
              21 17
              17 47
              ;
set F[101] := 4 3
              3 2
              2 1
              1 18
              18 48
              ;
set F[102] := 4 3
              3 2
              2 1
              1 19
              19 49
              ;
set F[103] := 4 3
              3 2
              2 1
              1 21
              21 51
              ;
set F[104] := 4 3
              3 22
              22 52
              ;
set F[105] := 4 3
              3 22
              22 23
              23 53
              ;
set F[106] := 4 3
              3 22
              22 23
              23 11
              11 24
              24 54
              ;
set F[107] := 4 3
              3 22
              22 23
              23 11
              11 25
              25 55
              ;
set F[108] := 4 3
              3 22
              22 23
              23 11
              11 26
              26 56
              ;
set F[109] := 4 3
              3 22
              22 23
              23 27
              27 57
              ;
set F[110] := 4 3
              3 2
              2 1
              1 7
              7 28
              28 58
              ;
set F[111] := 4 3
              3 2
              2 29
              29 59
              ;
set F[112] := 4 3
              3 2
              2 1
              1 21
              21 30
              30 60
              ;
set F[113] := 5 1
              1 31
              ;
set F[114] := 5 1
              1 2
              2 32
              ;
set F[115] := 5 1
              1 2
              2 3
              3 33
              ;
set F[116] := 5 1
              1 2
              2 3
              3 4
              4 34
              ;
set F[117] := 5 1
              1 7
              7 37
              ;
set F[118] := 5 1
              1 7
              7 11
              11 41
              ;
set F[119] := 5 1
              1 7
              7 14
              14 44
              ;
set F[120] := 5 1
              1 7
              7 15
              15 45
              ;
set F[121] := 5 1
              1 18
              18 48
              ;
set F[122] := 5 1
              1 7
              7 11
              11 23
              23 53
              ;
set F[123] := 5 1
              1 7
              7 11
              11 24
              24 54
              ;
set F[124] := 5 1
              1 7
              7 11
              11 26
              26 56
              ;
set F[125] := 5 1
              1 7
              7 28
              28 58
              ;
set F[126] := 6 7
              7 1
              1 31
              ;
set F[127] := 6 7
              7 1
              1 2
              2 3
              3 33
              ;
set F[128] := 6 7
              7 11
              11 41
              ;
set F[129] := 6 7
              7 11
              11 23
              23 53
              ;
set F[130] := 6 7
              7 11
              11 24
              24 54
              ;
set F[131] := 6 7
              7 11
              11 26
              26 56
              ;
set F[132] := 7 1
              1 31
              ;
set F[133] := 7 1
              1 2
              2 32
              ;
set F[134] := 7 1
              1 2
              2 3
              3 33
              ;
set F[135] := 7 1
              1 2
              2 3
              3 4
              4 34
              ;
set F[136] := 7 1
              1 5
              5 35
              ;
set F[137] := 7 6
              6 36
              ;
set F[138] := 7 8
              8 38
              ;
set F[139] := 7 11
              11 9
              9 39
              ;
set F[140] := 7 11
              11 10
              10 40
              ;
set F[141] := 7 11
              11 41
              ;
set F[142] := 7 1
              1 21
              21 30
              30 12
              12 42
              ;
set F[143] := 7 1
              1 13
              13 43
              ;
set F[144] := 7 14
              14 44
              ;
set F[145] := 7 15
              15 45
              ;
set F[146] := 7 11
              11 23
              23 22
              22 16
              16 46
              ;
set F[147] := 7 1
              1 21
              21 17
              17 47
              ;
set F[148] := 7 1
              1 18
              18 48
              ;
set F[149] := 7 1
              1 19
              19 49
              ;
set F[150] := 7 1
              1 20
              20 50
              ;
set F[151] := 7 1
              1 21
              21 51
              ;
set F[152] := 7 11
              11 23
              23 22
              22 52
              ;
set F[153] := 7 11
              11 23
              23 53
              ;
set F[154] := 7 11
              11 24
              24 54
              ;
set F[155] := 7 11
              11 25
              25 55
              ;
set F[156] := 7 11
              11 26
              26 56
              ;
set F[157] := 7 11
              11 27
              27 57
              ;
set F[158] := 7 28
              28 58
              ;
set F[159] := 7 1
              1 2
              2 29
              29 59
              ;
set F[160] := 7 1
              1 21
              21 30
              30 60
              ;
set F[161] := 8 7
              7 1
              1 31
              ;
set F[162] := 8 7
              7 1
              1 2
              2 32
              ;
set F[163] := 8 7
              7 1
              1 2
              2 3
              3 33
              ;
set F[164] := 8 7
              7 1
              1 2
              2 3
              3 4
              4 34
              ;
set F[165] := 8 7
              7 37
              ;
set F[166] := 8 7
              7 11
              11 10
              10 40
              ;
set F[167] := 8 7
              7 11
              11 41
              ;
set F[168] := 8 7
              7 1
              1 13
              13 43
              ;
set F[169] := 8 7
              7 14
              14 44
              ;
set F[170] := 8 7
              7 15
              15 45
              ;
set F[171] := 8 7
              7 1
              1 18
              18 48
              ;
set F[172] := 8 7
              7 11
              11 23
              23 22
              22 52
              ;
set F[173] := 8 7
              7 11
              11 23
              23 53
              ;
set F[174] := 8 7
              7 11
              11 24
              24 54
              ;
set F[175] := 8 7
              7 11
              11 26
              26 56
              ;
set F[176] := 8 7
              7 11
              11 27
              27 57
              ;
set F[177] := 8 7
              7 28
              28 58
              ;
set F[178] := 9 11
              11 7
              7 1
              1 31
              ;
set F[179] := 9 11
              11 7
              7 1
              1 2
              2 32
              ;
set F[180] := 9 11
              11 23
              23 22
              22 3
              3 33
              ;
set F[181] := 9 11
              11 23
              23 22
              22 3
              3 4
              4 34
              ;
set F[182] := 9 11
              11 7
              7 1
              1 5
              5 35
              ;
set F[183] := 9 11
              11 7
              7 37
              ;
set F[184] := 9 11
              11 7
              7 8
              8 38
              ;
set F[185] := 9 11
              11 10
              10 40
              ;
set F[186] := 9 11
              11 41
              ;
set F[187] := 9 11
              11 7
              7 1
              1 13
              13 43
              ;
set F[188] := 9 11
              11 7
              7 14
              14 44
              ;
set F[189] := 9 11
              11 7
              7 15
              15 45
              ;
set F[190] := 9 11
              11 7
              7 1
              1 18
              18 48
              ;
set F[191] := 9 11
              11 7
              7 1
              1 21
              21 51
              ;
set F[192] := 9 11
              11 23
              23 22
              22 52
              ;
set F[193] := 9 11
              11 23
              23 53
              ;
set F[194] := 9 11
              11 24
              24 54
              ;
set F[195] := 9 11
              11 25
              25 55
              ;
set F[196] := 9 11
              11 26
              26 56
              ;
set F[197] := 9 11
              11 27
              27 57
              ;
set F[198] := 9 11
              11 7
              7 28
              28 58
              ;
set F[199] := 9 11
              11 7
              7 1
              1 2
              2 29
              29 59
              ;
set F[200] := 9 11
              11 7
              7 1
              1 21
              21 30
              30 60
              ;
set F[201] := 10 11
              11 7
              7 1
              1 31
              ;
set F[202] := 10 11
              11 7
              7 1
              1 2
              2 32
              ;
set F[203] := 10 11
              11 23
              23 22
              22 3
              3 33
              ;
set F[204] := 10 11
              11 23
              23 22
              22 3
              3 4
              4 34
              ;
set F[205] := 10 11
              11 7
              7 1
              1 5
              5 35
              ;
set F[206] := 10 11
              11 7
              7 37
              ;
set F[207] := 10 11
              11 7
              7 8
              8 38
              ;
set F[208] := 10 11
              11 9
              9 39
              ;
set F[209] := 10 11
              11 41
              ;
set F[210] := 10 11
              11 7
              7 1
              1 21
              21 30
              30 12
              12 42
              ;
set F[211] := 10 11
              11 7
              7 1
              1 13
              13 43
              ;
set F[212] := 10 11
              11 7
              7 14
              14 44
              ;
set F[213] := 10 11
              11 7
              7 15
              15 45
              ;
set F[214] := 10 11
              11 23
              23 22
              22 16
              16 46
              ;
set F[215] := 10 11
              11 7
              7 1
              1 21
              21 17
              17 47
              ;
set F[216] := 10 11
              11 7
              7 1
              1 18
              18 48
              ;
set F[217] := 10 11
              11 7
              7 1
              1 19
              19 49
              ;
set F[218] := 10 11
              11 7
              7 1
              1 21
              21 51
              ;
set F[219] := 10 11
              11 23
              23 22
              22 52
              ;
set F[220] := 10 11
              11 23
              23 53
              ;
set F[221] := 10 11
              11 24
              24 54
              ;
set F[222] := 10 11
              11 25
              25 55
              ;
set F[223] := 10 11
              11 26
              26 56
              ;
set F[224] := 10 11
              11 27
              27 57
              ;
set F[225] := 10 11
              11 7
              7 28
              28 58
              ;
set F[226] := 10 11
              11 7
              7 1
              1 2
              2 29
              29 59
              ;
set F[227] := 10 11
              11 7
              7 1
              1 21
              21 30
              30 60
              ;
set F[228] := 11 7
              7 1
              1 31
              ;
set F[229] := 11 7
              7 1
              1 2
              2 32
              ;
set F[230] := 11 23
              23 22
              22 3
              3 33
              ;
set F[231] := 11 23
              23 22
              22 3
              3 4
              4 34
              ;
set F[232] := 11 7
              7 1
              1 5
              5 35
              ;
set F[233] := 11 7
              7 6
              6 36
              ;
set F[234] := 11 7
              7 37
              ;
set F[235] := 11 7
              7 8
              8 38
              ;
set F[236] := 11 9
              9 39
              ;
set F[237] := 11 10
              10 40
              ;
set F[238] := 11 7
              7 1
              1 21
              21 30
              30 12
              12 42
              ;
set F[239] := 11 7
              7 1
              1 13
              13 43
              ;
set F[240] := 11 7
              7 14
              14 44
              ;
set F[241] := 11 7
              7 15
              15 45
              ;
set F[242] := 11 23
              23 22
              22 16
              16 46
              ;
set F[243] := 11 7
              7 1
              1 21
              21 17
              17 47
              ;
set F[244] := 11 7
              7 1
              1 18
              18 48
              ;
set F[245] := 11 7
              7 1
              1 19
              19 49
              ;
set F[246] := 11 7
              7 1
              1 21
              21 51
              ;
set F[247] := 11 23
              23 22
              22 52
              ;
set F[248] := 11 23
              23 53
              ;
set F[249] := 11 24
              24 54
              ;
set F[250] := 11 25
              25 55
              ;
set F[251] := 11 26
              26 56
              ;
set F[252] := 11 27
              27 57
              ;
set F[253] := 11 7
              7 28
              28 58
              ;
set F[254] := 11 7
              7 1
              1 2
              2 29
              29 59
              ;
set F[255] := 11 7
              7 1
              1 21
              21 30
              30 60
              ;
set F[256] := 12 30
              30 21
              21 1
              1 31
              ;
set F[257] := 12 30
              30 21
              21 1
              1 2
              2 32
              ;
set F[258] := 12 30
              30 21
              21 1
              1 2
              2 3
              3 33
              ;
set F[259] := 12 30
              30 21
              21 1
              1 2
              2 3
              3 4
              4 34
              ;
set F[260] := 12 30
              30 21
              21 1
              1 7
              7 37
              ;
set F[261] := 12 30
              30 21
              21 1
              1 7
              7 11
              11 10
              10 40
              ;
set F[262] := 12 30
              30 21
              21 1
              1 7
              7 11
              11 41
              ;
set F[263] := 12 30
              30 21
              21 1
              1 13
              13 43
              ;
set F[264] := 12 30
              30 21
              21 1
              1 7
              7 14
              14 44
              ;
set F[265] := 12 30
              30 21
              21 1
              1 7
              7 15
              15 45
              ;
set F[266] := 12 30
              30 21
              21 1
              1 18
              18 48
              ;
set F[267] := 12 30
              30 21
              21 51
              ;
set F[268] := 12 30
              30 21
              21 1
              1 2
              2 3
              3 22
              22 52
              ;
set F[269] := 12 30
              30 21
              21 1
              1 7
              7 11
              11 23
              23 53
              ;
set F[270] := 12 30
              30 21
              21 1
              1 7
              7 11
              11 24
              24 54
              ;
set F[271] := 12 30
              30 21
              21 1
              1 7
              7 11
              11 26
              26 56
              ;
set F[272] := 12 30
              30 21
              21 1
              1 7
              7 11
              11 27
              27 57
              ;
set F[273] := 12 30
              30 21
              21 1
              1 7
              7 28
              28 58
              ;
set F[274] := 13 1
              1 31
              ;
set F[275] := 13 1
              1 2
              2 32
              ;
set F[276] := 13 1
              1 2
              2 3
              3 33
              ;
set F[277] := 13 1
              1 2
              2 3
              3 4
              4 34
              ;
set F[278] := 13 1
              1 5
              5 35
              ;
set F[279] := 13 1
              1 7
              7 6
              6 36
              ;
set F[280] := 13 1
              1 7
              7 37
              ;
set F[281] := 13 1
              1 7
              7 8
              8 38
              ;
set F[282] := 13 1
              1 7
              7 11
              11 9
              9 39
              ;
set F[283] := 13 1
              1 7
              7 11
              11 10
              10 40
              ;
set F[284] := 13 1
              1 7
              7 11
              11 41
              ;
set F[285] := 13 1
              1 21
              21 30
              30 12
              12 42
              ;
set F[286] := 13 1
              1 7
              7 14
              14 44
              ;
set F[287] := 13 1
              1 7
              7 15
              15 45
              ;
set F[288] := 13 1
              1 2
              2 3
              3 22
              22 16
              16 46
              ;
set F[289] := 13 1
              1 21
              21 17
              17 47
              ;
set F[290] := 13 1
              1 18
              18 48
              ;
set F[291] := 13 1
              1 19
              19 49
              ;
set F[292] := 13 1
              1 21
              21 51
              ;
set F[293] := 13 1
              1 2
              2 3
              3 22
              22 52
              ;
set F[294] := 13 1
              1 7
              7 11
              11 23
              23 53
              ;
set F[295] := 13 1
              1 7
              7 11
              11 24
              24 54
              ;
set F[296] := 13 1
              1 7
              7 11
              11 25
              25 55
              ;
set F[297] := 13 1
              1 7
              7 11
              11 26
              26 56
              ;
set F[298] := 13 1
              1 7
              7 11
              11 27
              27 57
              ;
set F[299] := 13 1
              1 7
              7 28
              28 58
              ;
set F[300] := 13 1
              1 2
              2 29
              29 59
              ;
set F[301] := 13 1
              1 21
              21 30
              30 60
              ;
set F[302] := 14 7
              7 1
              1 31
              ;
set F[303] := 14 7
              7 1
              1 2
              2 32
              ;
set F[304] := 14 7
              7 1
              1 2
              2 3
              3 33
              ;
set F[305] := 14 7
              7 1
              1 2
              2 3
              3 4
              4 34
              ;
set F[306] := 14 7
              7 1
              1 5
              5 35
              ;
set F[307] := 14 7
              7 6
              6 36
              ;
set F[308] := 14 7
              7 37
              ;
set F[309] := 14 7
              7 8
              8 38
              ;
set F[310] := 14 7
              7 11
              11 9
              9 39
              ;
set F[311] := 14 7
              7 11
              11 10
              10 40
              ;
set F[312] := 14 7
              7 11
              11 41
              ;
set F[313] := 14 7
              7 1
              1 21
              21 30
              30 12
              12 42
              ;
set F[314] := 14 7
              7 1
              1 13
              13 43
              ;
set F[315] := 14 7
              7 15
              15 45
              ;
set F[316] := 14 7
              7 11
              11 23
              23 22
              22 16
              16 46
              ;
set F[317] := 14 7
              7 1
              1 21
              21 17
              17 47
              ;
set F[318] := 14 7
              7 1
              1 18
              18 48
              ;
set F[319] := 14 7
              7 1
              1 19
              19 49
              ;
set F[320] := 14 7
              7 1
              1 21
              21 51
              ;
set F[321] := 14 7
              7 11
              11 23
              23 22
              22 52
              ;
set F[322] := 14 7
              7 11
              11 23
              23 53
              ;
set F[323] := 14 7
              7 11
              11 24
              24 54
              ;
set F[324] := 14 7
              7 11
              11 25
              25 55
              ;
set F[325] := 14 7
              7 11
              11 26
              26 56
              ;
set F[326] := 14 7
              7 11
              11 27
              27 57
              ;
set F[327] := 14 7
              7 28
              28 58
              ;
set F[328] := 14 7
              7 1
              1 2
              2 29
              29 59
              ;
set F[329] := 14 7
              7 1
              1 21
              21 30
              30 60
              ;
set F[330] := 15 7
              7 1
              1 31
              ;
set F[331] := 15 7
              7 1
              1 2
              2 32
              ;
set F[332] := 15 7
              7 1
              1 2
              2 3
              3 33
              ;
set F[333] := 15 7
              7 1
              1 2
              2 3
              3 4
              4 34
              ;
set F[334] := 15 7
              7 1
              1 5
              5 35
              ;
set F[335] := 15 7
              7 6
              6 36
              ;
set F[336] := 15 7
              7 37
              ;
set F[337] := 15 7
              7 8
              8 38
              ;
set F[338] := 15 7
              7 11
              11 9
              9 39
              ;
set F[339] := 15 7
              7 11
              11 10
              10 40
              ;
set F[340] := 15 7
              7 11
              11 41
              ;
set F[341] := 15 7
              7 1
              1 21
              21 30
              30 12
              12 42
              ;
set F[342] := 15 7
              7 1
              1 13
              13 43
              ;
set F[343] := 15 7
              7 14
              14 44
              ;
set F[344] := 15 7
              7 11
              11 23
              23 22
              22 16
              16 46
              ;
set F[345] := 15 7
              7 1
              1 21
              21 17
              17 47
              ;
set F[346] := 15 7
              7 1
              1 18
              18 48
              ;
set F[347] := 15 7
              7 1
              1 19
              19 49
              ;
set F[348] := 15 7
              7 1
              1 21
              21 51
              ;
set F[349] := 15 7
              7 11
              11 23
              23 22
              22 52
              ;
set F[350] := 15 7
              7 11
              11 23
              23 53
              ;
set F[351] := 15 7
              7 11
              11 24
              24 54
              ;
set F[352] := 15 7
              7 11
              11 25
              25 55
              ;
set F[353] := 15 7
              7 11
              11 26
              26 56
              ;
set F[354] := 15 7
              7 11
              11 27
              27 57
              ;
set F[355] := 15 7
              7 28
              28 58
              ;
set F[356] := 15 7
              7 1
              1 2
              2 29
              29 59
              ;
set F[357] := 15 7
              7 1
              1 21
              21 30
              30 60
              ;
set F[358] := 16 22
              22 3
              3 2
              2 1
              1 31
              ;
set F[359] := 16 22
              22 3
              3 2
              2 32
              ;
set F[360] := 16 22
              22 3
              3 33
              ;
set F[361] := 16 22
              22 3
              3 4
              4 34
              ;
set F[362] := 16 22
              22 3
              3 2
              2 1
              1 5
              5 35
              ;
set F[363] := 16 22
              22 23
              23 11
              11 7
              7 37
              ;
set F[364] := 16 22
              22 23
              23 11
              11 7
              7 8
              8 38
              ;
set F[365] := 16 22
              22 23
              23 11
              11 10
              10 40
              ;
set F[366] := 16 22
              22 23
              23 11
              11 41
              ;
set F[367] := 16 22
              22 3
              3 2
              2 1
              1 13
              13 43
              ;
set F[368] := 16 22
              22 23
              23 11
              11 7
              7 14
              14 44
              ;
set F[369] := 16 22
              22 23
              23 11
              11 7
              7 15
              15 45
              ;
set F[370] := 16 22
              22 3
              3 2
              2 1
              1 18
              18 48
              ;
set F[371] := 16 22
              22 3
              3 2
              2 1
              1 21
              21 51
              ;
set F[372] := 16 22
              22 52
              ;
set F[373] := 16 22
              22 23
              23 53
              ;
set F[374] := 16 22
              22 23
              23 11
              11 24
              24 54
              ;
set F[375] := 16 22
              22 23
              23 11
              11 25
              25 55
              ;
set F[376] := 16 22
              22 23
              23 11
              11 26
              26 56
              ;
set F[377] := 16 22
              22 23
              23 27
              27 57
              ;
set F[378] := 16 22
              22 23
              23 11
              11 7
              7 28
              28 58
              ;
set F[379] := 16 22
              22 3
              3 2
              2 29
              29 59
              ;
set F[380] := 16 22
              22 3
              3 2
              2 1
              1 21
              21 30
              30 60
              ;
set F[381] := 17 21
              21 1
              1 31
              ;
set F[382] := 17 21
              21 1
              1 2
              2 32
              ;
set F[383] := 17 21
              21 1
              1 2
              2 3
              3 33
              ;
set F[384] := 17 21
              21 1
              1 2
              2 3
              3 4
              4 34
              ;
set F[385] := 17 21
              21 1
              1 7
              7 37
              ;
set F[386] := 17 21
              21 1
              1 7
              7 11
              11 10
              10 40
              ;
set F[387] := 17 21
              21 1
              1 7
              7 11
              11 41
              ;
set F[388] := 17 21
              21 1
              1 13
              13 43
              ;
set F[389] := 17 21
              21 1
              1 7
              7 14
              14 44
              ;
set F[390] := 17 21
              21 1
              1 7
              7 15
              15 45
              ;
set F[391] := 17 21
              21 1
              1 18
              18 48
              ;
set F[392] := 17 21
              21 1
              1 2
              2 3
              3 22
              22 52
              ;
set F[393] := 17 21
              21 1
              1 7
              7 11
              11 23
              23 53
              ;
set F[394] := 17 21
              21 1
              1 7
              7 11
              11 24
              24 54
              ;
set F[395] := 17 21
              21 1
              1 7
              7 11
              11 26
              26 56
              ;
set F[396] := 17 21
              21 1
              1 7
              7 11
              11 27
              27 57
              ;
set F[397] := 17 21
              21 1
              1 7
              7 28
              28 58
              ;
set F[398] := 18 1
              1 31
              ;
set F[399] := 18 1
              1 2
              2 32
              ;
set F[400] := 18 1
              1 2
              2 3
              3 33
              ;
set F[401] := 18 1
              1 2
              2 3
              3 4
              4 34
              ;
set F[402] := 18 1
              1 5
              5 35
              ;
set F[403] := 18 1
              1 7
              7 37
              ;
set F[404] := 18 1
              1 7
              7 8
              8 38
              ;
set F[405] := 18 1
              1 7
              7 11
              11 9
              9 39
              ;
set F[406] := 18 1
              1 7
              7 11
              11 10
              10 40
              ;
set F[407] := 18 1
              1 7
              7 11
              11 41
              ;
set F[408] := 18 1
              1 21
              21 30
              30 12
              12 42
              ;
set F[409] := 18 1
              1 13
              13 43
              ;
set F[410] := 18 1
              1 7
              7 14
              14 44
              ;
set F[411] := 18 1
              1 7
              7 15
              15 45
              ;
set F[412] := 18 1
              1 2
              2 3
              3 22
              22 16
              16 46
              ;
set F[413] := 18 1
              1 21
              21 17
              17 47
              ;
set F[414] := 18 1
              1 19
              19 49
              ;
set F[415] := 18 1
              1 21
              21 51
              ;
set F[416] := 18 1
              1 2
              2 3
              3 22
              22 52
              ;
set F[417] := 18 1
              1 7
              7 11
              11 23
              23 53
              ;
set F[418] := 18 1
              1 7
              7 11
              11 24
              24 54
              ;
set F[419] := 18 1
              1 7
              7 11
              11 25
              25 55
              ;
set F[420] := 18 1
              1 7
              7 11
              11 26
              26 56
              ;
set F[421] := 18 1
              1 7
              7 11
              11 27
              27 57
              ;
set F[422] := 18 1
              1 7
              7 28
              28 58
              ;
set F[423] := 18 1
              1 2
              2 29
              29 59
              ;
set F[424] := 18 1
              1 21
              21 30
              30 60
              ;
set F[425] := 19 1
              1 31
              ;
set F[426] := 19 1
              1 2
              2 32
              ;
set F[427] := 19 1
              1 2
              2 3
              3 33
              ;
set F[428] := 19 1
              1 2
              2 3
              3 4
              4 34
              ;
set F[429] := 19 1
              1 7
              7 37
              ;
set F[430] := 19 1
              1 7
              7 11
              11 10
              10 40
              ;
set F[431] := 19 1
              1 7
              7 11
              11 41
              ;
set F[432] := 19 1
              1 13
              13 43
              ;
set F[433] := 19 1
              1 7
              7 14
              14 44
              ;
set F[434] := 19 1
              1 7
              7 15
              15 45
              ;
set F[435] := 19 1
              1 18
              18 48
              ;
set F[436] := 19 1
              1 2
              2 3
              3 22
              22 52
              ;
set F[437] := 19 1
              1 7
              7 11
              11 23
              23 53
              ;
set F[438] := 19 1
              1 7
              7 11
              11 24
              24 54
              ;
set F[439] := 19 1
              1 7
              7 11
              11 26
              26 56
              ;
set F[440] := 19 1
              1 7
              7 11
              11 27
              27 57
              ;
set F[441] := 19 1
              1 7
              7 28
              28 58
              ;
set F[442] := 20 1
              1 31
              ;
set F[443] := 20 1
              1 2
              2 32
              ;
set F[444] := 20 1
              1 2
              2 3
              3 33
              ;
set F[445] := 20 1
              1 2
              2 3
              3 4
              4 34
              ;
set F[446] := 20 1
              1 7
              7 37
              ;
set F[447] := 20 1
              1 7
              7 11
              11 10
              10 40
              ;
set F[448] := 20 1
              1 7
              7 11
              11 41
              ;
set F[449] := 20 1
              1 7
              7 14
              14 44
              ;
set F[450] := 20 1
              1 7
              7 15
              15 45
              ;
set F[451] := 20 1
              1 18
              18 48
              ;
set F[452] := 20 1
              1 7
              7 11
              11 23
              23 53
              ;
set F[453] := 20 1
              1 7
              7 11
              11 24
              24 54
              ;
set F[454] := 20 1
              1 7
              7 11
              11 26
              26 56
              ;
set F[455] := 20 1
              1 7
              7 11
              11 27
              27 57
              ;
set F[456] := 20 1
              1 7
              7 28
              28 58
              ;
set F[457] := 21 1
              1 31
              ;
set F[458] := 21 1
              1 2
              2 32
              ;
set F[459] := 21 1
              1 2
              2 3
              3 33
              ;
set F[460] := 21 1
              1 2
              2 3
              3 4
              4 34
              ;
set F[461] := 21 1
              1 5
              5 35
              ;
set F[462] := 21 1
              1 7
              7 37
              ;
set F[463] := 21 1
              1 7
              7 8
              8 38
              ;
set F[464] := 21 1
              1 7
              7 11
              11 9
              9 39
              ;
set F[465] := 21 1
              1 7
              7 11
              11 10
              10 40
              ;
set F[466] := 21 1
              1 7
              7 11
              11 41
              ;
set F[467] := 21 30
              30 12
              12 42
              ;
set F[468] := 21 1
              1 13
              13 43
              ;
set F[469] := 21 1
              1 7
              7 14
              14 44
              ;
set F[470] := 21 1
              1 7
              7 15
              15 45
              ;
set F[471] := 21 1
              1 2
              2 3
              3 22
              22 16
              16 46
              ;
set F[472] := 21 17
              17 47
              ;
set F[473] := 21 1
              1 18
              18 48
              ;
set F[474] := 21 1
              1 19
              19 49
              ;
set F[475] := 21 1
              1 2
              2 3
              3 22
              22 52
              ;
set F[476] := 21 1
              1 7
              7 11
              11 23
              23 53
              ;
set F[477] := 21 1
              1 7
              7 11
              11 24
              24 54
              ;
set F[478] := 21 1
              1 7
              7 11
              11 25
              25 55
              ;
set F[479] := 21 1
              1 7
              7 11
              11 26
              26 56
              ;
set F[480] := 21 1
              1 7
              7 11
              11 27
              27 57
              ;
set F[481] := 21 1
              1 7
              7 28
              28 58
              ;
set F[482] := 21 1
              1 2
              2 29
              29 59
              ;
set F[483] := 21 30
              30 60
              ;
set F[484] := 22 3
              3 2
              2 1
              1 31
              ;
set F[485] := 22 3
              3 2
              2 32
              ;
set F[486] := 22 3
              3 33
              ;
set F[487] := 22 3
              3 4
              4 34
              ;
set F[488] := 22 3
              3 2
              2 1
              1 5
              5 35
              ;
set F[489] := 22 23
              23 11
              11 7
              7 37
              ;
set F[490] := 22 23
              23 11
              11 7
              7 8
              8 38
              ;
set F[491] := 22 23
              23 11
              11 10
              10 40
              ;
set F[492] := 22 23
              23 11
              11 41
              ;
set F[493] := 22 3
              3 2
              2 1
              1 21
              21 30
              30 12
              12 42
              ;
set F[494] := 22 3
              3 2
              2 1
              1 13
              13 43
              ;
set F[495] := 22 23
              23 11
              11 7
              7 14
              14 44
              ;
set F[496] := 22 23
              23 11
              11 7
              7 15
              15 45
              ;
set F[497] := 22 16
              16 46
              ;
set F[498] := 22 3
              3 2
              2 1
              1 18
              18 48
              ;
set F[499] := 22 3
              3 2
              2 1
              1 21
              21 51
              ;
set F[500] := 22 23
              23 53
              ;
set F[501] := 22 23
              23 11
              11 24
              24 54
              ;
set F[502] := 22 23
              23 11
              11 25
              25 55
              ;
set F[503] := 22 23
              23 11
              11 26
              26 56
              ;
set F[504] := 22 23
              23 27
              27 57
              ;
set F[505] := 22 23
              23 11
              11 7
              7 28
              28 58
              ;
set F[506] := 22 3
              3 2
              2 29
              29 59
              ;
set F[507] := 22 3
              3 2
              2 1
              1 21
              21 30
              30 60
              ;
set F[508] := 23 11
              11 7
              7 1
              1 31
              ;
set F[509] := 23 22
              22 3
              3 2
              2 32
              ;
set F[510] := 23 22
              22 3
              3 33
              ;
set F[511] := 23 22
              22 3
              3 4
              4 34
              ;
set F[512] := 23 11
              11 7
              7 1
              1 5
              5 35
              ;
set F[513] := 23 11
              11 7
              7 6
              6 36
              ;
set F[514] := 23 11
              11 7
              7 37
              ;
set F[515] := 23 11
              11 7
              7 8
              8 38
              ;
set F[516] := 23 11
              11 9
              9 39
              ;
set F[517] := 23 11
              11 10
              10 40
              ;
set F[518] := 23 11
              11 41
              ;
set F[519] := 23 11
              11 7
              7 1
              1 21
              21 30
              30 12
              12 42
              ;
set F[520] := 23 11
              11 7
              7 1
              1 13
              13 43
              ;
set F[521] := 23 11
              11 7
              7 14
              14 44
              ;
set F[522] := 23 11
              11 7
              7 15
              15 45
              ;
set F[523] := 23 22
              22 16
              16 46
              ;
set F[524] := 23 11
              11 7
              7 1
              1 21
              21 17
              17 47
              ;
set F[525] := 23 11
              11 7
              7 1
              1 18
              18 48
              ;
set F[526] := 23 11
              11 7
              7 1
              1 19
              19 49
              ;
set F[527] := 23 11
              11 7
              7 1
              1 21
              21 51
              ;
set F[528] := 23 22
              22 52
              ;
set F[529] := 23 11
              11 24
              24 54
              ;
set F[530] := 23 11
              11 25
              25 55
              ;
set F[531] := 23 11
              11 26
              26 56
              ;
set F[532] := 23 27
              27 57
              ;
set F[533] := 23 11
              11 7
              7 28
              28 58
              ;
set F[534] := 23 22
              22 3
              3 2
              2 29
              29 59
              ;
set F[535] := 23 11
              11 7
              7 1
              1 21
              21 30
              30 60
              ;
set F[536] := 24 11
              11 7
              7 1
              1 31
              ;
set F[537] := 24 11
              11 7
              7 1
              1 2
              2 32
              ;
set F[538] := 24 11
              11 23
              23 22
              22 3
              3 33
              ;
set F[539] := 24 11
              11 23
              23 22
              22 3
              3 4
              4 34
              ;
set F[540] := 24 11
              11 7
              7 1
              1 5
              5 35
              ;
set F[541] := 24 11
              11 7
              7 6
              6 36
              ;
set F[542] := 24 11
              11 7
              7 37
              ;
set F[543] := 24 11
              11 7
              7 8
              8 38
              ;
set F[544] := 24 11
              11 9
              9 39
              ;
set F[545] := 24 11
              11 10
              10 40
              ;
set F[546] := 24 11
              11 41
              ;
set F[547] := 24 11
              11 7
              7 1
              1 21
              21 30
              30 12
              12 42
              ;
set F[548] := 24 11
              11 7
              7 1
              1 13
              13 43
              ;
set F[549] := 24 11
              11 7
              7 14
              14 44
              ;
set F[550] := 24 11
              11 7
              7 15
              15 45
              ;
set F[551] := 24 11
              11 23
              23 22
              22 16
              16 46
              ;
set F[552] := 24 11
              11 7
              7 1
              1 21
              21 17
              17 47
              ;
set F[553] := 24 11
              11 7
              7 1
              1 18
              18 48
              ;
set F[554] := 24 11
              11 7
              7 1
              1 19
              19 49
              ;
set F[555] := 24 11
              11 7
              7 1
              1 21
              21 51
              ;
set F[556] := 24 11
              11 23
              23 22
              22 52
              ;
set F[557] := 24 11
              11 23
              23 53
              ;
set F[558] := 24 25
              25 55
              ;
set F[559] := 24 26
              26 56
              ;
set F[560] := 24 11
              11 27
              27 57
              ;
set F[561] := 24 11
              11 7
              7 28
              28 58
              ;
set F[562] := 24 11
              11 7
              7 1
              1 2
              2 29
              29 59
              ;
set F[563] := 24 11
              11 7
              7 1
              1 21
              21 30
              30 60
              ;
set F[564] := 25 11
              11 7
              7 1
              1 31
              ;
set F[565] := 25 11
              11 7
              7 1
              1 2
              2 32
              ;
set F[566] := 25 11
              11 23
              23 22
              22 3
              3 33
              ;
set F[567] := 25 11
              11 23
              23 22
              22 3
              3 4
              4 34
              ;
set F[568] := 25 11
              11 7
              7 37
              ;
set F[569] := 25 11
              11 10
              10 40
              ;
set F[570] := 25 11
              11 41
              ;
set F[571] := 25 11
              11 7
              7 1
              1 13
              13 43
              ;
set F[572] := 25 11
              11 7
              7 14
              14 44
              ;
set F[573] := 25 11
              11 7
              7 15
              15 45
              ;
set F[574] := 25 11
              11 7
              7 1
              1 18
              18 48
              ;
set F[575] := 25 11
              11 23
              23 53
              ;
set F[576] := 25 24
              24 54
              ;
set F[577] := 25 11
              11 26
              26 56
              ;
set F[578] := 25 11
              11 27
              27 57
              ;
set F[579] := 25 11
              11 7
              7 28
              28 58
              ;
set F[580] := 26 11
              11 7
              7 1
              1 31
              ;
set F[581] := 26 11
              11 7
              7 1
              1 2
              2 32
              ;
set F[582] := 26 11
              11 23
              23 22
              22 3
              3 33
              ;
set F[583] := 26 11
              11 23
              23 22
              22 3
              3 4
              4 34
              ;
set F[584] := 26 11
              11 7
              7 1
              1 5
              5 35
              ;
set F[585] := 26 11
              11 7
              7 6
              6 36
              ;
set F[586] := 26 11
              11 7
              7 37
              ;
set F[587] := 26 11
              11 7
              7 8
              8 38
              ;
set F[588] := 26 11
              11 9
              9 39
              ;
set F[589] := 26 11
              11 10
              10 40
              ;
set F[590] := 26 11
              11 41
              ;
set F[591] := 26 11
              11 7
              7 1
              1 21
              21 30
              30 12
              12 42
              ;
set F[592] := 26 11
              11 7
              7 1
              1 13
              13 43
              ;
set F[593] := 26 11
              11 7
              7 14
              14 44
              ;
set F[594] := 26 11
              11 7
              7 15
              15 45
              ;
set F[595] := 26 11
              11 23
              23 22
              22 16
              16 46
              ;
set F[596] := 26 11
              11 7
              7 1
              1 21
              21 17
              17 47
              ;
set F[597] := 26 11
              11 7
              7 1
              1 18
              18 48
              ;
set F[598] := 26 11
              11 7
              7 1
              1 19
              19 49
              ;
set F[599] := 26 11
              11 7
              7 1
              1 21
              21 51
              ;
set F[600] := 26 11
              11 23
              23 22
              22 52
              ;
set F[601] := 26 11
              11 23
              23 53
              ;
set F[602] := 26 24
              24 54
              ;
set F[603] := 26 11
              11 25
              25 55
              ;
set F[604] := 26 11
              11 27
              27 57
              ;
set F[605] := 26 11
              11 7
              7 28
              28 58
              ;
set F[606] := 26 11
              11 7
              7 1
              1 2
              2 29
              29 59
              ;
set F[607] := 26 11
              11 7
              7 1
              1 21
              21 30
              30 60
              ;
set F[608] := 27 11
              11 7
              7 1
              1 31
              ;
set F[609] := 27 11
              11 7
              7 1
              1 2
              2 32
              ;
set F[610] := 27 23
              23 22
              22 3
              3 33
              ;
set F[611] := 27 23
              23 22
              22 3
              3 4
              4 34
              ;
set F[612] := 27 11
              11 7
              7 1
              1 5
              5 35
              ;
set F[613] := 27 11
              11 7
              7 6
              6 36
              ;
set F[614] := 27 11
              11 7
              7 37
              ;
set F[615] := 27 11
              11 7
              7 8
              8 38
              ;
set F[616] := 27 11
              11 9
              9 39
              ;
set F[617] := 27 11
              11 10
              10 40
              ;
set F[618] := 27 11
              11 41
              ;
set F[619] := 27 11
              11 7
              7 1
              1 21
              21 30
              30 12
              12 42
              ;
set F[620] := 27 11
              11 7
              7 1
              1 13
              13 43
              ;
set F[621] := 27 11
              11 7
              7 14
              14 44
              ;
set F[622] := 27 11
              11 7
              7 15
              15 45
              ;
set F[623] := 27 23
              23 22
              22 16
              16 46
              ;
set F[624] := 27 11
              11 7
              7 1
              1 21
              21 17
              17 47
              ;
set F[625] := 27 11
              11 7
              7 1
              1 18
              18 48
              ;
set F[626] := 27 11
              11 7
              7 1
              1 19
              19 49
              ;
set F[627] := 27 11
              11 7
              7 1
              1 21
              21 51
              ;
set F[628] := 27 23
              23 22
              22 52
              ;
set F[629] := 27 23
              23 53
              ;
set F[630] := 27 11
              11 24
              24 54
              ;
set F[631] := 27 11
              11 25
              25 55
              ;
set F[632] := 27 11
              11 26
              26 56
              ;
set F[633] := 27 11
              11 7
              7 28
              28 58
              ;
set F[634] := 27 11
              11 7
              7 1
              1 2
              2 29
              29 59
              ;
set F[635] := 27 11
              11 7
              7 1
              1 21
              21 30
              30 60
              ;
set F[636] := 28 7
              7 1
              1 31
              ;
set F[637] := 28 7
              7 1
              1 2
              2 32
              ;
set F[638] := 28 7
              7 1
              1 2
              2 3
              3 33
              ;
set F[639] := 28 7
              7 1
              1 2
              2 3
              3 4
              4 34
              ;
set F[640] := 28 7
              7 1
              1 5
              5 35
              ;
set F[641] := 28 7
              7 37
              ;
set F[642] := 28 7
              7 8
              8 38
              ;
set F[643] := 28 7
              7 11
              11 10
              10 40
              ;
set F[644] := 28 7
              7 11
              11 41
              ;
set F[645] := 28 7
              7 1
              1 13
              13 43
              ;
set F[646] := 28 7
              7 14
              14 44
              ;
set F[647] := 28 7
              7 15
              15 45
              ;
set F[648] := 28 7
              7 1
              1 18
              18 48
              ;
set F[649] := 28 7
              7 1
              1 21
              21 51
              ;
set F[650] := 28 7
              7 11
              11 23
              23 22
              22 52
              ;
set F[651] := 28 7
              7 11
              11 23
              23 53
              ;
set F[652] := 28 7
              7 11
              11 24
              24 54
              ;
set F[653] := 28 7
              7 11
              11 25
              25 55
              ;
set F[654] := 28 7
              7 11
              11 26
              26 56
              ;
set F[655] := 28 7
              7 11
              11 27
              27 57
              ;
set F[656] := 28 7
              7 1
              1 2
              2 29
              29 59
              ;
set F[657] := 28 7
              7 1
              1 21
              21 30
              30 60
              ;
set F[658] := 29 2
              2 1
              1 31
              ;
set F[659] := 29 2
              2 32
              ;
set F[660] := 29 2
              2 3
              3 33
              ;
set F[661] := 29 2
              2 3
              3 4
              4 34
              ;
set F[662] := 29 2
              2 1
              1 5
              5 35
              ;
set F[663] := 29 2
              2 1
              1 7
              7 37
              ;
set F[664] := 29 2
              2 1
              1 7
              7 8
              8 38
              ;
set F[665] := 29 2
              2 1
              1 7
              7 11
              11 10
              10 40
              ;
set F[666] := 29 2
              2 1
              1 7
              7 11
              11 41
              ;
set F[667] := 29 2
              2 1
              1 13
              13 43
              ;
set F[668] := 29 2
              2 1
              1 7
              7 14
              14 44
              ;
set F[669] := 29 2
              2 1
              1 7
              7 15
              15 45
              ;
set F[670] := 29 2
              2 1
              1 18
              18 48
              ;
set F[671] := 29 2
              2 1
              1 21
              21 51
              ;
set F[672] := 29 2
              2 3
              3 22
              22 52
              ;
set F[673] := 29 2
              2 3
              3 22
              22 23
              23 53
              ;
set F[674] := 29 2
              2 1
              1 7
              7 11
              11 24
              24 54
              ;
set F[675] := 29 2
              2 1
              1 7
              7 11
              11 25
              25 55
              ;
set F[676] := 29 2
              2 1
              1 7
              7 11
              11 26
              26 56
              ;
set F[677] := 29 2
              2 1
              1 7
              7 11
              11 27
              27 57
              ;
set F[678] := 29 2
              2 1
              1 7
              7 28
              28 58
              ;
set F[679] := 29 2
              2 1
              1 21
              21 30
              30 60
              ;
set F[680] := 30 21
              21 1
              1 31
              ;
set F[681] := 30 21
              21 1
              1 2
              2 32
              ;
set F[682] := 30 21
              21 1
              1 2
              2 3
              3 33
              ;
set F[683] := 30 21
              21 1
              1 2
              2 3
              3 4
              4 34
              ;
set F[684] := 30 21
              21 1
              1 7
              7 37
              ;
set F[685] := 30 21
              21 1
              1 7
              7 11
              11 10
              10 40
              ;
set F[686] := 30 21
              21 1
              1 7
              7 11
              11 41
              ;
set F[687] := 30 21
              21 1
              1 13
              13 43
              ;
set F[688] := 30 21
              21 1
              1 7
              7 14
              14 44
              ;
set F[689] := 30 21
              21 1
              1 7
              7 15
              15 45
              ;
set F[690] := 30 21
              21 1
              1 18
              18 48
              ;
set F[691] := 30 21
              21 1
              1 2
              2 3
              3 22
              22 52
              ;
set F[692] := 30 21
              21 1
              1 7
              7 11
              11 23
              23 53
              ;
set F[693] := 30 21
              21 1
              1 7
              7 11
              11 24
              24 54
              ;
set F[694] := 30 21
              21 1
              1 7
              7 11
              11 26
              26 56
              ;
set F[695] := 30 21
              21 1
              1 7
              7 11
              11 27
              27 57
              ;
set F[696] := 30 21
              21 1
              1 7
              7 28
              28 58
              ;
set Last[1] := 2 32;
set Last[2] := 3 33;
set Last[3] := 4 34;
set Last[4] := 5 35;
set Last[5] := 6 36;
set Last[6] := 7 37;
set Last[7] := 8 38;
set Last[8] := 9 39;
set Last[9] := 10 40;
set Last[10] := 11 41;
set Last[11] := 12 42;
set Last[12] := 13 43;
set Last[13] := 14 44;
set Last[14] := 15 45;
set Last[15] := 16 46;
set Last[16] := 17 47;
set Last[17] := 18 48;
set Last[18] := 19 49;
set Last[19] := 21 51;
set Last[20] := 22 52;
set Last[21] := 23 53;
set Last[22] := 24 54;
set Last[23] := 25 55;
set Last[24] := 26 56;
set Last[25] := 27 57;
set Last[26] := 28 58;
set Last[27] := 29 59;
set Last[28] := 30 60;
set Last[29] := 1 31;
set Last[30] := 3 33;
set Last[31] := 4 34;
set Last[32] := 5 35;
set Last[33] := 6 36;
set Last[34] := 7 37;
set Last[35] := 8 38;
set Last[36] := 9 39;
set Last[37] := 10 40;
set Last[38] := 11 41;
set Last[39] := 12 42;
set Last[40] := 13 43;
set Last[41] := 14 44;
set Last[42] := 15 45;
set Last[43] := 16 46;
set Last[44] := 17 47;
set Last[45] := 18 48;
set Last[46] := 19 49;
set Last[47] := 21 51;
set Last[48] := 22 52;
set Last[49] := 23 53;
set Last[50] := 24 54;
set Last[51] := 25 55;
set Last[52] := 26 56;
set Last[53] := 27 57;
set Last[54] := 28 58;
set Last[55] := 29 59;
set Last[56] := 30 60;
set Last[57] := 1 31;
set Last[58] := 2 32;
set Last[59] := 4 34;
set Last[60] := 5 35;
set Last[61] := 6 36;
set Last[62] := 7 37;
set Last[63] := 8 38;
set Last[64] := 9 39;
set Last[65] := 10 40;
set Last[66] := 11 41;
set Last[67] := 12 42;
set Last[68] := 13 43;
set Last[69] := 14 44;
set Last[70] := 15 45;
set Last[71] := 16 46;
set Last[72] := 17 47;
set Last[73] := 18 48;
set Last[74] := 19 49;
set Last[75] := 21 51;
set Last[76] := 22 52;
set Last[77] := 23 53;
set Last[78] := 24 54;
set Last[79] := 25 55;
set Last[80] := 26 56;
set Last[81] := 27 57;
set Last[82] := 28 58;
set Last[83] := 29 59;
set Last[84] := 30 60;
set Last[85] := 1 31;
set Last[86] := 2 32;
set Last[87] := 3 33;
set Last[88] := 5 35;
set Last[89] := 6 36;
set Last[90] := 7 37;
set Last[91] := 8 38;
set Last[92] := 9 39;
set Last[93] := 10 40;
set Last[94] := 11 41;
set Last[95] := 12 42;
set Last[96] := 13 43;
set Last[97] := 14 44;
set Last[98] := 15 45;
set Last[99] := 16 46;
set Last[100] := 17 47;
set Last[101] := 18 48;
set Last[102] := 19 49;
set Last[103] := 21 51;
set Last[104] := 22 52;
set Last[105] := 23 53;
set Last[106] := 24 54;
set Last[107] := 25 55;
set Last[108] := 26 56;
set Last[109] := 27 57;
set Last[110] := 28 58;
set Last[111] := 29 59;
set Last[112] := 30 60;
set Last[113] := 1 31;
set Last[114] := 2 32;
set Last[115] := 3 33;
set Last[116] := 4 34;
set Last[117] := 7 37;
set Last[118] := 11 41;
set Last[119] := 14 44;
set Last[120] := 15 45;
set Last[121] := 18 48;
set Last[122] := 23 53;
set Last[123] := 24 54;
set Last[124] := 26 56;
set Last[125] := 28 58;
set Last[126] := 1 31;
set Last[127] := 3 33;
set Last[128] := 11 41;
set Last[129] := 23 53;
set Last[130] := 24 54;
set Last[131] := 26 56;
set Last[132] := 1 31;
set Last[133] := 2 32;
set Last[134] := 3 33;
set Last[135] := 4 34;
set Last[136] := 5 35;
set Last[137] := 6 36;
set Last[138] := 8 38;
set Last[139] := 9 39;
set Last[140] := 10 40;
set Last[141] := 11 41;
set Last[142] := 12 42;
set Last[143] := 13 43;
set Last[144] := 14 44;
set Last[145] := 15 45;
set Last[146] := 16 46;
set Last[147] := 17 47;
set Last[148] := 18 48;
set Last[149] := 19 49;
set Last[150] := 20 50;
set Last[151] := 21 51;
set Last[152] := 22 52;
set Last[153] := 23 53;
set Last[154] := 24 54;
set Last[155] := 25 55;
set Last[156] := 26 56;
set Last[157] := 27 57;
set Last[158] := 28 58;
set Last[159] := 29 59;
set Last[160] := 30 60;
set Last[161] := 1 31;
set Last[162] := 2 32;
set Last[163] := 3 33;
set Last[164] := 4 34;
set Last[165] := 7 37;
set Last[166] := 10 40;
set Last[167] := 11 41;
set Last[168] := 13 43;
set Last[169] := 14 44;
set Last[170] := 15 45;
set Last[171] := 18 48;
set Last[172] := 22 52;
set Last[173] := 23 53;
set Last[174] := 24 54;
set Last[175] := 26 56;
set Last[176] := 27 57;
set Last[177] := 28 58;
set Last[178] := 1 31;
set Last[179] := 2 32;
set Last[180] := 3 33;
set Last[181] := 4 34;
set Last[182] := 5 35;
set Last[183] := 7 37;
set Last[184] := 8 38;
set Last[185] := 10 40;
set Last[186] := 11 41;
set Last[187] := 13 43;
set Last[188] := 14 44;
set Last[189] := 15 45;
set Last[190] := 18 48;
set Last[191] := 21 51;
set Last[192] := 22 52;
set Last[193] := 23 53;
set Last[194] := 24 54;
set Last[195] := 25 55;
set Last[196] := 26 56;
set Last[197] := 27 57;
set Last[198] := 28 58;
set Last[199] := 29 59;
set Last[200] := 30 60;
set Last[201] := 1 31;
set Last[202] := 2 32;
set Last[203] := 3 33;
set Last[204] := 4 34;
set Last[205] := 5 35;
set Last[206] := 7 37;
set Last[207] := 8 38;
set Last[208] := 9 39;
set Last[209] := 11 41;
set Last[210] := 12 42;
set Last[211] := 13 43;
set Last[212] := 14 44;
set Last[213] := 15 45;
set Last[214] := 16 46;
set Last[215] := 17 47;
set Last[216] := 18 48;
set Last[217] := 19 49;
set Last[218] := 21 51;
set Last[219] := 22 52;
set Last[220] := 23 53;
set Last[221] := 24 54;
set Last[222] := 25 55;
set Last[223] := 26 56;
set Last[224] := 27 57;
set Last[225] := 28 58;
set Last[226] := 29 59;
set Last[227] := 30 60;
set Last[228] := 1 31;
set Last[229] := 2 32;
set Last[230] := 3 33;
set Last[231] := 4 34;
set Last[232] := 5 35;
set Last[233] := 6 36;
set Last[234] := 7 37;
set Last[235] := 8 38;
set Last[236] := 9 39;
set Last[237] := 10 40;
set Last[238] := 12 42;
set Last[239] := 13 43;
set Last[240] := 14 44;
set Last[241] := 15 45;
set Last[242] := 16 46;
set Last[243] := 17 47;
set Last[244] := 18 48;
set Last[245] := 19 49;
set Last[246] := 21 51;
set Last[247] := 22 52;
set Last[248] := 23 53;
set Last[249] := 24 54;
set Last[250] := 25 55;
set Last[251] := 26 56;
set Last[252] := 27 57;
set Last[253] := 28 58;
set Last[254] := 29 59;
set Last[255] := 30 60;
set Last[256] := 1 31;
set Last[257] := 2 32;
set Last[258] := 3 33;
set Last[259] := 4 34;
set Last[260] := 7 37;
set Last[261] := 10 40;
set Last[262] := 11 41;
set Last[263] := 13 43;
set Last[264] := 14 44;
set Last[265] := 15 45;
set Last[266] := 18 48;
set Last[267] := 21 51;
set Last[268] := 22 52;
set Last[269] := 23 53;
set Last[270] := 24 54;
set Last[271] := 26 56;
set Last[272] := 27 57;
set Last[273] := 28 58;
set Last[274] := 1 31;
set Last[275] := 2 32;
set Last[276] := 3 33;
set Last[277] := 4 34;
set Last[278] := 5 35;
set Last[279] := 6 36;
set Last[280] := 7 37;
set Last[281] := 8 38;
set Last[282] := 9 39;
set Last[283] := 10 40;
set Last[284] := 11 41;
set Last[285] := 12 42;
set Last[286] := 14 44;
set Last[287] := 15 45;
set Last[288] := 16 46;
set Last[289] := 17 47;
set Last[290] := 18 48;
set Last[291] := 19 49;
set Last[292] := 21 51;
set Last[293] := 22 52;
set Last[294] := 23 53;
set Last[295] := 24 54;
set Last[296] := 25 55;
set Last[297] := 26 56;
set Last[298] := 27 57;
set Last[299] := 28 58;
set Last[300] := 29 59;
set Last[301] := 30 60;
set Last[302] := 1 31;
set Last[303] := 2 32;
set Last[304] := 3 33;
set Last[305] := 4 34;
set Last[306] := 5 35;
set Last[307] := 6 36;
set Last[308] := 7 37;
set Last[309] := 8 38;
set Last[310] := 9 39;
set Last[311] := 10 40;
set Last[312] := 11 41;
set Last[313] := 12 42;
set Last[314] := 13 43;
set Last[315] := 15 45;
set Last[316] := 16 46;
set Last[317] := 17 47;
set Last[318] := 18 48;
set Last[319] := 19 49;
set Last[320] := 21 51;
set Last[321] := 22 52;
set Last[322] := 23 53;
set Last[323] := 24 54;
set Last[324] := 25 55;
set Last[325] := 26 56;
set Last[326] := 27 57;
set Last[327] := 28 58;
set Last[328] := 29 59;
set Last[329] := 30 60;
set Last[330] := 1 31;
set Last[331] := 2 32;
set Last[332] := 3 33;
set Last[333] := 4 34;
set Last[334] := 5 35;
set Last[335] := 6 36;
set Last[336] := 7 37;
set Last[337] := 8 38;
set Last[338] := 9 39;
set Last[339] := 10 40;
set Last[340] := 11 41;
set Last[341] := 12 42;
set Last[342] := 13 43;
set Last[343] := 14 44;
set Last[344] := 16 46;
set Last[345] := 17 47;
set Last[346] := 18 48;
set Last[347] := 19 49;
set Last[348] := 21 51;
set Last[349] := 22 52;
set Last[350] := 23 53;
set Last[351] := 24 54;
set Last[352] := 25 55;
set Last[353] := 26 56;
set Last[354] := 27 57;
set Last[355] := 28 58;
set Last[356] := 29 59;
set Last[357] := 30 60;
set Last[358] := 1 31;
set Last[359] := 2 32;
set Last[360] := 3 33;
set Last[361] := 4 34;
set Last[362] := 5 35;
set Last[363] := 7 37;
set Last[364] := 8 38;
set Last[365] := 10 40;
set Last[366] := 11 41;
set Last[367] := 13 43;
set Last[368] := 14 44;
set Last[369] := 15 45;
set Last[370] := 18 48;
set Last[371] := 21 51;
set Last[372] := 22 52;
set Last[373] := 23 53;
set Last[374] := 24 54;
set Last[375] := 25 55;
set Last[376] := 26 56;
set Last[377] := 27 57;
set Last[378] := 28 58;
set Last[379] := 29 59;
set Last[380] := 30 60;
set Last[381] := 1 31;
set Last[382] := 2 32;
set Last[383] := 3 33;
set Last[384] := 4 34;
set Last[385] := 7 37;
set Last[386] := 10 40;
set Last[387] := 11 41;
set Last[388] := 13 43;
set Last[389] := 14 44;
set Last[390] := 15 45;
set Last[391] := 18 48;
set Last[392] := 22 52;
set Last[393] := 23 53;
set Last[394] := 24 54;
set Last[395] := 26 56;
set Last[396] := 27 57;
set Last[397] := 28 58;
set Last[398] := 1 31;
set Last[399] := 2 32;
set Last[400] := 3 33;
set Last[401] := 4 34;
set Last[402] := 5 35;
set Last[403] := 7 37;
set Last[404] := 8 38;
set Last[405] := 9 39;
set Last[406] := 10 40;
set Last[407] := 11 41;
set Last[408] := 12 42;
set Last[409] := 13 43;
set Last[410] := 14 44;
set Last[411] := 15 45;
set Last[412] := 16 46;
set Last[413] := 17 47;
set Last[414] := 19 49;
set Last[415] := 21 51;
set Last[416] := 22 52;
set Last[417] := 23 53;
set Last[418] := 24 54;
set Last[419] := 25 55;
set Last[420] := 26 56;
set Last[421] := 27 57;
set Last[422] := 28 58;
set Last[423] := 29 59;
set Last[424] := 30 60;
set Last[425] := 1 31;
set Last[426] := 2 32;
set Last[427] := 3 33;
set Last[428] := 4 34;
set Last[429] := 7 37;
set Last[430] := 10 40;
set Last[431] := 11 41;
set Last[432] := 13 43;
set Last[433] := 14 44;
set Last[434] := 15 45;
set Last[435] := 18 48;
set Last[436] := 22 52;
set Last[437] := 23 53;
set Last[438] := 24 54;
set Last[439] := 26 56;
set Last[440] := 27 57;
set Last[441] := 28 58;
set Last[442] := 1 31;
set Last[443] := 2 32;
set Last[444] := 3 33;
set Last[445] := 4 34;
set Last[446] := 7 37;
set Last[447] := 10 40;
set Last[448] := 11 41;
set Last[449] := 14 44;
set Last[450] := 15 45;
set Last[451] := 18 48;
set Last[452] := 23 53;
set Last[453] := 24 54;
set Last[454] := 26 56;
set Last[455] := 27 57;
set Last[456] := 28 58;
set Last[457] := 1 31;
set Last[458] := 2 32;
set Last[459] := 3 33;
set Last[460] := 4 34;
set Last[461] := 5 35;
set Last[462] := 7 37;
set Last[463] := 8 38;
set Last[464] := 9 39;
set Last[465] := 10 40;
set Last[466] := 11 41;
set Last[467] := 12 42;
set Last[468] := 13 43;
set Last[469] := 14 44;
set Last[470] := 15 45;
set Last[471] := 16 46;
set Last[472] := 17 47;
set Last[473] := 18 48;
set Last[474] := 19 49;
set Last[475] := 22 52;
set Last[476] := 23 53;
set Last[477] := 24 54;
set Last[478] := 25 55;
set Last[479] := 26 56;
set Last[480] := 27 57;
set Last[481] := 28 58;
set Last[482] := 29 59;
set Last[483] := 30 60;
set Last[484] := 1 31;
set Last[485] := 2 32;
set Last[486] := 3 33;
set Last[487] := 4 34;
set Last[488] := 5 35;
set Last[489] := 7 37;
set Last[490] := 8 38;
set Last[491] := 10 40;
set Last[492] := 11 41;
set Last[493] := 12 42;
set Last[494] := 13 43;
set Last[495] := 14 44;
set Last[496] := 15 45;
set Last[497] := 16 46;
set Last[498] := 18 48;
set Last[499] := 21 51;
set Last[500] := 23 53;
set Last[501] := 24 54;
set Last[502] := 25 55;
set Last[503] := 26 56;
set Last[504] := 27 57;
set Last[505] := 28 58;
set Last[506] := 29 59;
set Last[507] := 30 60;
set Last[508] := 1 31;
set Last[509] := 2 32;
set Last[510] := 3 33;
set Last[511] := 4 34;
set Last[512] := 5 35;
set Last[513] := 6 36;
set Last[514] := 7 37;
set Last[515] := 8 38;
set Last[516] := 9 39;
set Last[517] := 10 40;
set Last[518] := 11 41;
set Last[519] := 12 42;
set Last[520] := 13 43;
set Last[521] := 14 44;
set Last[522] := 15 45;
set Last[523] := 16 46;
set Last[524] := 17 47;
set Last[525] := 18 48;
set Last[526] := 19 49;
set Last[527] := 21 51;
set Last[528] := 22 52;
set Last[529] := 24 54;
set Last[530] := 25 55;
set Last[531] := 26 56;
set Last[532] := 27 57;
set Last[533] := 28 58;
set Last[534] := 29 59;
set Last[535] := 30 60;
set Last[536] := 1 31;
set Last[537] := 2 32;
set Last[538] := 3 33;
set Last[539] := 4 34;
set Last[540] := 5 35;
set Last[541] := 6 36;
set Last[542] := 7 37;
set Last[543] := 8 38;
set Last[544] := 9 39;
set Last[545] := 10 40;
set Last[546] := 11 41;
set Last[547] := 12 42;
set Last[548] := 13 43;
set Last[549] := 14 44;
set Last[550] := 15 45;
set Last[551] := 16 46;
set Last[552] := 17 47;
set Last[553] := 18 48;
set Last[554] := 19 49;
set Last[555] := 21 51;
set Last[556] := 22 52;
set Last[557] := 23 53;
set Last[558] := 25 55;
set Last[559] := 26 56;
set Last[560] := 27 57;
set Last[561] := 28 58;
set Last[562] := 29 59;
set Last[563] := 30 60;
set Last[564] := 1 31;
set Last[565] := 2 32;
set Last[566] := 3 33;
set Last[567] := 4 34;
set Last[568] := 7 37;
set Last[569] := 10 40;
set Last[570] := 11 41;
set Last[571] := 13 43;
set Last[572] := 14 44;
set Last[573] := 15 45;
set Last[574] := 18 48;
set Last[575] := 23 53;
set Last[576] := 24 54;
set Last[577] := 26 56;
set Last[578] := 27 57;
set Last[579] := 28 58;
set Last[580] := 1 31;
set Last[581] := 2 32;
set Last[582] := 3 33;
set Last[583] := 4 34;
set Last[584] := 5 35;
set Last[585] := 6 36;
set Last[586] := 7 37;
set Last[587] := 8 38;
set Last[588] := 9 39;
set Last[589] := 10 40;
set Last[590] := 11 41;
set Last[591] := 12 42;
set Last[592] := 13 43;
set Last[593] := 14 44;
set Last[594] := 15 45;
set Last[595] := 16 46;
set Last[596] := 17 47;
set Last[597] := 18 48;
set Last[598] := 19 49;
set Last[599] := 21 51;
set Last[600] := 22 52;
set Last[601] := 23 53;
set Last[602] := 24 54;
set Last[603] := 25 55;
set Last[604] := 27 57;
set Last[605] := 28 58;
set Last[606] := 29 59;
set Last[607] := 30 60;
set Last[608] := 1 31;
set Last[609] := 2 32;
set Last[610] := 3 33;
set Last[611] := 4 34;
set Last[612] := 5 35;
set Last[613] := 6 36;
set Last[614] := 7 37;
set Last[615] := 8 38;
set Last[616] := 9 39;
set Last[617] := 10 40;
set Last[618] := 11 41;
set Last[619] := 12 42;
set Last[620] := 13 43;
set Last[621] := 14 44;
set Last[622] := 15 45;
set Last[623] := 16 46;
set Last[624] := 17 47;
set Last[625] := 18 48;
set Last[626] := 19 49;
set Last[627] := 21 51;
set Last[628] := 22 52;
set Last[629] := 23 53;
set Last[630] := 24 54;
set Last[631] := 25 55;
set Last[632] := 26 56;
set Last[633] := 28 58;
set Last[634] := 29 59;
set Last[635] := 30 60;
set Last[636] := 1 31;
set Last[637] := 2 32;
set Last[638] := 3 33;
set Last[639] := 4 34;
set Last[640] := 5 35;
set Last[641] := 7 37;
set Last[642] := 8 38;
set Last[643] := 10 40;
set Last[644] := 11 41;
set Last[645] := 13 43;
set Last[646] := 14 44;
set Last[647] := 15 45;
set Last[648] := 18 48;
set Last[649] := 21 51;
set Last[650] := 22 52;
set Last[651] := 23 53;
set Last[652] := 24 54;
set Last[653] := 25 55;
set Last[654] := 26 56;
set Last[655] := 27 57;
set Last[656] := 29 59;
set Last[657] := 30 60;
set Last[658] := 1 31;
set Last[659] := 2 32;
set Last[660] := 3 33;
set Last[661] := 4 34;
set Last[662] := 5 35;
set Last[663] := 7 37;
set Last[664] := 8 38;
set Last[665] := 10 40;
set Last[666] := 11 41;
set Last[667] := 13 43;
set Last[668] := 14 44;
set Last[669] := 15 45;
set Last[670] := 18 48;
set Last[671] := 21 51;
set Last[672] := 22 52;
set Last[673] := 23 53;
set Last[674] := 24 54;
set Last[675] := 25 55;
set Last[676] := 26 56;
set Last[677] := 27 57;
set Last[678] := 28 58;
set Last[679] := 30 60;
set Last[680] := 1 31;
set Last[681] := 2 32;
set Last[682] := 3 33;
set Last[683] := 4 34;
set Last[684] := 7 37;
set Last[685] := 10 40;
set Last[686] := 11 41;
set Last[687] := 13 43;
set Last[688] := 14 44;
set Last[689] := 15 45;
set Last[690] := 18 48;
set Last[691] := 22 52;
set Last[692] := 23 53;
set Last[693] := 24 54;
set Last[694] := 26 56;
set Last[695] := 27 57;
set Last[696] := 28 58;

param q := 5;

end;
