data;

set V := 1 2 3 4 5 6 7 8 9 10 11 12 13 14 15 16 17 18 19 20 21 22 23 24 25 26 27 28 29 30 31 32 33 34 35 36 37 38 39 40 42 43 44 45 47 48 49 50 51 52 53 54 55 56 57 58 59 60 61 62 63;

set A := 1 33
         2 7
         2 34
         3 13
         3 24
         3 35
         4 1
         4 23
         4 24
         4 36
         5 6
         5 7
         5 37
         6 5
         6 10
         6 38
         7 2
         7 5
         7 8
         7 31
         7 39
         8 7
         8 40
         9 10
         10 6
         10 18
         10 19
         10 42
         11 12
         11 43
         12 11
         12 27
         12 29
         12 31
         12 44
         13 3
         13 28
         13 45
         14 31
         15 16
         15 21
         15 25
         15 26
         15 47
         16 15
         16 17
         16 48
         17 16
         17 18
         17 49
         18 10
         18 17
         18 50
         19 10
         19 51
         20 31
         20 52
         21 15
         21 53
         22 26
         22 54
         23 4
         23 31
         23 55
         24 3
         24 4
         24 56
         25 15
         25 57
         26 15
         26 22
         26 27
         26 58
         27 12
         27 26
         27 59
         28 13
         28 29
         28 60
         29 12
         29 28
         29 61
         30 31
         30 62
         31 7
         31 12
         31 20
         31 23
         31 30
         31 63
         32 31
         ;

set S := 1 2 3 4 5 6 7 8 9 10 11 12 13 14 15 16 17 18 19 20 21 22 23 24 25 26 27 28 29 30 31 32 33 34 35 36 37 38 39 40 41 42 43 44 45 46 47 48 49 50 51 52 53 54 55 56 57 58 59 60 61 62 63 64 65 66 67 68 69 70 71 72 73 74 75 76 77 78 79 80 81 82 83 84 85 86 87 88 89 90 91 92 93 94 95 96 97 98 99 100 101 102 103 104 105 106 107 108 109 110 111 112 113 114 115 116 117 118 119 120 121 122 123 124 125 126 127 128 129 130 131 132 133 134 135 136 137 138 139 140 141 142 143 144 145 146 147 148 149 150 151 152 153 154 155 156 157 158 159 160 161 162 163 164 165 166 167 168 169 170 171 172 173 174 175 176 177 178 179 180 181 182 183 184 185 186 187 188 189 190 191 192 193 194 195 196 197 198 199 200 201 202 203 204 205 206 207 208 209 210 211 212 213 214 215 216 217 218 219 220 221 222 223 224 225 226 227 228 229 230 231 232 233 234 235 236 237 238 239 240 241 242 243 244 245 246 247 248 249 250 251 252 253 254 255 256 257 258 259 260 261 262 263 264 265 266 267 268 269 270 271 272 273 274 275 276 277 278 279 280 281 282 283 284 285 286 287 288 289 290 291 292 293 294 295 296 297 298 299 300 301 302 303 304 305 306 307 308 309 310 311 312 313 314 315 316 317 318 319 320 321 322 323 324 325 326 327 328 329 330 331 332 333 334 335 336 337 338 339 340 341 342 343 344 345 346 347 348 349 350 351 352 353 354 355 356 357 358 359 360 361 362 363 364 365 366 367 368 369 370 371 372 373 374 375 376 377 378 379 380 381 382 383 384 385 386 387 388 389 390 391 392 393 394 395 396 397 398 399 400 401 402 403 404 405 406 407 408 409 410 411 412 413 414 415 416 417 418 419 420 421 422 423 424 425 426 427 428 429 430 431 432 433 434 435 436 437 438 439 440 441 442 443 444 445 446 447 448 449 450 451 452 453 454 455 456 457 458 459 460 461 462 463 464 465 466 467 468 469 470 471 472 473 474 475 476 477 478 479 480 481 482 483 484 485 486 487 488 489 490 491 492 493 494 495 496 497 498 499 500 501 502 503 504 505 506 507 508 509 510 511 512 513 514 515 516 517 518 519 520 521 522 523 524 525 526 527 528 529 530 531 532 533 534 535 536 537 538 539 540 541 542 543 544 545 546 547 548 549 550 551 552 553 554 555 556 557 558 559 560 561 562 563 564 565 566 567 568 569 570 571 572 573 574 575 576 577 578 579 580 581 582 583 584 585 586 587 588 589 590 591 592 593 594 595;

set F[1] := 2 7
            7 31
            31 23
            23 4
            4 1
            1 33
            ;
set F[2] := 2 7
            7 31
            31 23
            23 4
            4 36
            ;
set F[3] := 2 7
            7 5
            5 37
            ;
set F[4] := 2 7
            7 5
            5 6
            6 38
            ;
set F[5] := 2 7
            7 39
            ;
set F[6] := 2 7
            7 8
            8 40
            ;
set F[7] := 2 7
            7 5
            5 6
            6 10
            10 42
            ;
set F[8] := 2 7
            7 31
            31 12
            12 11
            11 43
            ;
set F[9] := 2 7
            7 31
            31 12
            12 44
            ;
set F[10] := 2 7
             7 31
             31 12
             12 29
             29 28
             28 13
             13 45
             ;
set F[11] := 2 7
             7 31
             31 12
             12 27
             27 26
             26 15
             15 47
             ;
set F[12] := 2 7
             7 5
             5 6
             6 10
             10 18
             18 17
             17 16
             16 48
             ;
set F[13] := 2 7
             7 5
             5 6
             6 10
             10 18
             18 17
             17 49
             ;
set F[14] := 2 7
             7 5
             5 6
             6 10
             10 18
             18 50
             ;
set F[15] := 2 7
             7 31
             31 20
             20 52
             ;
set F[16] := 2 7
             7 31
             31 23
             23 55
             ;
set F[17] := 2 7
             7 31
             31 12
             12 27
             27 26
             26 58
             ;
set F[18] := 2 7
             7 31
             31 12
             12 27
             27 59
             ;
set F[19] := 2 7
             7 31
             31 12
             12 29
             29 61
             ;
set F[20] := 2 7
             7 31
             31 30
             30 62
             ;
set F[21] := 2 7
             7 31
             31 63
             ;
set F[22] := 3 24
             24 4
             4 1
             1 33
             ;
set F[23] := 3 24
             24 4
             4 23
             23 31
             31 7
             7 2
             2 34
             ;
set F[24] := 3 24
             24 4
             4 36
             ;
set F[25] := 3 24
             24 4
             4 23
             23 31
             31 7
             7 5
             5 37
             ;
set F[26] := 3 24
             24 4
             4 23
             23 31
             31 7
             7 5
             5 6
             6 38
             ;
set F[27] := 3 24
             24 4
             4 23
             23 31
             31 7
             7 39
             ;
set F[28] := 3 24
             24 4
             4 23
             23 31
             31 7
             7 8
             8 40
             ;
set F[29] := 3 24
             24 4
             4 23
             23 31
             31 7
             7 5
             5 6
             6 10
             10 42
             ;
set F[30] := 3 13
             13 28
             28 29
             29 12
             12 11
             11 43
             ;
set F[31] := 3 13
             13 28
             28 29
             29 12
             12 44
             ;
set F[32] := 3 13
             13 45
             ;
set F[33] := 3 13
             13 28
             28 29
             29 12
             12 27
             27 26
             26 15
             15 47
             ;
set F[34] := 3 13
             13 28
             28 29
             29 12
             12 27
             27 26
             26 15
             15 16
             16 48
             ;
set F[35] := 3 13
             13 28
             28 29
             29 12
             12 27
             27 26
             26 15
             15 16
             16 17
             17 49
             ;
set F[36] := 3 24
             24 4
             4 23
             23 31
             31 7
             7 5
             5 6
             6 10
             10 18
             18 50
             ;
set F[37] := 3 24
             24 4
             4 23
             23 31
             31 20
             20 52
             ;
set F[38] := 3 24
             24 4
             4 23
             23 55
             ;
set F[39] := 3 24
             24 56
             ;
set F[40] := 3 13
             13 28
             28 29
             29 12
             12 27
             27 26
             26 58
             ;
set F[41] := 3 13
             13 28
             28 29
             29 12
             12 27
             27 59
             ;
set F[42] := 3 13
             13 28
             28 60
             ;
set F[43] := 3 13
             13 28
             28 29
             29 61
             ;
set F[44] := 3 24
             24 4
             4 23
             23 31
             31 30
             30 62
             ;
set F[45] := 3 24
             24 4
             4 23
             23 31
             31 63
             ;
set F[46] := 4 1
             1 33
             ;
set F[47] := 4 23
             23 31
             31 7
             7 2
             2 34
             ;
set F[48] := 4 23
             23 31
             31 7
             7 5
             5 37
             ;
set F[49] := 4 23
             23 31
             31 7
             7 5
             5 6
             6 38
             ;
set F[50] := 4 23
             23 31
             31 7
             7 39
             ;
set F[51] := 4 23
             23 31
             31 7
             7 8
             8 40
             ;
set F[52] := 4 23
             23 31
             31 7
             7 5
             5 6
             6 10
             10 42
             ;
set F[53] := 4 23
             23 31
             31 12
             12 11
             11 43
             ;
set F[54] := 4 23
             23 31
             31 12
             12 44
             ;
set F[55] := 4 24
             24 3
             3 13
             13 45
             ;
set F[56] := 4 23
             23 31
             31 12
             12 27
             27 26
             26 15
             15 47
             ;
set F[57] := 4 23
             23 31
             31 12
             12 27
             27 26
             26 15
             15 16
             16 48
             ;
set F[58] := 4 23
             23 31
             31 7
             7 5
             5 6
             6 10
             10 18
             18 17
             17 49
             ;
set F[59] := 4 23
             23 31
             31 7
             7 5
             5 6
             6 10
             10 18
             18 50
             ;
set F[60] := 4 23
             23 31
             31 20
             20 52
             ;
set F[61] := 4 23
             23 55
             ;
set F[62] := 4 24
             24 56
             ;
set F[63] := 4 23
             23 31
             31 12
             12 27
             27 26
             26 58
             ;
set F[64] := 4 23
             23 31
             31 12
             12 27
             27 59
             ;
set F[65] := 4 24
             24 3
             3 13
             13 28
             28 60
             ;
set F[66] := 4 23
             23 31
             31 12
             12 29
             29 61
             ;
set F[67] := 4 23
             23 31
             31 30
             30 62
             ;
set F[68] := 4 23
             23 31
             31 63
             ;
set F[69] := 5 7
             7 31
             31 23
             23 4
             4 1
             1 33
             ;
set F[70] := 5 7
             7 2
             2 34
             ;
set F[71] := 5 7
             7 31
             31 23
             23 4
             4 36
             ;
set F[72] := 5 6
             6 38
             ;
set F[73] := 5 7
             7 39
             ;
set F[74] := 5 7
             7 8
             8 40
             ;
set F[75] := 5 6
             6 10
             10 42
             ;
set F[76] := 5 7
             7 31
             31 12
             12 11
             11 43
             ;
set F[77] := 5 7
             7 31
             31 12
             12 44
             ;
set F[78] := 5 7
             7 31
             31 12
             12 29
             29 28
             28 13
             13 45
             ;
set F[79] := 5 6
             6 10
             10 18
             18 17
             17 16
             16 15
             15 47
             ;
set F[80] := 5 6
             6 10
             10 18
             18 17
             17 16
             16 48
             ;
set F[81] := 5 6
             6 10
             10 18
             18 17
             17 49
             ;
set F[82] := 5 6
             6 10
             10 18
             18 50
             ;
set F[83] := 5 7
             7 31
             31 20
             20 52
             ;
set F[84] := 5 7
             7 31
             31 23
             23 55
             ;
set F[85] := 5 7
             7 31
             31 23
             23 4
             4 24
             24 56
             ;
set F[86] := 5 7
             7 31
             31 12
             12 27
             27 26
             26 58
             ;
set F[87] := 5 7
             7 31
             31 12
             12 27
             27 59
             ;
set F[88] := 5 7
             7 31
             31 12
             12 29
             29 28
             28 60
             ;
set F[89] := 5 7
             7 31
             31 12
             12 29
             29 61
             ;
set F[90] := 5 7
             7 31
             31 30
             30 62
             ;
set F[91] := 5 7
             7 31
             31 63
             ;
set F[92] := 6 5
             5 7
             7 31
             31 23
             23 4
             4 1
             1 33
             ;
set F[93] := 6 5
             5 7
             7 2
             2 34
             ;
set F[94] := 6 5
             5 7
             7 31
             31 23
             23 4
             4 36
             ;
set F[95] := 6 5
             5 37
             ;
set F[96] := 6 5
             5 7
             7 39
             ;
set F[97] := 6 5
             5 7
             7 8
             8 40
             ;
set F[98] := 6 10
             10 42
             ;
set F[99] := 6 5
             5 7
             7 31
             31 12
             12 11
             11 43
             ;
set F[100] := 6 5
              5 7
              7 31
              31 12
              12 44
              ;
set F[101] := 6 5
              5 7
              7 31
              31 12
              12 29
              29 28
              28 13
              13 45
              ;
set F[102] := 6 10
              10 18
              18 17
              17 16
              16 15
              15 47
              ;
set F[103] := 6 10
              10 18
              18 17
              17 16
              16 48
              ;
set F[104] := 6 10
              10 18
              18 17
              17 49
              ;
set F[105] := 6 10
              10 18
              18 50
              ;
set F[106] := 6 5
              5 7
              7 31
              31 20
              20 52
              ;
set F[107] := 6 5
              5 7
              7 31
              31 23
              23 55
              ;
set F[108] := 6 5
              5 7
              7 31
              31 23
              23 4
              4 24
              24 56
              ;
set F[109] := 6 5
              5 7
              7 31
              31 12
              12 27
              27 26
              26 58
              ;
set F[110] := 6 5
              5 7
              7 31
              31 12
              12 27
              27 59
              ;
set F[111] := 6 5
              5 7
              7 31
              31 12
              12 29
              29 61
              ;
set F[112] := 6 5
              5 7
              7 31
              31 30
              30 62
              ;
set F[113] := 6 5
              5 7
              7 31
              31 63
              ;
set F[114] := 7 31
              31 23
              23 4
              4 1
              1 33
              ;
set F[115] := 7 2
              2 34
              ;
set F[116] := 7 31
              31 23
              23 4
              4 24
              24 3
              3 35
              ;
set F[117] := 7 31
              31 23
              23 4
              4 36
              ;
set F[118] := 7 5
              5 37
              ;
set F[119] := 7 5
              5 6
              6 38
              ;
set F[120] := 7 8
              8 40
              ;
set F[121] := 7 5
              5 6
              6 10
              10 42
              ;
set F[122] := 7 31
              31 12
              12 11
              11 43
              ;
set F[123] := 7 31
              31 12
              12 44
              ;
set F[124] := 7 31
              31 12
              12 29
              29 28
              28 13
              13 45
              ;
set F[125] := 7 31
              31 12
              12 27
              27 26
              26 15
              15 47
              ;
set F[126] := 7 5
              5 6
              6 10
              10 18
              18 17
              17 16
              16 48
              ;
set F[127] := 7 5
              5 6
              6 10
              10 18
              18 17
              17 49
              ;
set F[128] := 7 5
              5 6
              6 10
              10 18
              18 50
              ;
set F[129] := 7 5
              5 6
              6 10
              10 19
              19 51
              ;
set F[130] := 7 31
              31 20
              20 52
              ;
set F[131] := 7 31
              31 23
              23 55
              ;
set F[132] := 7 31
              31 23
              23 4
              4 24
              24 56
              ;
set F[133] := 7 31
              31 12
              12 27
              27 26
              26 15
              15 25
              25 57
              ;
set F[134] := 7 31
              31 12
              12 27
              27 26
              26 58
              ;
set F[135] := 7 31
              31 12
              12 27
              27 59
              ;
set F[136] := 7 31
              31 12
              12 29
              29 28
              28 60
              ;
set F[137] := 7 31
              31 12
              12 29
              29 61
              ;
set F[138] := 7 31
              31 30
              30 62
              ;
set F[139] := 7 31
              31 63
              ;
set F[140] := 8 7
              7 2
              2 34
              ;
set F[141] := 8 7
              7 31
              31 23
              23 4
              4 36
              ;
set F[142] := 8 7
              7 5
              5 37
              ;
set F[143] := 8 7
              7 5
              5 6
              6 38
              ;
set F[144] := 8 7
              7 39
              ;
set F[145] := 8 7
              7 5
              5 6
              6 10
              10 42
              ;
set F[146] := 8 7
              7 31
              31 12
              12 11
              11 43
              ;
set F[147] := 8 7
              7 31
              31 12
              12 44
              ;
set F[148] := 8 7
              7 31
              31 12
              12 29
              29 28
              28 13
              13 45
              ;
set F[149] := 8 7
              7 31
              31 12
              12 27
              27 26
              26 15
              15 47
              ;
set F[150] := 8 7
              7 5
              5 6
              6 10
              10 18
              18 17
              17 16
              16 48
              ;
set F[151] := 8 7
              7 5
              5 6
              6 10
              10 18
              18 17
              17 49
              ;
set F[152] := 8 7
              7 5
              5 6
              6 10
              10 18
              18 50
              ;
set F[153] := 8 7
              7 31
              31 20
              20 52
              ;
set F[154] := 8 7
              7 31
              31 23
              23 55
              ;
set F[155] := 8 7
              7 31
              31 12
              12 27
              27 26
              26 58
              ;
set F[156] := 8 7
              7 31
              31 12
              12 27
              27 59
              ;
set F[157] := 8 7
              7 31
              31 12
              12 29
              29 61
              ;
set F[158] := 8 7
              7 31
              31 30
              30 62
              ;
set F[159] := 8 7
              7 31
              31 63
              ;
set F[160] := 9 10
              10 6
              6 5
              5 7
              7 31
              31 23
              23 4
              4 36
              ;
set F[161] := 9 10
              10 6
              6 5
              5 37
              ;
set F[162] := 9 10
              10 6
              6 38
              ;
set F[163] := 9 10
              10 6
              6 5
              5 7
              7 39
              ;
set F[164] := 9 10
              10 42
              ;
set F[165] := 9 10
              10 6
              6 5
              5 7
              7 31
              31 12
              12 44
              ;
set F[166] := 9 10
              10 6
              6 5
              5 7
              7 31
              31 12
              12 29
              29 28
              28 13
              13 45
              ;
set F[167] := 9 10
              10 18
              18 17
              17 16
              16 15
              15 47
              ;
set F[168] := 9 10
              10 18
              18 50
              ;
set F[169] := 9 10
              10 6
              6 5
              5 7
              7 31
              31 23
              23 55
              ;
set F[170] := 9 10
              10 18
              18 17
              17 16
              16 15
              15 26
              26 58
              ;
set F[171] := 9 10
              10 6
              6 5
              5 7
              7 31
              31 12
              12 29
              29 61
              ;
set F[172] := 9 10
              10 6
              6 5
              5 7
              7 31
              31 63
              ;
set F[173] := 10 6
              6 5
              5 7
              7 31
              31 23
              23 4
              4 1
              1 33
              ;
set F[174] := 10 6
              6 5
              5 7
              7 2
              2 34
              ;
set F[175] := 10 6
              6 5
              5 7
              7 31
              31 23
              23 4
              4 36
              ;
set F[176] := 10 6
              6 5
              5 37
              ;
set F[177] := 10 6
              6 38
              ;
set F[178] := 10 6
              6 5
              5 7
              7 39
              ;
set F[179] := 10 6
              6 5
              5 7
              7 8
              8 40
              ;
set F[180] := 10 6
              6 5
              5 7
              7 31
              31 12
              12 11
              11 43
              ;
set F[181] := 10 6
              6 5
              5 7
              7 31
              31 12
              12 44
              ;
set F[182] := 10 6
              6 5
              5 7
              7 31
              31 12
              12 29
              29 28
              28 13
              13 45
              ;
set F[183] := 10 18
              18 17
              17 16
              16 15
              15 47
              ;
set F[184] := 10 18
              18 17
              17 16
              16 48
              ;
set F[185] := 10 18
              18 17
              17 49
              ;
set F[186] := 10 18
              18 50
              ;
set F[187] := 10 6
              6 5
              5 7
              7 31
              31 20
              20 52
              ;
set F[188] := 10 6
              6 5
              5 7
              7 31
              31 23
              23 55
              ;
set F[189] := 10 6
              6 5
              5 7
              7 31
              31 23
              23 4
              4 24
              24 56
              ;
set F[190] := 10 18
              18 17
              17 16
              16 15
              15 26
              26 58
              ;
set F[191] := 10 6
              6 5
              5 7
              7 31
              31 12
              12 27
              27 59
              ;
set F[192] := 10 6
              6 5
              5 7
              7 31
              31 12
              12 29
              29 61
              ;
set F[193] := 10 6
              6 5
              5 7
              7 31
              31 30
              30 62
              ;
set F[194] := 10 6
              6 5
              5 7
              7 31
              31 63
              ;
set F[195] := 11 12
              12 31
              31 7
              7 39
              ;
set F[196] := 11 12
              12 31
              31 7
              7 5
              5 6
              6 10
              10 42
              ;
set F[197] := 11 12
              12 44
              ;
set F[198] := 11 12
              12 27
              27 26
              26 58
              ;
set F[199] := 11 12
              12 31
              31 63
              ;
set F[200] := 12 31
              31 23
              23 4
              4 1
              1 33
              ;
set F[201] := 12 31
              31 7
              7 2
              2 34
              ;
set F[202] := 12 31
              31 23
              23 4
              4 36
              ;
set F[203] := 12 31
              31 7
              7 5
              5 37
              ;
set F[204] := 12 31
              31 7
              7 5
              5 6
              6 38
              ;
set F[205] := 12 31
              31 7
              7 39
              ;
set F[206] := 12 31
              31 7
              7 8
              8 40
              ;
set F[207] := 12 31
              31 7
              7 5
              5 6
              6 10
              10 42
              ;
set F[208] := 12 11
              11 43
              ;
set F[209] := 12 29
              29 28
              28 13
              13 45
              ;
set F[210] := 12 27
              27 26
              26 15
              15 47
              ;
set F[211] := 12 27
              27 26
              26 15
              15 16
              16 48
              ;
set F[212] := 12 27
              27 26
              26 15
              15 16
              16 17
              17 49
              ;
set F[213] := 12 27
              27 26
              26 15
              15 16
              16 17
              17 18
              18 50
              ;
set F[214] := 12 31
              31 7
              7 5
              5 6
              6 10
              10 19
              19 51
              ;
set F[215] := 12 31
              31 20
              20 52
              ;
set F[216] := 12 31
              31 23
              23 55
              ;
set F[217] := 12 31
              31 23
              23 4
              4 24
              24 56
              ;
set F[218] := 12 27
              27 26
              26 58
              ;
set F[219] := 12 27
              27 59
              ;
set F[220] := 12 29
              29 28
              28 60
              ;
set F[221] := 12 29
              29 61
              ;
set F[222] := 12 31
              31 30
              30 62
              ;
set F[223] := 12 31
              31 63
              ;
set F[224] := 13 3
              3 24
              24 4
              4 1
              1 33
              ;
set F[225] := 13 28
              28 29
              29 12
              12 31
              31 7
              7 2
              2 34
              ;
set F[226] := 13 3
              3 24
              24 4
              4 36
              ;
set F[227] := 13 28
              28 29
              29 12
              12 31
              31 7
              7 5
              5 37
              ;
set F[228] := 13 28
              28 29
              29 12
              12 31
              31 7
              7 5
              5 6
              6 38
              ;
set F[229] := 13 28
              28 29
              29 12
              12 31
              31 7
              7 39
              ;
set F[230] := 13 28
              28 29
              29 12
              12 31
              31 7
              7 8
              8 40
              ;
set F[231] := 13 28
              28 29
              29 12
              12 31
              31 7
              7 5
              5 6
              6 10
              10 42
              ;
set F[232] := 13 28
              28 29
              29 12
              12 11
              11 43
              ;
set F[233] := 13 28
              28 29
              29 12
              12 44
              ;
set F[234] := 13 28
              28 29
              29 12
              12 27
              27 26
              26 15
              15 47
              ;
set F[235] := 13 28
              28 29
              29 12
              12 27
              27 26
              26 15
              15 16
              16 48
              ;
set F[236] := 13 28
              28 29
              29 12
              12 27
              27 26
              26 15
              15 16
              16 17
              17 49
              ;
set F[237] := 13 28
              28 29
              29 12
              12 27
              27 26
              26 15
              15 16
              16 17
              17 18
              18 50
              ;
set F[238] := 13 28
              28 29
              29 12
              12 31
              31 20
              20 52
              ;
set F[239] := 13 3
              3 24
              24 4
              4 23
              23 55
              ;
set F[240] := 13 3
              3 24
              24 56
              ;
set F[241] := 13 28
              28 29
              29 12
              12 27
              27 26
              26 58
              ;
set F[242] := 13 28
              28 29
              29 12
              12 27
              27 59
              ;
set F[243] := 13 28
              28 60
              ;
set F[244] := 13 28
              28 29
              29 61
              ;
set F[245] := 13 28
              28 29
              29 12
              12 31
              31 30
              30 62
              ;
set F[246] := 13 28
              28 29
              29 12
              12 31
              31 63
              ;
set F[247] := 14 31
              31 7
              7 2
              2 34
              ;
set F[248] := 14 31
              31 23
              23 4
              4 36
              ;
set F[249] := 14 31
              31 7
              7 5
              5 37
              ;
set F[250] := 14 31
              31 7
              7 5
              5 6
              6 38
              ;
set F[251] := 14 31
              31 7
              7 39
              ;
set F[252] := 14 31
              31 7
              7 8
              8 40
              ;
set F[253] := 14 31
              31 7
              7 5
              5 6
              6 10
              10 42
              ;
set F[254] := 14 31
              31 12
              12 11
              11 43
              ;
set F[255] := 14 31
              31 12
              12 44
              ;
set F[256] := 14 31
              31 12
              12 29
              29 28
              28 13
              13 45
              ;
set F[257] := 14 31
              31 12
              12 27
              27 26
              26 15
              15 47
              ;
set F[258] := 14 31
              31 12
              12 27
              27 26
              26 15
              15 16
              16 48
              ;
set F[259] := 14 31
              31 7
              7 5
              5 6
              6 10
              10 18
              18 17
              17 49
              ;
set F[260] := 14 31
              31 7
              7 5
              5 6
              6 10
              10 18
              18 50
              ;
set F[261] := 14 31
              31 20
              20 52
              ;
set F[262] := 14 31
              31 23
              23 55
              ;
set F[263] := 14 31
              31 12
              12 27
              27 26
              26 58
              ;
set F[264] := 14 31
              31 12
              12 27
              27 59
              ;
set F[265] := 14 31
              31 12
              12 29
              29 61
              ;
set F[266] := 14 31
              31 30
              30 62
              ;
set F[267] := 14 31
              31 63
              ;
set F[268] := 15 26
              26 27
              27 12
              12 31
              31 23
              23 4
              4 1
              1 33
              ;
set F[269] := 15 26
              26 27
              27 12
              12 31
              31 7
              7 2
              2 34
              ;
set F[270] := 15 26
              26 27
              27 12
              12 29
              29 28
              28 13
              13 3
              3 35
              ;
set F[271] := 15 26
              26 27
              27 12
              12 31
              31 23
              23 4
              4 36
              ;
set F[272] := 15 26
              26 27
              27 12
              12 31
              31 7
              7 5
              5 37
              ;
set F[273] := 15 16
              16 17
              17 18
              18 10
              10 6
              6 38
              ;
set F[274] := 15 26
              26 27
              27 12
              12 31
              31 7
              7 39
              ;
set F[275] := 15 26
              26 27
              27 12
              12 31
              31 7
              7 8
              8 40
              ;
set F[276] := 15 16
              16 17
              17 18
              18 10
              10 42
              ;
set F[277] := 15 26
              26 27
              27 12
              12 11
              11 43
              ;
set F[278] := 15 26
              26 27
              27 12
              12 44
              ;
set F[279] := 15 26
              26 27
              27 12
              12 29
              29 28
              28 13
              13 45
              ;
set F[280] := 15 16
              16 48
              ;
set F[281] := 15 16
              16 17
              17 49
              ;
set F[282] := 15 16
              16 17
              17 18
              18 50
              ;
set F[283] := 15 16
              16 17
              17 18
              18 10
              10 19
              19 51
              ;
set F[284] := 15 26
              26 27
              27 12
              12 31
              31 20
              20 52
              ;
set F[285] := 15 21
              21 53
              ;
set F[286] := 15 26
              26 22
              22 54
              ;
set F[287] := 15 26
              26 27
              27 12
              12 31
              31 23
              23 55
              ;
set F[288] := 15 26
              26 27
              27 12
              12 31
              31 23
              23 4
              4 24
              24 56
              ;
set F[289] := 15 25
              25 57
              ;
set F[290] := 15 26
              26 58
              ;
set F[291] := 15 26
              26 27
              27 59
              ;
set F[292] := 15 26
              26 27
              27 12
              12 29
              29 28
              28 60
              ;
set F[293] := 15 26
              26 27
              27 12
              12 29
              29 61
              ;
set F[294] := 15 26
              26 27
              27 12
              12 31
              31 30
              30 62
              ;
set F[295] := 15 26
              26 27
              27 12
              12 31
              31 63
              ;
set F[296] := 16 15
              15 26
              26 27
              27 12
              12 31
              31 23
              23 4
              4 36
              ;
set F[297] := 16 17
              17 18
              18 10
              10 6
              6 5
              5 37
              ;
set F[298] := 16 17
              17 18
              18 10
              10 6
              6 38
              ;
set F[299] := 16 15
              15 26
              26 27
              27 12
              12 31
              31 7
              7 39
              ;
set F[300] := 16 15
              15 26
              26 27
              27 12
              12 31
              31 7
              7 8
              8 40
              ;
set F[301] := 16 17
              17 18
              18 10
              10 42
              ;
set F[302] := 16 15
              15 26
              26 27
              27 12
              12 44
              ;
set F[303] := 16 15
              15 26
              26 27
              27 12
              12 29
              29 28
              28 13
              13 45
              ;
set F[304] := 16 15
              15 47
              ;
set F[305] := 16 17
              17 18
              18 50
              ;
set F[306] := 16 15
              15 26
              26 27
              27 12
              12 31
              31 20
              20 52
              ;
set F[307] := 16 15
              15 26
              26 27
              27 12
              12 31
              31 23
              23 55
              ;
set F[308] := 16 15
              15 26
              26 58
              ;
set F[309] := 16 15
              15 26
              26 27
              27 12
              12 29
              29 61
              ;
set F[310] := 16 15
              15 26
              26 27
              27 12
              12 31
              31 63
              ;
set F[311] := 17 16
              16 15
              15 26
              26 27
              27 12
              12 31
              31 23
              23 4
              4 1
              1 33
              ;
set F[312] := 17 18
              18 10
              10 6
              6 5
              5 7
              7 2
              2 34
              ;
set F[313] := 17 16
              16 15
              15 26
              26 27
              27 12
              12 31
              31 23
              23 4
              4 36
              ;
set F[314] := 17 18
              18 10
              10 6
              6 5
              5 37
              ;
set F[315] := 17 18
              18 10
              10 6
              6 38
              ;
set F[316] := 17 18
              18 10
              10 6
              6 5
              5 7
              7 39
              ;
set F[317] := 17 18
              18 10
              10 6
              6 5
              5 7
              7 8
              8 40
              ;
set F[318] := 17 18
              18 10
              10 42
              ;
set F[319] := 17 16
              16 15
              15 26
              26 27
              27 12
              12 11
              11 43
              ;
set F[320] := 17 16
              16 15
              15 26
              26 27
              27 12
              12 44
              ;
set F[321] := 17 16
              16 15
              15 26
              26 27
              27 12
              12 29
              29 28
              28 13
              13 45
              ;
set F[322] := 17 16
              16 15
              15 47
              ;
set F[323] := 17 16
              16 48
              ;
set F[324] := 17 18
              18 50
              ;
set F[325] := 17 16
              16 15
              15 26
              26 27
              27 12
              12 31
              31 20
              20 52
              ;
set F[326] := 17 16
              16 15
              15 26
              26 27
              27 12
              12 31
              31 23
              23 55
              ;
set F[327] := 17 16
              16 15
              15 26
              26 27
              27 12
              12 31
              31 23
              23 4
              4 24
              24 56
              ;
set F[328] := 17 16
              16 15
              15 26
              26 58
              ;
set F[329] := 17 16
              16 15
              15 26
              26 27
              27 59
              ;
set F[330] := 17 16
              16 15
              15 26
              26 27
              27 12
              12 29
              29 28
              28 60
              ;
set F[331] := 17 16
              16 15
              15 26
              26 27
              27 12
              12 29
              29 61
              ;
set F[332] := 17 16
              16 15
              15 26
              26 27
              27 12
              12 31
              31 30
              30 62
              ;
set F[333] := 17 16
              16 15
              15 26
              26 27
              27 12
              12 31
              31 63
              ;
set F[334] := 18 10
              10 6
              6 5
              5 7
              7 31
              31 23
              23 4
              4 1
              1 33
              ;
set F[335] := 18 10
              10 6
              6 5
              5 7
              7 2
              2 34
              ;
set F[336] := 18 10
              10 6
              6 5
              5 7
              7 31
              31 23
              23 4
              4 36
              ;
set F[337] := 18 10
              10 6
              6 5
              5 37
              ;
set F[338] := 18 10
              10 6
              6 38
              ;
set F[339] := 18 10
              10 6
              6 5
              5 7
              7 39
              ;
set F[340] := 18 10
              10 6
              6 5
              5 7
              7 8
              8 40
              ;
set F[341] := 18 10
              10 42
              ;
set F[342] := 18 10
              10 6
              6 5
              5 7
              7 31
              31 12
              12 11
              11 43
              ;
set F[343] := 18 10
              10 6
              6 5
              5 7
              7 31
              31 12
              12 44
              ;
set F[344] := 18 10
              10 6
              6 5
              5 7
              7 31
              31 12
              12 29
              29 28
              28 13
              13 45
              ;
set F[345] := 18 17
              17 16
              16 15
              15 47
              ;
set F[346] := 18 17
              17 16
              16 48
              ;
set F[347] := 18 17
              17 49
              ;
set F[348] := 18 10
              10 6
              6 5
              5 7
              7 31
              31 20
              20 52
              ;
set F[349] := 18 10
              10 6
              6 5
              5 7
              7 31
              31 23
              23 55
              ;
set F[350] := 18 17
              17 16
              16 15
              15 26
              26 58
              ;
set F[351] := 18 17
              17 16
              16 15
              15 26
              26 27
              27 59
              ;
set F[352] := 18 10
              10 6
              6 5
              5 7
              7 31
              31 12
              12 29
              29 61
              ;
set F[353] := 18 10
              10 6
              6 5
              5 7
              7 31
              31 30
              30 62
              ;
set F[354] := 18 10
              10 6
              6 5
              5 7
              7 31
              31 63
              ;
set F[355] := 19 10
              10 6
              6 5
              5 7
              7 2
              2 34
              ;
set F[356] := 19 10
              10 6
              6 5
              5 7
              7 31
              31 23
              23 4
              4 36
              ;
set F[357] := 19 10
              10 6
              6 5
              5 37
              ;
set F[358] := 19 10
              10 6
              6 38
              ;
set F[359] := 19 10
              10 6
              6 5
              5 7
              7 39
              ;
set F[360] := 19 10
              10 6
              6 5
              5 7
              7 8
              8 40
              ;
set F[361] := 19 10
              10 42
              ;
set F[362] := 19 10
              10 6
              6 5
              5 7
              7 31
              31 12
              12 11
              11 43
              ;
set F[363] := 19 10
              10 6
              6 5
              5 7
              7 31
              31 12
              12 44
              ;
set F[364] := 19 10
              10 6
              6 5
              5 7
              7 31
              31 12
              12 29
              29 28
              28 13
              13 45
              ;
set F[365] := 19 10
              10 18
              18 17
              17 16
              16 15
              15 47
              ;
set F[366] := 19 10
              10 18
              18 17
              17 16
              16 48
              ;
set F[367] := 19 10
              10 18
              18 50
              ;
set F[368] := 19 10
              10 6
              6 5
              5 7
              7 31
              31 20
              20 52
              ;
set F[369] := 19 10
              10 6
              6 5
              5 7
              7 31
              31 23
              23 55
              ;
set F[370] := 19 10
              10 18
              18 17
              17 16
              16 15
              15 26
              26 58
              ;
set F[371] := 19 10
              10 6
              6 5
              5 7
              7 31
              31 12
              12 29
              29 61
              ;
set F[372] := 19 10
              10 6
              6 5
              5 7
              7 31
              31 63
              ;
set F[373] := 20 31
              31 23
              23 4
              4 36
              ;
set F[374] := 20 31
              31 7
              7 39
              ;
set F[375] := 20 31
              31 7
              7 5
              5 6
              6 10
              10 42
              ;
set F[376] := 20 31
              31 12
              12 44
              ;
set F[377] := 20 31
              31 12
              12 27
              27 26
              26 58
              ;
set F[378] := 20 31
              31 12
              12 29
              29 61
              ;
set F[379] := 20 31
              31 63
              ;
set F[380] := 21 15
              15 26
              26 27
              27 12
              12 31
              31 7
              7 2
              2 34
              ;
set F[381] := 21 15
              15 26
              26 27
              27 12
              12 31
              31 23
              23 4
              4 36
              ;
set F[382] := 21 15
              15 26
              26 27
              27 12
              12 31
              31 7
              7 5
              5 37
              ;
set F[383] := 21 15
              15 16
              16 17
              17 18
              18 10
              10 6
              6 38
              ;
set F[384] := 21 15
              15 26
              26 27
              27 12
              12 31
              31 7
              7 39
              ;
set F[385] := 21 15
              15 26
              26 27
              27 12
              12 31
              31 7
              7 8
              8 40
              ;
set F[386] := 21 15
              15 16
              16 17
              17 18
              18 10
              10 42
              ;
set F[387] := 21 15
              15 26
              26 27
              27 12
              12 11
              11 43
              ;
set F[388] := 21 15
              15 26
              26 27
              27 12
              12 44
              ;
set F[389] := 21 15
              15 26
              26 27
              27 12
              12 29
              29 28
              28 13
              13 45
              ;
set F[390] := 21 15
              15 47
              ;
set F[391] := 21 15
              15 16
              16 48
              ;
set F[392] := 21 15
              15 16
              16 17
              17 49
              ;
set F[393] := 21 15
              15 16
              16 17
              17 18
              18 50
              ;
set F[394] := 21 15
              15 26
              26 27
              27 12
              12 31
              31 20
              20 52
              ;
set F[395] := 21 15
              15 26
              26 27
              27 12
              12 31
              31 23
              23 55
              ;
set F[396] := 21 15
              15 26
              26 58
              ;
set F[397] := 21 15
              15 26
              26 27
              27 59
              ;
set F[398] := 21 15
              15 26
              26 27
              27 12
              12 29
              29 61
              ;
set F[399] := 21 15
              15 26
              26 27
              27 12
              12 31
              31 30
              30 62
              ;
set F[400] := 21 15
              15 26
              26 27
              27 12
              12 31
              31 63
              ;
set F[401] := 22 26
              26 27
              27 12
              12 31
              31 7
              7 2
              2 34
              ;
set F[402] := 22 26
              26 27
              27 12
              12 31
              31 23
              23 4
              4 36
              ;
set F[403] := 22 26
              26 27
              27 12
              12 31
              31 7
              7 5
              5 37
              ;
set F[404] := 22 26
              26 15
              15 16
              16 17
              17 18
              18 10
              10 6
              6 38
              ;
set F[405] := 22 26
              26 27
              27 12
              12 31
              31 7
              7 39
              ;
set F[406] := 22 26
              26 27
              27 12
              12 31
              31 7
              7 8
              8 40
              ;
set F[407] := 22 26
              26 15
              15 16
              16 17
              17 18
              18 10
              10 42
              ;
set F[408] := 22 26
              26 27
              27 12
              12 11
              11 43
              ;
set F[409] := 22 26
              26 27
              27 12
              12 44
              ;
set F[410] := 22 26
              26 27
              27 12
              12 29
              29 28
              28 13
              13 45
              ;
set F[411] := 22 26
              26 15
              15 47
              ;
set F[412] := 22 26
              26 15
              15 16
              16 48
              ;
set F[413] := 22 26
              26 15
              15 16
              16 17
              17 49
              ;
set F[414] := 22 26
              26 15
              15 16
              16 17
              17 18
              18 50
              ;
set F[415] := 22 26
              26 27
              27 12
              12 31
              31 20
              20 52
              ;
set F[416] := 22 26
              26 27
              27 12
              12 31
              31 23
              23 55
              ;
set F[417] := 22 26
              26 58
              ;
set F[418] := 22 26
              26 27
              27 59
              ;
set F[419] := 22 26
              26 27
              27 12
              12 29
              29 61
              ;
set F[420] := 22 26
              26 27
              27 12
              12 31
              31 30
              30 62
              ;
set F[421] := 22 26
              26 27
              27 12
              12 31
              31 63
              ;
set F[422] := 23 31
              31 7
              7 2
              2 34
              ;
set F[423] := 23 4
              4 36
              ;
set F[424] := 23 31
              31 7
              7 5
              5 37
              ;
set F[425] := 23 31
              31 7
              7 5
              5 6
              6 38
              ;
set F[426] := 23 31
              31 7
              7 39
              ;
set F[427] := 23 31
              31 7
              7 8
              8 40
              ;
set F[428] := 23 31
              31 7
              7 5
              5 6
              6 10
              10 42
              ;
set F[429] := 23 31
              31 12
              12 11
              11 43
              ;
set F[430] := 23 31
              31 12
              12 44
              ;
set F[431] := 23 4
              4 24
              24 3
              3 13
              13 45
              ;
set F[432] := 23 31
              31 12
              12 27
              27 26
              26 15
              15 47
              ;
set F[433] := 23 31
              31 12
              12 27
              27 26
              26 15
              15 16
              16 48
              ;
set F[434] := 23 31
              31 7
              7 5
              5 6
              6 10
              10 18
              18 17
              17 49
              ;
set F[435] := 23 31
              31 7
              7 5
              5 6
              6 10
              10 18
              18 50
              ;
set F[436] := 23 31
              31 20
              20 52
              ;
set F[437] := 23 31
              31 12
              12 27
              27 26
              26 58
              ;
set F[438] := 23 31
              31 12
              12 27
              27 59
              ;
set F[439] := 23 31
              31 12
              12 29
              29 61
              ;
set F[440] := 23 31
              31 30
              30 62
              ;
set F[441] := 23 31
              31 63
              ;
set F[442] := 24 4
              4 36
              ;
set F[443] := 24 4
              4 23
              23 31
              31 7
              7 5
              5 37
              ;
set F[444] := 24 4
              4 23
              23 31
              31 7
              7 39
              ;
set F[445] := 24 4
              4 23
              23 31
              31 7
              7 5
              5 6
              6 10
              10 42
              ;
set F[446] := 24 4
              4 23
              23 31
              31 12
              12 44
              ;
set F[447] := 24 4
              4 23
              23 31
              31 12
              12 27
              27 26
              26 15
              15 47
              ;
set F[448] := 24 4
              4 23
              23 31
              31 7
              7 5
              5 6
              6 10
              10 18
              18 50
              ;
set F[449] := 24 4
              4 23
              23 31
              31 12
              12 27
              27 26
              26 58
              ;
set F[450] := 24 3
              3 13
              13 28
              28 29
              29 61
              ;
set F[451] := 24 4
              4 23
              23 31
              31 63
              ;
set F[452] := 25 15
              15 26
              26 27
              27 12
              12 31
              31 7
              7 2
              2 34
              ;
set F[453] := 25 15
              15 26
              26 27
              27 12
              12 31
              31 23
              23 4
              4 36
              ;
set F[454] := 25 15
              15 26
              26 27
              27 12
              12 31
              31 7
              7 5
              5 37
              ;
set F[455] := 25 15
              15 16
              16 17
              17 18
              18 10
              10 6
              6 38
              ;
set F[456] := 25 15
              15 26
              26 27
              27 12
              12 31
              31 7
              7 39
              ;
set F[457] := 25 15
              15 26
              26 27
              27 12
              12 31
              31 7
              7 8
              8 40
              ;
set F[458] := 25 15
              15 16
              16 17
              17 18
              18 10
              10 42
              ;
set F[459] := 25 15
              15 26
              26 27
              27 12
              12 11
              11 43
              ;
set F[460] := 25 15
              15 26
              26 27
              27 12
              12 44
              ;
set F[461] := 25 15
              15 26
              26 27
              27 12
              12 29
              29 28
              28 13
              13 45
              ;
set F[462] := 25 15
              15 47
              ;
set F[463] := 25 15
              15 16
              16 48
              ;
set F[464] := 25 15
              15 16
              16 17
              17 18
              18 50
              ;
set F[465] := 25 15
              15 26
              26 27
              27 12
              12 31
              31 20
              20 52
              ;
set F[466] := 25 15
              15 26
              26 27
              27 12
              12 31
              31 23
              23 55
              ;
set F[467] := 25 15
              15 26
              26 58
              ;
set F[468] := 25 15
              15 26
              26 27
              27 12
              12 29
              29 61
              ;
set F[469] := 25 15
              15 26
              26 27
              27 12
              12 31
              31 63
              ;
set F[470] := 26 27
              27 12
              12 31
              31 23
              23 4
              4 36
              ;
set F[471] := 26 27
              27 12
              12 31
              31 7
              7 5
              5 37
              ;
set F[472] := 26 15
              15 16
              16 17
              17 18
              18 10
              10 6
              6 38
              ;
set F[473] := 26 27
              27 12
              12 31
              31 7
              7 39
              ;
set F[474] := 26 15
              15 16
              16 17
              17 18
              18 10
              10 42
              ;
set F[475] := 26 27
              27 12
              12 44
              ;
set F[476] := 26 27
              27 12
              12 29
              29 28
              28 13
              13 45
              ;
set F[477] := 26 15
              15 47
              ;
set F[478] := 26 15
              15 16
              16 17
              17 18
              18 50
              ;
set F[479] := 26 27
              27 12
              12 31
              31 23
              23 55
              ;
set F[480] := 26 27
              27 12
              12 29
              29 61
              ;
set F[481] := 26 27
              27 12
              12 31
              31 63
              ;
set F[482] := 27 12
              12 31
              31 23
              23 4
              4 1
              1 33
              ;
set F[483] := 27 12
              12 31
              31 7
              7 2
              2 34
              ;
set F[484] := 27 12
              12 31
              31 23
              23 4
              4 36
              ;
set F[485] := 27 12
              12 31
              31 7
              7 5
              5 37
              ;
set F[486] := 27 12
              12 31
              31 7
              7 5
              5 6
              6 38
              ;
set F[487] := 27 12
              12 31
              31 7
              7 39
              ;
set F[488] := 27 12
              12 31
              31 7
              7 8
              8 40
              ;
set F[489] := 27 12
              12 31
              31 7
              7 5
              5 6
              6 10
              10 42
              ;
set F[490] := 27 12
              12 11
              11 43
              ;
set F[491] := 27 12
              12 44
              ;
set F[492] := 27 12
              12 29
              29 28
              28 13
              13 45
              ;
set F[493] := 27 26
              26 15
              15 47
              ;
set F[494] := 27 26
              26 15
              15 16
              16 48
              ;
set F[495] := 27 26
              26 15
              15 16
              16 17
              17 49
              ;
set F[496] := 27 26
              26 15
              15 16
              16 17
              17 18
              18 50
              ;
set F[497] := 27 12
              12 31
              31 20
              20 52
              ;
set F[498] := 27 12
              12 31
              31 23
              23 55
              ;
set F[499] := 27 12
              12 31
              31 23
              23 4
              4 24
              24 56
              ;
set F[500] := 27 26
              26 58
              ;
set F[501] := 27 12
              12 29
              29 28
              28 60
              ;
set F[502] := 27 12
              12 29
              29 61
              ;
set F[503] := 27 12
              12 31
              31 30
              30 62
              ;
set F[504] := 27 12
              12 31
              31 63
              ;
set F[505] := 28 13
              13 3
              3 24
              24 4
              4 1
              1 33
              ;
set F[506] := 28 29
              29 12
              12 31
              31 7
              7 2
              2 34
              ;
set F[507] := 28 13
              13 3
              3 24
              24 4
              4 36
              ;
set F[508] := 28 29
              29 12
              12 31
              31 7
              7 5
              5 37
              ;
set F[509] := 28 29
              29 12
              12 31
              31 7
              7 5
              5 6
              6 38
              ;
set F[510] := 28 29
              29 12
              12 31
              31 7
              7 39
              ;
set F[511] := 28 29
              29 12
              12 31
              31 7
              7 8
              8 40
              ;
set F[512] := 28 29
              29 12
              12 31
              31 7
              7 5
              5 6
              6 10
              10 42
              ;
set F[513] := 28 29
              29 12
              12 11
              11 43
              ;
set F[514] := 28 29
              29 12
              12 44
              ;
set F[515] := 28 13
              13 45
              ;
set F[516] := 28 29
              29 12
              12 27
              27 26
              26 15
              15 47
              ;
set F[517] := 28 29
              29 12
              12 27
              27 26
              26 15
              15 16
              16 48
              ;
set F[518] := 28 29
              29 12
              12 27
              27 26
              26 15
              15 16
              16 17
              17 49
              ;
set F[519] := 28 29
              29 12
              12 27
              27 26
              26 15
              15 16
              16 17
              17 18
              18 50
              ;
set F[520] := 28 29
              29 12
              12 31
              31 20
              20 52
              ;
set F[521] := 28 29
              29 12
              12 31
              31 23
              23 55
              ;
set F[522] := 28 13
              13 3
              3 24
              24 56
              ;
set F[523] := 28 29
              29 12
              12 27
              27 26
              26 58
              ;
set F[524] := 28 29
              29 12
              12 27
              27 59
              ;
set F[525] := 28 29
              29 61
              ;
set F[526] := 28 29
              29 12
              12 31
              31 30
              30 62
              ;
set F[527] := 28 29
              29 12
              12 31
              31 63
              ;
set F[528] := 29 12
              12 31
              31 23
              23 4
              4 1
              1 33
              ;
set F[529] := 29 12
              12 31
              31 7
              7 2
              2 34
              ;
set F[530] := 29 12
              12 31
              31 23
              23 4
              4 36
              ;
set F[531] := 29 12
              12 31
              31 7
              7 5
              5 37
              ;
set F[532] := 29 12
              12 31
              31 7
              7 5
              5 6
              6 38
              ;
set F[533] := 29 12
              12 31
              31 7
              7 39
              ;
set F[534] := 29 12
              12 31
              31 7
              7 8
              8 40
              ;
set F[535] := 29 12
              12 31
              31 7
              7 5
              5 6
              6 10
              10 42
              ;
set F[536] := 29 12
              12 11
              11 43
              ;
set F[537] := 29 12
              12 44
              ;
set F[538] := 29 28
              28 13
              13 45
              ;
set F[539] := 29 12
              12 27
              27 26
              26 15
              15 47
              ;
set F[540] := 29 12
              12 27
              27 26
              26 15
              15 16
              16 48
              ;
set F[541] := 29 12
              12 27
              27 26
              26 15
              15 16
              16 17
              17 49
              ;
set F[542] := 29 12
              12 27
              27 26
              26 15
              15 16
              16 17
              17 18
              18 50
              ;
set F[543] := 29 12
              12 31
              31 20
              20 52
              ;
set F[544] := 29 12
              12 31
              31 23
              23 55
              ;
set F[545] := 29 12
              12 27
              27 26
              26 58
              ;
set F[546] := 29 12
              12 27
              27 59
              ;
set F[547] := 29 12
              12 31
              31 30
              30 62
              ;
set F[548] := 29 12
              12 31
              31 63
              ;
set F[549] := 30 31
              31 23
              23 4
              4 36
              ;
set F[550] := 30 31
              31 7
              7 5
              5 37
              ;
set F[551] := 30 31
              31 7
              7 5
              5 6
              6 38
              ;
set F[552] := 30 31
              31 7
              7 39
              ;
set F[553] := 30 31
              31 7
              7 8
              8 40
              ;
set F[554] := 30 31
              31 7
              7 5
              5 6
              6 10
              10 42
              ;
set F[555] := 30 31
              31 12
              12 44
              ;
set F[556] := 30 31
              31 12
              12 29
              29 28
              28 13
              13 45
              ;
set F[557] := 30 31
              31 12
              12 27
              27 26
              26 15
              15 47
              ;
set F[558] := 30 31
              31 12
              12 27
              27 26
              26 15
              15 16
              16 48
              ;
set F[559] := 30 31
              31 7
              7 5
              5 6
              6 10
              10 18
              18 50
              ;
set F[560] := 30 31
              31 20
              20 52
              ;
set F[561] := 30 31
              31 23
              23 55
              ;
set F[562] := 30 31
              31 12
              12 27
              27 26
              26 58
              ;
set F[563] := 30 31
              31 12
              12 29
              29 61
              ;
set F[564] := 30 31
              31 63
              ;
set F[565] := 31 23
              23 4
              4 1
              1 33
              ;
set F[566] := 31 7
              7 2
              2 34
              ;
set F[567] := 31 23
              23 4
              4 24
              24 3
              3 35
              ;
set F[568] := 31 23
              23 4
              4 36
              ;
set F[569] := 31 7
              7 5
              5 37
              ;
set F[570] := 31 7
              7 5
              5 6
              6 38
              ;
set F[571] := 31 7
              7 39
              ;
set F[572] := 31 7
              7 8
              8 40
              ;
set F[573] := 31 7
              7 5
              5 6
              6 10
              10 42
              ;
set F[574] := 31 12
              12 11
              11 43
              ;
set F[575] := 31 12
              12 44
              ;
set F[576] := 31 12
              12 29
              29 28
              28 13
              13 45
              ;
set F[577] := 31 12
              12 27
              27 26
              26 15
              15 47
              ;
set F[578] := 31 12
              12 27
              27 26
              26 15
              15 16
              16 48
              ;
set F[579] := 31 7
              7 5
              5 6
              6 10
              10 18
              18 17
              17 49
              ;
set F[580] := 31 7
              7 5
              5 6
              6 10
              10 18
              18 50
              ;
set F[581] := 31 7
              7 5
              5 6
              6 10
              10 19
              19 51
              ;
set F[582] := 31 20
              20 52
              ;
set F[583] := 31 23
              23 55
              ;
set F[584] := 31 23
              23 4
              4 24
              24 56
              ;
set F[585] := 31 12
              12 27
              27 26
              26 15
              15 25
              25 57
              ;
set F[586] := 31 12
              12 27
              27 26
              26 58
              ;
set F[587] := 31 12
              12 27
              27 59
              ;
set F[588] := 31 12
              12 29
              29 28
              28 60
              ;
set F[589] := 31 12
              12 29
              29 61
              ;
set F[590] := 31 30
              30 62
              ;
set F[591] := 32 31
              31 7
              7 39
              ;
set F[592] := 32 31
              31 7
              7 5
              5 6
              6 10
              10 42
              ;
set F[593] := 32 31
              31 12
              12 44
              ;
set F[594] := 32 31
              31 12
              12 27
              27 26
              26 58
              ;
set F[595] := 32 31
              31 63
              ;
set Last[1] := 1 33;
set Last[2] := 4 36;
set Last[3] := 5 37;
set Last[4] := 6 38;
set Last[5] := 7 39;
set Last[6] := 8 40;
set Last[7] := 10 42;
set Last[8] := 11 43;
set Last[9] := 12 44;
set Last[10] := 13 45;
set Last[11] := 15 47;
set Last[12] := 16 48;
set Last[13] := 17 49;
set Last[14] := 18 50;
set Last[15] := 20 52;
set Last[16] := 23 55;
set Last[17] := 26 58;
set Last[18] := 27 59;
set Last[19] := 29 61;
set Last[20] := 30 62;
set Last[21] := 31 63;
set Last[22] := 1 33;
set Last[23] := 2 34;
set Last[24] := 4 36;
set Last[25] := 5 37;
set Last[26] := 6 38;
set Last[27] := 7 39;
set Last[28] := 8 40;
set Last[29] := 10 42;
set Last[30] := 11 43;
set Last[31] := 12 44;
set Last[32] := 13 45;
set Last[33] := 15 47;
set Last[34] := 16 48;
set Last[35] := 17 49;
set Last[36] := 18 50;
set Last[37] := 20 52;
set Last[38] := 23 55;
set Last[39] := 24 56;
set Last[40] := 26 58;
set Last[41] := 27 59;
set Last[42] := 28 60;
set Last[43] := 29 61;
set Last[44] := 30 62;
set Last[45] := 31 63;
set Last[46] := 1 33;
set Last[47] := 2 34;
set Last[48] := 5 37;
set Last[49] := 6 38;
set Last[50] := 7 39;
set Last[51] := 8 40;
set Last[52] := 10 42;
set Last[53] := 11 43;
set Last[54] := 12 44;
set Last[55] := 13 45;
set Last[56] := 15 47;
set Last[57] := 16 48;
set Last[58] := 17 49;
set Last[59] := 18 50;
set Last[60] := 20 52;
set Last[61] := 23 55;
set Last[62] := 24 56;
set Last[63] := 26 58;
set Last[64] := 27 59;
set Last[65] := 28 60;
set Last[66] := 29 61;
set Last[67] := 30 62;
set Last[68] := 31 63;
set Last[69] := 1 33;
set Last[70] := 2 34;
set Last[71] := 4 36;
set Last[72] := 6 38;
set Last[73] := 7 39;
set Last[74] := 8 40;
set Last[75] := 10 42;
set Last[76] := 11 43;
set Last[77] := 12 44;
set Last[78] := 13 45;
set Last[79] := 15 47;
set Last[80] := 16 48;
set Last[81] := 17 49;
set Last[82] := 18 50;
set Last[83] := 20 52;
set Last[84] := 23 55;
set Last[85] := 24 56;
set Last[86] := 26 58;
set Last[87] := 27 59;
set Last[88] := 28 60;
set Last[89] := 29 61;
set Last[90] := 30 62;
set Last[91] := 31 63;
set Last[92] := 1 33;
set Last[93] := 2 34;
set Last[94] := 4 36;
set Last[95] := 5 37;
set Last[96] := 7 39;
set Last[97] := 8 40;
set Last[98] := 10 42;
set Last[99] := 11 43;
set Last[100] := 12 44;
set Last[101] := 13 45;
set Last[102] := 15 47;
set Last[103] := 16 48;
set Last[104] := 17 49;
set Last[105] := 18 50;
set Last[106] := 20 52;
set Last[107] := 23 55;
set Last[108] := 24 56;
set Last[109] := 26 58;
set Last[110] := 27 59;
set Last[111] := 29 61;
set Last[112] := 30 62;
set Last[113] := 31 63;
set Last[114] := 1 33;
set Last[115] := 2 34;
set Last[116] := 3 35;
set Last[117] := 4 36;
set Last[118] := 5 37;
set Last[119] := 6 38;
set Last[120] := 8 40;
set Last[121] := 10 42;
set Last[122] := 11 43;
set Last[123] := 12 44;
set Last[124] := 13 45;
set Last[125] := 15 47;
set Last[126] := 16 48;
set Last[127] := 17 49;
set Last[128] := 18 50;
set Last[129] := 19 51;
set Last[130] := 20 52;
set Last[131] := 23 55;
set Last[132] := 24 56;
set Last[133] := 25 57;
set Last[134] := 26 58;
set Last[135] := 27 59;
set Last[136] := 28 60;
set Last[137] := 29 61;
set Last[138] := 30 62;
set Last[139] := 31 63;
set Last[140] := 2 34;
set Last[141] := 4 36;
set Last[142] := 5 37;
set Last[143] := 6 38;
set Last[144] := 7 39;
set Last[145] := 10 42;
set Last[146] := 11 43;
set Last[147] := 12 44;
set Last[148] := 13 45;
set Last[149] := 15 47;
set Last[150] := 16 48;
set Last[151] := 17 49;
set Last[152] := 18 50;
set Last[153] := 20 52;
set Last[154] := 23 55;
set Last[155] := 26 58;
set Last[156] := 27 59;
set Last[157] := 29 61;
set Last[158] := 30 62;
set Last[159] := 31 63;
set Last[160] := 4 36;
set Last[161] := 5 37;
set Last[162] := 6 38;
set Last[163] := 7 39;
set Last[164] := 10 42;
set Last[165] := 12 44;
set Last[166] := 13 45;
set Last[167] := 15 47;
set Last[168] := 18 50;
set Last[169] := 23 55;
set Last[170] := 26 58;
set Last[171] := 29 61;
set Last[172] := 31 63;
set Last[173] := 1 33;
set Last[174] := 2 34;
set Last[175] := 4 36;
set Last[176] := 5 37;
set Last[177] := 6 38;
set Last[178] := 7 39;
set Last[179] := 8 40;
set Last[180] := 11 43;
set Last[181] := 12 44;
set Last[182] := 13 45;
set Last[183] := 15 47;
set Last[184] := 16 48;
set Last[185] := 17 49;
set Last[186] := 18 50;
set Last[187] := 20 52;
set Last[188] := 23 55;
set Last[189] := 24 56;
set Last[190] := 26 58;
set Last[191] := 27 59;
set Last[192] := 29 61;
set Last[193] := 30 62;
set Last[194] := 31 63;
set Last[195] := 7 39;
set Last[196] := 10 42;
set Last[197] := 12 44;
set Last[198] := 26 58;
set Last[199] := 31 63;
set Last[200] := 1 33;
set Last[201] := 2 34;
set Last[202] := 4 36;
set Last[203] := 5 37;
set Last[204] := 6 38;
set Last[205] := 7 39;
set Last[206] := 8 40;
set Last[207] := 10 42;
set Last[208] := 11 43;
set Last[209] := 13 45;
set Last[210] := 15 47;
set Last[211] := 16 48;
set Last[212] := 17 49;
set Last[213] := 18 50;
set Last[214] := 19 51;
set Last[215] := 20 52;
set Last[216] := 23 55;
set Last[217] := 24 56;
set Last[218] := 26 58;
set Last[219] := 27 59;
set Last[220] := 28 60;
set Last[221] := 29 61;
set Last[222] := 30 62;
set Last[223] := 31 63;
set Last[224] := 1 33;
set Last[225] := 2 34;
set Last[226] := 4 36;
set Last[227] := 5 37;
set Last[228] := 6 38;
set Last[229] := 7 39;
set Last[230] := 8 40;
set Last[231] := 10 42;
set Last[232] := 11 43;
set Last[233] := 12 44;
set Last[234] := 15 47;
set Last[235] := 16 48;
set Last[236] := 17 49;
set Last[237] := 18 50;
set Last[238] := 20 52;
set Last[239] := 23 55;
set Last[240] := 24 56;
set Last[241] := 26 58;
set Last[242] := 27 59;
set Last[243] := 28 60;
set Last[244] := 29 61;
set Last[245] := 30 62;
set Last[246] := 31 63;
set Last[247] := 2 34;
set Last[248] := 4 36;
set Last[249] := 5 37;
set Last[250] := 6 38;
set Last[251] := 7 39;
set Last[252] := 8 40;
set Last[253] := 10 42;
set Last[254] := 11 43;
set Last[255] := 12 44;
set Last[256] := 13 45;
set Last[257] := 15 47;
set Last[258] := 16 48;
set Last[259] := 17 49;
set Last[260] := 18 50;
set Last[261] := 20 52;
set Last[262] := 23 55;
set Last[263] := 26 58;
set Last[264] := 27 59;
set Last[265] := 29 61;
set Last[266] := 30 62;
set Last[267] := 31 63;
set Last[268] := 1 33;
set Last[269] := 2 34;
set Last[270] := 3 35;
set Last[271] := 4 36;
set Last[272] := 5 37;
set Last[273] := 6 38;
set Last[274] := 7 39;
set Last[275] := 8 40;
set Last[276] := 10 42;
set Last[277] := 11 43;
set Last[278] := 12 44;
set Last[279] := 13 45;
set Last[280] := 16 48;
set Last[281] := 17 49;
set Last[282] := 18 50;
set Last[283] := 19 51;
set Last[284] := 20 52;
set Last[285] := 21 53;
set Last[286] := 22 54;
set Last[287] := 23 55;
set Last[288] := 24 56;
set Last[289] := 25 57;
set Last[290] := 26 58;
set Last[291] := 27 59;
set Last[292] := 28 60;
set Last[293] := 29 61;
set Last[294] := 30 62;
set Last[295] := 31 63;
set Last[296] := 4 36;
set Last[297] := 5 37;
set Last[298] := 6 38;
set Last[299] := 7 39;
set Last[300] := 8 40;
set Last[301] := 10 42;
set Last[302] := 12 44;
set Last[303] := 13 45;
set Last[304] := 15 47;
set Last[305] := 18 50;
set Last[306] := 20 52;
set Last[307] := 23 55;
set Last[308] := 26 58;
set Last[309] := 29 61;
set Last[310] := 31 63;
set Last[311] := 1 33;
set Last[312] := 2 34;
set Last[313] := 4 36;
set Last[314] := 5 37;
set Last[315] := 6 38;
set Last[316] := 7 39;
set Last[317] := 8 40;
set Last[318] := 10 42;
set Last[319] := 11 43;
set Last[320] := 12 44;
set Last[321] := 13 45;
set Last[322] := 15 47;
set Last[323] := 16 48;
set Last[324] := 18 50;
set Last[325] := 20 52;
set Last[326] := 23 55;
set Last[327] := 24 56;
set Last[328] := 26 58;
set Last[329] := 27 59;
set Last[330] := 28 60;
set Last[331] := 29 61;
set Last[332] := 30 62;
set Last[333] := 31 63;
set Last[334] := 1 33;
set Last[335] := 2 34;
set Last[336] := 4 36;
set Last[337] := 5 37;
set Last[338] := 6 38;
set Last[339] := 7 39;
set Last[340] := 8 40;
set Last[341] := 10 42;
set Last[342] := 11 43;
set Last[343] := 12 44;
set Last[344] := 13 45;
set Last[345] := 15 47;
set Last[346] := 16 48;
set Last[347] := 17 49;
set Last[348] := 20 52;
set Last[349] := 23 55;
set Last[350] := 26 58;
set Last[351] := 27 59;
set Last[352] := 29 61;
set Last[353] := 30 62;
set Last[354] := 31 63;
set Last[355] := 2 34;
set Last[356] := 4 36;
set Last[357] := 5 37;
set Last[358] := 6 38;
set Last[359] := 7 39;
set Last[360] := 8 40;
set Last[361] := 10 42;
set Last[362] := 11 43;
set Last[363] := 12 44;
set Last[364] := 13 45;
set Last[365] := 15 47;
set Last[366] := 16 48;
set Last[367] := 18 50;
set Last[368] := 20 52;
set Last[369] := 23 55;
set Last[370] := 26 58;
set Last[371] := 29 61;
set Last[372] := 31 63;
set Last[373] := 4 36;
set Last[374] := 7 39;
set Last[375] := 10 42;
set Last[376] := 12 44;
set Last[377] := 26 58;
set Last[378] := 29 61;
set Last[379] := 31 63;
set Last[380] := 2 34;
set Last[381] := 4 36;
set Last[382] := 5 37;
set Last[383] := 6 38;
set Last[384] := 7 39;
set Last[385] := 8 40;
set Last[386] := 10 42;
set Last[387] := 11 43;
set Last[388] := 12 44;
set Last[389] := 13 45;
set Last[390] := 15 47;
set Last[391] := 16 48;
set Last[392] := 17 49;
set Last[393] := 18 50;
set Last[394] := 20 52;
set Last[395] := 23 55;
set Last[396] := 26 58;
set Last[397] := 27 59;
set Last[398] := 29 61;
set Last[399] := 30 62;
set Last[400] := 31 63;
set Last[401] := 2 34;
set Last[402] := 4 36;
set Last[403] := 5 37;
set Last[404] := 6 38;
set Last[405] := 7 39;
set Last[406] := 8 40;
set Last[407] := 10 42;
set Last[408] := 11 43;
set Last[409] := 12 44;
set Last[410] := 13 45;
set Last[411] := 15 47;
set Last[412] := 16 48;
set Last[413] := 17 49;
set Last[414] := 18 50;
set Last[415] := 20 52;
set Last[416] := 23 55;
set Last[417] := 26 58;
set Last[418] := 27 59;
set Last[419] := 29 61;
set Last[420] := 30 62;
set Last[421] := 31 63;
set Last[422] := 2 34;
set Last[423] := 4 36;
set Last[424] := 5 37;
set Last[425] := 6 38;
set Last[426] := 7 39;
set Last[427] := 8 40;
set Last[428] := 10 42;
set Last[429] := 11 43;
set Last[430] := 12 44;
set Last[431] := 13 45;
set Last[432] := 15 47;
set Last[433] := 16 48;
set Last[434] := 17 49;
set Last[435] := 18 50;
set Last[436] := 20 52;
set Last[437] := 26 58;
set Last[438] := 27 59;
set Last[439] := 29 61;
set Last[440] := 30 62;
set Last[441] := 31 63;
set Last[442] := 4 36;
set Last[443] := 5 37;
set Last[444] := 7 39;
set Last[445] := 10 42;
set Last[446] := 12 44;
set Last[447] := 15 47;
set Last[448] := 18 50;
set Last[449] := 26 58;
set Last[450] := 29 61;
set Last[451] := 31 63;
set Last[452] := 2 34;
set Last[453] := 4 36;
set Last[454] := 5 37;
set Last[455] := 6 38;
set Last[456] := 7 39;
set Last[457] := 8 40;
set Last[458] := 10 42;
set Last[459] := 11 43;
set Last[460] := 12 44;
set Last[461] := 13 45;
set Last[462] := 15 47;
set Last[463] := 16 48;
set Last[464] := 18 50;
set Last[465] := 20 52;
set Last[466] := 23 55;
set Last[467] := 26 58;
set Last[468] := 29 61;
set Last[469] := 31 63;
set Last[470] := 4 36;
set Last[471] := 5 37;
set Last[472] := 6 38;
set Last[473] := 7 39;
set Last[474] := 10 42;
set Last[475] := 12 44;
set Last[476] := 13 45;
set Last[477] := 15 47;
set Last[478] := 18 50;
set Last[479] := 23 55;
set Last[480] := 29 61;
set Last[481] := 31 63;
set Last[482] := 1 33;
set Last[483] := 2 34;
set Last[484] := 4 36;
set Last[485] := 5 37;
set Last[486] := 6 38;
set Last[487] := 7 39;
set Last[488] := 8 40;
set Last[489] := 10 42;
set Last[490] := 11 43;
set Last[491] := 12 44;
set Last[492] := 13 45;
set Last[493] := 15 47;
set Last[494] := 16 48;
set Last[495] := 17 49;
set Last[496] := 18 50;
set Last[497] := 20 52;
set Last[498] := 23 55;
set Last[499] := 24 56;
set Last[500] := 26 58;
set Last[501] := 28 60;
set Last[502] := 29 61;
set Last[503] := 30 62;
set Last[504] := 31 63;
set Last[505] := 1 33;
set Last[506] := 2 34;
set Last[507] := 4 36;
set Last[508] := 5 37;
set Last[509] := 6 38;
set Last[510] := 7 39;
set Last[511] := 8 40;
set Last[512] := 10 42;
set Last[513] := 11 43;
set Last[514] := 12 44;
set Last[515] := 13 45;
set Last[516] := 15 47;
set Last[517] := 16 48;
set Last[518] := 17 49;
set Last[519] := 18 50;
set Last[520] := 20 52;
set Last[521] := 23 55;
set Last[522] := 24 56;
set Last[523] := 26 58;
set Last[524] := 27 59;
set Last[525] := 29 61;
set Last[526] := 30 62;
set Last[527] := 31 63;
set Last[528] := 1 33;
set Last[529] := 2 34;
set Last[530] := 4 36;
set Last[531] := 5 37;
set Last[532] := 6 38;
set Last[533] := 7 39;
set Last[534] := 8 40;
set Last[535] := 10 42;
set Last[536] := 11 43;
set Last[537] := 12 44;
set Last[538] := 13 45;
set Last[539] := 15 47;
set Last[540] := 16 48;
set Last[541] := 17 49;
set Last[542] := 18 50;
set Last[543] := 20 52;
set Last[544] := 23 55;
set Last[545] := 26 58;
set Last[546] := 27 59;
set Last[547] := 30 62;
set Last[548] := 31 63;
set Last[549] := 4 36;
set Last[550] := 5 37;
set Last[551] := 6 38;
set Last[552] := 7 39;
set Last[553] := 8 40;
set Last[554] := 10 42;
set Last[555] := 12 44;
set Last[556] := 13 45;
set Last[557] := 15 47;
set Last[558] := 16 48;
set Last[559] := 18 50;
set Last[560] := 20 52;
set Last[561] := 23 55;
set Last[562] := 26 58;
set Last[563] := 29 61;
set Last[564] := 31 63;
set Last[565] := 1 33;
set Last[566] := 2 34;
set Last[567] := 3 35;
set Last[568] := 4 36;
set Last[569] := 5 37;
set Last[570] := 6 38;
set Last[571] := 7 39;
set Last[572] := 8 40;
set Last[573] := 10 42;
set Last[574] := 11 43;
set Last[575] := 12 44;
set Last[576] := 13 45;
set Last[577] := 15 47;
set Last[578] := 16 48;
set Last[579] := 17 49;
set Last[580] := 18 50;
set Last[581] := 19 51;
set Last[582] := 20 52;
set Last[583] := 23 55;
set Last[584] := 24 56;
set Last[585] := 25 57;
set Last[586] := 26 58;
set Last[587] := 27 59;
set Last[588] := 28 60;
set Last[589] := 29 61;
set Last[590] := 30 62;
set Last[591] := 7 39;
set Last[592] := 10 42;
set Last[593] := 12 44;
set Last[594] := 26 58;
set Last[595] := 31 63;

param q := 5;

end;
