data;

set V := 1 2 3 4 5 6 7 8 9 10 11 12 13 14 15 16 17 18 19 20 21 22 23 24 25 26 27 28 29 30 31 32 33 34 35 36 37 38 40 41 42 43 44 45 46 47 48 49 50 51 52 53 54 55 56 57 58 59 60 61 63 64 65 67 68 69 70;

set A := 1 2
         1 8
         1 36
         2 1
         2 7
         2 37
         3 8
         3 38
         4 1
         4 27
         5 6
         5 8
         5 40
         6 5
         6 7
         6 18
         6 24
         6 41
         7 2
         7 6
         7 42
         8 1
         8 3
         8 5
         8 26
         8 43
         9 10
         9 19
         9 44
         10 9
         10 15
         10 45
         11 12
         11 16
         11 46
         12 11
         12 13
         12 47
         13 12
         13 14
         13 48
         14 13
         14 28
         14 49
         15 10
         15 21
         15 50
         16 11
         16 17
         16 51
         17 16
         17 22
         17 52
         18 6
         18 19
         18 53
         19 9
         19 18
         19 54
         20 55
         21 15
         21 31
         21 56
         22 17
         22 23
         22 57
         23 22
         23 24
         23 58
         24 6
         24 23
         24 25
         24 59
         25 20
         25 24
         25 60
         26 8
         26 31
         26 61
         27 3
         28 14
         28 29
         28 63
         29 28
         29 30
         29 64
         30 29
         30 31
         30 65
         31 21
         31 26
         31 30
         31 32
         31 35
         32 31
         32 33
         32 67
         33 32
         33 34
         33 68
         34 35
         34 69
         35 31
         35 34
         35 70
         ;

set S := 1 2 3 4 5 6 7 8 9 10 11 12 13 14 15 16 17 18 19 20 21 22 23 24 25 26 27 28 29 30 31 32 33 34 35 36 37 38 39 40 41 42 43 44 45 46 47 48 49 50 51 52 53 54 55 56 57 58 59 60 61 62 63 64 65 66 67 68 69 70 71 72 73 74 75 76 77 78 79 80 81 82 83 84 85 86 87 88 89 90 91 92 93 94 95 96 97 98 99 100 101 102 103 104 105 106 107 108 109 110 111 112 113 114 115 116 117 118 119 120 121 122 123 124 125 126 127 128 129 130 131 132 133 134 135 136 137 138 139 140 141 142 143 144 145 146 147 148 149 150 151 152 153 154 155 156 157 158 159 160 161 162 163 164 165 166 167 168 169 170 171 172 173 174 175 176 177 178 179 180 181 182 183 184 185 186 187 188 189 190 191 192 193 194 195 196 197 198 199 200 201 202 203 204 205 206 207 208 209 210 211 212 213 214 215 216 217 218 219 220 221 222 223 224 225 226 227 228 229 230 231 232 233 234 235 236 237 238 239 240 241 242 243 244 245 246 247 248 249 250 251 252 253 254 255 256 257 258 259 260 261 262 263 264 265 266 267 268 269 270 271 272 273 274 275 276 277 278 279 280 281 282 283 284 285 286 287 288 289 290 291 292 293 294 295 296 297 298 299 300 301 302 303 304 305 306 307 308 309 310 311 312 313 314 315 316 317 318 319 320 321 322 323 324 325 326 327 328 329 330 331 332 333 334 335 336 337 338 339 340 341 342 343 344 345 346 347 348 349 350 351 352 353 354 355 356 357 358 359 360 361 362 363 364 365 366 367 368 369 370 371 372 373 374 375 376 377 378 379 380 381 382 383 384 385 386 387 388 389 390 391 392 393 394 395 396 397 398 399 400 401 402 403 404 405 406 407 408 409 410 411 412 413 414 415 416 417 418 419 420 421 422 423 424 425 426 427 428 429 430 431 432 433 434 435 436 437 438 439 440 441 442 443 444 445 446 447 448 449 450 451 452 453 454 455 456 457 458 459 460 461 462 463 464 465 466 467 468 469 470 471 472 473 474 475 476;

set F[1] := 1 8
            8 3
            3 38
            ;
set F[2] := 1 8
            8 5
            5 40
            ;
set F[3] := 1 2
            2 7
            7 6
            6 41
            ;
set F[4] := 1 2
            2 7
            7 42
            ;
set F[5] := 1 8
            8 43
            ;
set F[6] := 1 8
            8 26
            26 31
            31 21
            21 15
            15 10
            10 45
            ;
set F[7] := 1 2
            2 7
            7 6
            6 24
            24 23
            23 22
            22 17
            17 16
            16 11
            11 46
            ;
set F[8] := 1 8
            8 26
            26 31
            31 30
            30 29
            29 28
            28 14
            14 13
            13 48
            ;
set F[9] := 1 8
            8 26
            26 31
            31 30
            30 29
            29 28
            28 14
            14 49
            ;
set F[10] := 1 2
             2 7
             7 6
             6 24
             24 23
             23 22
             22 17
             17 52
             ;
set F[11] := 1 2
             2 7
             7 6
             6 18
             18 53
             ;
set F[12] := 1 2
             2 7
             7 6
             6 18
             18 19
             19 54
             ;
set F[13] := 1 8
             8 26
             26 31
             31 21
             21 56
             ;
set F[14] := 1 2
             2 7
             7 6
             6 24
             24 23
             23 22
             22 57
             ;
set F[15] := 1 2
             2 7
             7 6
             6 24
             24 23
             23 58
             ;
set F[16] := 1 2
             2 7
             7 6
             6 24
             24 59
             ;
set F[17] := 1 2
             2 7
             7 6
             6 24
             24 25
             25 60
             ;
set F[18] := 1 8
             8 26
             26 61
             ;
set F[19] := 1 8
             8 26
             26 31
             31 32
             32 67
             ;
set F[20] := 1 8
             8 26
             26 31
             31 35
             35 34
             34 69
             ;
set F[21] := 1 8
             8 26
             26 31
             31 35
             35 70
             ;
set F[22] := 2 1
             1 36
             ;
set F[23] := 2 1
             1 8
             8 3
             3 38
             ;
set F[24] := 2 1
             1 8
             8 5
             5 40
             ;
set F[25] := 2 7
             7 6
             6 41
             ;
set F[26] := 2 7
             7 42
             ;
set F[27] := 2 1
             1 8
             8 43
             ;
set F[28] := 2 7
             7 6
             6 18
             18 19
             19 9
             9 10
             10 45
             ;
set F[29] := 2 7
             7 6
             6 24
             24 23
             23 22
             22 17
             17 16
             16 11
             11 46
             ;
set F[30] := 2 1
             1 8
             8 26
             26 31
             31 30
             30 29
             29 28
             28 14
             14 13
             13 48
             ;
set F[31] := 2 1
             1 8
             8 26
             26 31
             31 30
             30 29
             29 28
             28 14
             14 49
             ;
set F[32] := 2 7
             7 6
             6 24
             24 23
             23 22
             22 17
             17 52
             ;
set F[33] := 2 7
             7 6
             6 18
             18 53
             ;
set F[34] := 2 7
             7 6
             6 18
             18 19
             19 54
             ;
set F[35] := 2 1
             1 8
             8 26
             26 31
             31 21
             21 56
             ;
set F[36] := 2 7
             7 6
             6 24
             24 23
             23 22
             22 57
             ;
set F[37] := 2 7
             7 6
             6 24
             24 23
             23 58
             ;
set F[38] := 2 7
             7 6
             6 24
             24 59
             ;
set F[39] := 2 7
             7 6
             6 24
             24 25
             25 60
             ;
set F[40] := 2 1
             1 8
             8 26
             26 61
             ;
set F[41] := 2 1
             1 8
             8 26
             26 31
             31 32
             32 67
             ;
set F[42] := 2 1
             1 8
             8 26
             26 31
             31 35
             35 34
             34 69
             ;
set F[43] := 2 1
             1 8
             8 26
             26 31
             31 35
             35 70
             ;
set F[44] := 3 8
             8 5
             5 6
             6 24
             24 59
             ;
set F[45] := 4 1
             1 36
             ;
set F[46] := 4 27
             27 3
             3 38
             ;
set F[47] := 4 1
             1 2
             2 7
             7 6
             6 41
             ;
set F[48] := 4 1
             1 2
             2 7
             7 42
             ;
set F[49] := 4 1
             1 8
             8 43
             ;
set F[50] := 4 1
             1 8
             8 26
             26 31
             31 21
             21 15
             15 10
             10 45
             ;
set F[51] := 4 1
             1 8
             8 26
             26 31
             31 30
             30 29
             29 28
             28 14
             14 13
             13 48
             ;
set F[52] := 4 1
             1 8
             8 26
             26 31
             31 30
             30 29
             29 28
             28 14
             14 49
             ;
set F[53] := 4 1
             1 2
             2 7
             7 6
             6 24
             24 23
             23 22
             22 17
             17 52
             ;
set F[54] := 4 1
             1 2
             2 7
             7 6
             6 18
             18 53
             ;
set F[55] := 4 1
             1 2
             2 7
             7 6
             6 24
             24 23
             23 58
             ;
set F[56] := 4 1
             1 2
             2 7
             7 6
             6 24
             24 59
             ;
set F[57] := 4 1
             1 2
             2 7
             7 6
             6 24
             24 25
             25 60
             ;
set F[58] := 4 1
             1 8
             8 26
             26 61
             ;
set F[59] := 4 1
             1 8
             8 26
             26 31
             31 35
             35 34
             34 69
             ;
set F[60] := 4 1
             1 8
             8 26
             26 31
             31 35
             35 70
             ;
set F[61] := 5 8
             8 1
             1 36
             ;
set F[62] := 5 8
             8 3
             3 38
             ;
set F[63] := 5 6
             6 41
             ;
set F[64] := 5 6
             6 7
             7 42
             ;
set F[65] := 5 8
             8 43
             ;
set F[66] := 5 6
             6 18
             18 19
             19 9
             9 10
             10 45
             ;
set F[67] := 5 8
             8 26
             26 31
             31 30
             30 29
             29 28
             28 14
             14 13
             13 48
             ;
set F[68] := 5 8
             8 26
             26 31
             31 30
             30 29
             29 28
             28 14
             14 49
             ;
set F[69] := 5 6
             6 24
             24 23
             23 22
             22 17
             17 52
             ;
set F[70] := 5 6
             6 18
             18 53
             ;
set F[71] := 5 6
             6 24
             24 23
             23 58
             ;
set F[72] := 5 6
             6 24
             24 59
             ;
set F[73] := 5 6
             6 24
             24 25
             25 60
             ;
set F[74] := 5 8
             8 26
             26 61
             ;
set F[75] := 5 8
             8 26
             26 31
             31 35
             35 34
             34 69
             ;
set F[76] := 5 8
             8 26
             26 31
             31 35
             35 70
             ;
set F[77] := 6 24
             24 59
             ;
set F[78] := 7 2
             2 1
             1 36
             ;
set F[79] := 7 2
             2 1
             1 8
             8 3
             3 38
             ;
set F[80] := 7 6
             6 41
             ;
set F[81] := 7 2
             2 1
             1 8
             8 43
             ;
set F[82] := 7 6
             6 18
             18 19
             19 9
             9 10
             10 45
             ;
set F[83] := 7 6
             6 24
             24 23
             23 22
             22 17
             17 16
             16 11
             11 12
             12 13
             13 48
             ;
set F[84] := 7 2
             2 1
             1 8
             8 26
             26 31
             31 30
             30 29
             29 28
             28 14
             14 49
             ;
set F[85] := 7 6
             6 24
             24 23
             23 22
             22 17
             17 52
             ;
set F[86] := 7 6
             6 18
             18 53
             ;
set F[87] := 7 6
             6 24
             24 23
             23 58
             ;
set F[88] := 7 6
             6 24
             24 59
             ;
set F[89] := 7 6
             6 24
             24 25
             25 60
             ;
set F[90] := 7 2
             2 1
             1 8
             8 26
             26 61
             ;
set F[91] := 7 2
             2 1
             1 8
             8 26
             26 31
             31 35
             35 34
             34 69
             ;
set F[92] := 7 2
             2 1
             1 8
             8 26
             26 31
             31 35
             35 70
             ;
set F[93] := 8 1
             1 36
             ;
set F[94] := 8 1
             1 2
             2 37
             ;
set F[95] := 8 3
             3 38
             ;
set F[96] := 8 5
             5 40
             ;
set F[97] := 8 5
             5 6
             6 41
             ;
set F[98] := 8 1
             1 2
             2 7
             7 42
             ;
set F[99] := 8 26
             26 31
             31 21
             21 15
             15 10
             10 45
             ;
set F[100] := 8 5
              5 6
              6 24
              24 23
              23 22
              22 17
              17 16
              16 11
              11 46
              ;
set F[101] := 8 26
              26 31
              31 30
              30 29
              29 28
              28 14
              14 13
              13 12
              12 47
              ;
set F[102] := 8 26
              26 31
              31 30
              30 29
              29 28
              28 14
              14 13
              13 48
              ;
set F[103] := 8 26
              26 31
              31 30
              30 29
              29 28
              28 14
              14 49
              ;
set F[104] := 8 26
              26 31
              31 21
              21 15
              15 50
              ;
set F[105] := 8 5
              5 6
              6 24
              24 23
              23 22
              22 17
              17 16
              16 51
              ;
set F[106] := 8 5
              5 6
              6 24
              24 23
              23 22
              22 17
              17 52
              ;
set F[107] := 8 5
              5 6
              6 18
              18 53
              ;
set F[108] := 8 5
              5 6
              6 18
              18 19
              19 54
              ;
set F[109] := 8 5
              5 6
              6 24
              24 25
              25 20
              20 55
              ;
set F[110] := 8 26
              26 31
              31 21
              21 56
              ;
set F[111] := 8 5
              5 6
              6 24
              24 23
              23 22
              22 57
              ;
set F[112] := 8 5
              5 6
              6 24
              24 23
              23 58
              ;
set F[113] := 8 5
              5 6
              6 24
              24 59
              ;
set F[114] := 8 5
              5 6
              6 24
              24 25
              25 60
              ;
set F[115] := 8 26
              26 61
              ;
set F[116] := 8 26
              26 31
              31 30
              30 29
              29 28
              28 63
              ;
set F[117] := 8 26
              26 31
              31 30
              30 65
              ;
set F[118] := 8 26
              26 31
              31 32
              32 67
              ;
set F[119] := 8 26
              26 31
              31 32
              32 33
              33 68
              ;
set F[120] := 8 26
              26 31
              31 35
              35 34
              34 69
              ;
set F[121] := 8 26
              26 31
              31 35
              35 70
              ;
set F[122] := 9 19
              19 18
              18 6
              6 5
              5 8
              8 1
              1 36
              ;
set F[123] := 9 19
              19 18
              18 6
              6 5
              5 8
              8 3
              3 38
              ;
set F[124] := 9 19
              19 18
              18 6
              6 41
              ;
set F[125] := 9 19
              19 18
              18 6
              6 7
              7 42
              ;
set F[126] := 9 19
              19 18
              18 6
              6 5
              5 8
              8 43
              ;
set F[127] := 9 10
              10 45
              ;
set F[128] := 9 10
              10 15
              15 21
              21 31
              31 30
              30 29
              29 28
              28 14
              14 13
              13 48
              ;
set F[129] := 9 10
              10 15
              15 21
              21 31
              31 30
              30 29
              29 28
              28 14
              14 49
              ;
set F[130] := 9 19
              19 18
              18 6
              6 24
              24 23
              23 22
              22 17
              17 52
              ;
set F[131] := 9 19
              19 18
              18 53
              ;
set F[132] := 9 19
              19 18
              18 6
              6 24
              24 23
              23 58
              ;
set F[133] := 9 19
              19 18
              18 6
              6 24
              24 59
              ;
set F[134] := 9 19
              19 18
              18 6
              6 24
              24 25
              25 60
              ;
set F[135] := 9 10
              10 15
              15 21
              21 31
              31 26
              26 61
              ;
set F[136] := 9 10
              10 15
              15 21
              21 31
              31 35
              35 34
              34 69
              ;
set F[137] := 9 10
              10 15
              15 21
              21 31
              31 35
              35 70
              ;
set F[138] := 10 9
              9 19
              19 18
              18 6
              6 41
              ;
set F[139] := 10 15
              15 21
              21 31
              31 30
              30 29
              29 28
              28 14
              14 13
              13 48
              ;
set F[140] := 10 9
              9 19
              19 18
              18 6
              6 24
              24 59
              ;
set F[141] := 11 16
              16 17
              17 22
              22 23
              23 24
              24 6
              6 5
              5 8
              8 1
              1 36
              ;
set F[142] := 11 16
              16 17
              17 22
              22 23
              23 24
              24 6
              6 5
              5 8
              8 3
              3 38
              ;
set F[143] := 11 16
              16 17
              17 22
              22 23
              23 24
              24 6
              6 41
              ;
set F[144] := 11 16
              16 17
              17 22
              22 23
              23 24
              24 6
              6 7
              7 42
              ;
set F[145] := 11 16
              16 17
              17 22
              22 23
              23 24
              24 6
              6 5
              5 8
              8 43
              ;
set F[146] := 11 12
              12 13
              13 14
              14 28
              28 29
              29 30
              30 31
              31 21
              21 15
              15 10
              10 45
              ;
set F[147] := 11 12
              12 13
              13 48
              ;
set F[148] := 11 12
              12 13
              13 14
              14 49
              ;
set F[149] := 11 16
              16 17
              17 52
              ;
set F[150] := 11 16
              16 17
              17 22
              22 23
              23 24
              24 6
              6 18
              18 53
              ;
set F[151] := 11 16
              16 17
              17 22
              22 23
              23 24
              24 6
              6 18
              18 19
              19 54
              ;
set F[152] := 11 16
              16 17
              17 22
              22 23
              23 58
              ;
set F[153] := 11 16
              16 17
              17 22
              22 23
              23 24
              24 59
              ;
set F[154] := 11 16
              16 17
              17 22
              22 23
              23 24
              24 25
              25 60
              ;
set F[155] := 11 12
              12 13
              13 14
              14 28
              28 29
              29 30
              30 31
              31 26
              26 61
              ;
set F[156] := 11 12
              12 13
              13 14
              14 28
              28 29
              29 30
              30 31
              31 35
              35 34
              34 69
              ;
set F[157] := 11 12
              12 13
              13 14
              14 28
              28 29
              29 30
              30 31
              31 35
              35 70
              ;
set F[158] := 12 13
              13 14
              14 28
              28 29
              29 30
              30 31
              31 26
              26 8
              8 1
              1 36
              ;
set F[159] := 12 13
              13 14
              14 28
              28 29
              29 30
              30 31
              31 26
              26 8
              8 3
              3 38
              ;
set F[160] := 12 11
              11 16
              16 17
              17 22
              22 23
              23 24
              24 6
              6 5
              5 40
              ;
set F[161] := 12 11
              11 16
              16 17
              17 22
              22 23
              23 24
              24 6
              6 41
              ;
set F[162] := 12 11
              11 16
              16 17
              17 22
              22 23
              23 24
              24 6
              6 7
              7 42
              ;
set F[163] := 12 13
              13 14
              14 28
              28 29
              29 30
              30 31
              31 26
              26 8
              8 43
              ;
set F[164] := 12 13
              13 14
              14 28
              28 29
              29 30
              30 31
              31 21
              21 15
              15 10
              10 45
              ;
set F[165] := 12 11
              11 46
              ;
set F[166] := 12 13
              13 48
              ;
set F[167] := 12 13
              13 14
              14 49
              ;
set F[168] := 12 11
              11 16
              16 17
              17 52
              ;
set F[169] := 12 11
              11 16
              16 17
              17 22
              22 23
              23 24
              24 6
              6 18
              18 53
              ;
set F[170] := 12 11
              11 16
              16 17
              17 22
              22 23
              23 24
              24 6
              6 18
              18 19
              19 54
              ;
set F[171] := 12 11
              11 16
              16 17
              17 22
              22 23
              23 24
              24 25
              25 20
              20 55
              ;
set F[172] := 12 13
              13 14
              14 28
              28 29
              29 30
              30 31
              31 21
              21 56
              ;
set F[173] := 12 11
              11 16
              16 17
              17 22
              22 57
              ;
set F[174] := 12 11
              11 16
              16 17
              17 22
              22 23
              23 58
              ;
set F[175] := 12 11
              11 16
              16 17
              17 22
              22 23
              23 24
              24 59
              ;
set F[176] := 12 11
              11 16
              16 17
              17 22
              22 23
              23 24
              24 25
              25 60
              ;
set F[177] := 12 13
              13 14
              14 28
              28 29
              29 30
              30 31
              31 26
              26 61
              ;
set F[178] := 12 13
              13 14
              14 28
              28 29
              29 30
              30 31
              31 32
              32 67
              ;
set F[179] := 12 13
              13 14
              14 28
              28 29
              29 30
              30 31
              31 35
              35 34
              34 69
              ;
set F[180] := 12 13
              13 14
              14 28
              28 29
              29 30
              30 31
              31 35
              35 70
              ;
set F[181] := 13 14
              14 28
              28 29
              29 30
              30 31
              31 26
              26 8
              8 1
              1 36
              ;
set F[182] := 13 14
              14 28
              28 29
              29 30
              30 31
              31 26
              26 8
              8 3
              3 38
              ;
set F[183] := 13 14
              14 28
              28 29
              29 30
              30 31
              31 26
              26 8
              8 5
              5 40
              ;
set F[184] := 13 12
              12 11
              11 16
              16 17
              17 22
              22 23
              23 24
              24 6
              6 41
              ;
set F[185] := 13 12
              12 11
              11 16
              16 17
              17 22
              22 23
              23 24
              24 6
              6 7
              7 42
              ;
set F[186] := 13 14
              14 28
              28 29
              29 30
              30 31
              31 26
              26 8
              8 43
              ;
set F[187] := 13 14
              14 28
              28 29
              29 30
              30 31
              31 21
              21 15
              15 10
              10 45
              ;
set F[188] := 13 12
              12 11
              11 46
              ;
set F[189] := 13 14
              14 49
              ;
set F[190] := 13 12
              12 11
              11 16
              16 17
              17 52
              ;
set F[191] := 13 12
              12 11
              11 16
              16 17
              17 22
              22 23
              23 24
              24 6
              6 18
              18 53
              ;
set F[192] := 13 12
              12 11
              11 16
              16 17
              17 22
              22 23
              23 24
              24 6
              6 18
              18 19
              19 54
              ;
set F[193] := 13 12
              12 11
              11 16
              16 17
              17 22
              22 57
              ;
set F[194] := 13 12
              12 11
              11 16
              16 17
              17 22
              22 23
              23 58
              ;
set F[195] := 13 12
              12 11
              11 16
              16 17
              17 22
              22 23
              23 24
              24 59
              ;
set F[196] := 13 12
              12 11
              11 16
              16 17
              17 22
              22 23
              23 24
              24 25
              25 60
              ;
set F[197] := 13 14
              14 28
              28 29
              29 30
              30 31
              31 26
              26 61
              ;
set F[198] := 13 14
              14 28
              28 29
              29 30
              30 31
              31 32
              32 67
              ;
set F[199] := 13 14
              14 28
              28 29
              29 30
              30 31
              31 35
              35 34
              34 69
              ;
set F[200] := 13 14
              14 28
              28 29
              29 30
              30 31
              31 35
              35 70
              ;
set F[201] := 15 21
              21 31
              31 26
              26 8
              8 1
              1 36
              ;
set F[202] := 15 21
              21 31
              31 26
              26 8
              8 3
              3 38
              ;
set F[203] := 15 10
              10 9
              9 19
              19 18
              18 6
              6 41
              ;
set F[204] := 15 10
              10 9
              9 19
              19 18
              18 6
              6 7
              7 42
              ;
set F[205] := 15 21
              21 31
              31 26
              26 8
              8 43
              ;
set F[206] := 15 10
              10 45
              ;
set F[207] := 15 21
              21 31
              31 30
              30 29
              29 28
              28 14
              14 13
              13 48
              ;
set F[208] := 15 21
              21 31
              31 30
              30 29
              29 28
              28 14
              14 49
              ;
set F[209] := 15 10
              10 9
              9 19
              19 18
              18 6
              6 24
              24 23
              23 22
              22 17
              17 52
              ;
set F[210] := 15 10
              10 9
              9 19
              19 18
              18 53
              ;
set F[211] := 15 10
              10 9
              9 19
              19 18
              18 6
              6 24
              24 23
              23 58
              ;
set F[212] := 15 10
              10 9
              9 19
              19 18
              18 6
              6 24
              24 59
              ;
set F[213] := 15 10
              10 9
              9 19
              19 18
              18 6
              6 24
              24 25
              25 60
              ;
set F[214] := 15 21
              21 31
              31 26
              26 61
              ;
set F[215] := 15 21
              21 31
              31 35
              35 34
              34 69
              ;
set F[216] := 15 21
              21 31
              31 35
              35 70
              ;
set F[217] := 18 6
              6 41
              ;
set F[218] := 18 6
              6 24
              24 59
              ;
set F[219] := 19 18
              18 6
              6 41
              ;
set F[220] := 19 9
              9 10
              10 15
              15 21
              21 31
              31 30
              30 29
              29 28
              28 14
              14 13
              13 48
              ;
set F[221] := 19 18
              18 6
              6 24
              24 59
              ;
set F[222] := 21 31
              31 26
              26 8
              8 1
              1 36
              ;
set F[223] := 21 31
              31 26
              26 8
              8 3
              3 38
              ;
set F[224] := 21 31
              31 26
              26 8
              8 5
              5 40
              ;
set F[225] := 21 31
              31 26
              26 8
              8 5
              5 6
              6 41
              ;
set F[226] := 21 31
              31 26
              26 8
              8 1
              1 2
              2 7
              7 42
              ;
set F[227] := 21 31
              31 26
              26 8
              8 43
              ;
set F[228] := 21 15
              15 10
              10 45
              ;
set F[229] := 21 31
              31 30
              30 29
              29 28
              28 14
              14 13
              13 12
              12 11
              11 46
              ;
set F[230] := 21 31
              31 30
              30 29
              29 28
              28 14
              14 13
              13 48
              ;
set F[231] := 21 31
              31 30
              30 29
              29 28
              28 14
              14 49
              ;
set F[232] := 21 31
              31 26
              26 8
              8 5
              5 6
              6 24
              24 23
              23 22
              22 17
              17 52
              ;
set F[233] := 21 15
              15 10
              10 9
              9 19
              19 18
              18 53
              ;
set F[234] := 21 15
              15 10
              10 9
              9 19
              19 54
              ;
set F[235] := 21 31
              31 26
              26 8
              8 5
              5 6
              6 24
              24 23
              23 22
              22 57
              ;
set F[236] := 21 31
              31 26
              26 8
              8 5
              5 6
              6 24
              24 23
              23 58
              ;
set F[237] := 21 31
              31 26
              26 8
              8 5
              5 6
              6 24
              24 59
              ;
set F[238] := 21 31
              31 26
              26 8
              8 5
              5 6
              6 24
              24 25
              25 60
              ;
set F[239] := 21 31
              31 26
              26 61
              ;
set F[240] := 21 31
              31 35
              35 34
              34 69
              ;
set F[241] := 21 31
              31 35
              35 70
              ;
set F[242] := 22 23
              23 24
              24 6
              6 41
              ;
set F[243] := 22 17
              17 16
              16 11
              11 12
              12 13
              13 48
              ;
set F[244] := 22 23
              23 24
              24 59
              ;
set F[245] := 23 24
              24 6
              6 5
              5 8
              8 1
              1 36
              ;
set F[246] := 23 24
              24 6
              6 5
              5 8
              8 3
              3 38
              ;
set F[247] := 23 24
              24 6
              6 5
              5 40
              ;
set F[248] := 23 24
              24 6
              6 41
              ;
set F[249] := 23 24
              24 6
              6 7
              7 42
              ;
set F[250] := 23 24
              24 6
              6 5
              5 8
              8 43
              ;
set F[251] := 23 24
              24 6
              6 18
              18 19
              19 9
              9 10
              10 45
              ;
set F[252] := 23 22
              22 17
              17 16
              16 11
              11 46
              ;
set F[253] := 23 22
              22 17
              17 16
              16 11
              11 12
              12 13
              13 48
              ;
set F[254] := 23 22
              22 17
              17 16
              16 11
              11 12
              12 13
              13 14
              14 49
              ;
set F[255] := 23 22
              22 17
              17 52
              ;
set F[256] := 23 24
              24 6
              6 18
              18 53
              ;
set F[257] := 23 24
              24 6
              6 18
              18 19
              19 54
              ;
set F[258] := 23 22
              22 57
              ;
set F[259] := 23 24
              24 59
              ;
set F[260] := 23 24
              24 25
              25 60
              ;
set F[261] := 23 24
              24 6
              6 5
              5 8
              8 26
              26 61
              ;
set F[262] := 23 24
              24 6
              6 5
              5 8
              8 26
              26 31
              31 32
              32 67
              ;
set F[263] := 23 24
              24 6
              6 5
              5 8
              8 26
              26 31
              31 35
              35 34
              34 69
              ;
set F[264] := 23 24
              24 6
              6 5
              5 8
              8 26
              26 31
              31 35
              35 70
              ;
set F[265] := 24 6
              6 5
              5 8
              8 1
              1 36
              ;
set F[266] := 24 6
              6 5
              5 8
              8 3
              3 38
              ;
set F[267] := 24 6
              6 5
              5 40
              ;
set F[268] := 24 6
              6 41
              ;
set F[269] := 24 6
              6 7
              7 42
              ;
set F[270] := 24 6
              6 5
              5 8
              8 43
              ;
set F[271] := 24 6
              6 18
              18 19
              19 9
              9 10
              10 45
              ;
set F[272] := 24 23
              23 22
              22 17
              17 16
              16 11
              11 46
              ;
set F[273] := 24 23
              23 22
              22 17
              17 16
              16 11
              11 12
              12 13
              13 48
              ;
set F[274] := 24 23
              23 22
              22 17
              17 16
              16 11
              11 12
              12 13
              13 14
              14 49
              ;
set F[275] := 24 23
              23 22
              22 17
              17 52
              ;
set F[276] := 24 6
              6 18
              18 53
              ;
set F[277] := 24 6
              6 18
              18 19
              19 54
              ;
set F[278] := 24 25
              25 20
              20 55
              ;
set F[279] := 24 6
              6 5
              5 8
              8 26
              26 31
              31 21
              21 56
              ;
set F[280] := 24 23
              23 22
              22 57
              ;
set F[281] := 24 23
              23 58
              ;
set F[282] := 24 25
              25 60
              ;
set F[283] := 24 6
              6 5
              5 8
              8 26
              26 61
              ;
set F[284] := 24 6
              6 5
              5 8
              8 26
              26 31
              31 30
              30 65
              ;
set F[285] := 24 6
              6 5
              5 8
              8 26
              26 31
              31 32
              32 67
              ;
set F[286] := 24 6
              6 5
              5 8
              8 26
              26 31
              31 35
              35 34
              34 69
              ;
set F[287] := 24 6
              6 5
              5 8
              8 26
              26 31
              31 35
              35 70
              ;
set F[288] := 25 24
              24 6
              6 41
              ;
set F[289] := 25 24
              24 59
              ;
set F[290] := 26 8
              8 3
              3 38
              ;
set F[291] := 26 8
              8 5
              5 6
              6 41
              ;
set F[292] := 26 31
              31 30
              30 29
              29 28
              28 14
              14 13
              13 48
              ;
set F[293] := 26 8
              8 5
              5 6
              6 24
              24 59
              ;
set F[294] := 26 31
              31 35
              35 70
              ;
set F[295] := 28 29
              29 30
              30 31
              31 26
              26 8
              8 1
              1 36
              ;
set F[296] := 28 29
              29 30
              30 31
              31 26
              26 8
              8 3
              3 38
              ;
set F[297] := 28 29
              29 30
              30 31
              31 26
              26 8
              8 5
              5 40
              ;
set F[298] := 28 29
              29 30
              30 31
              31 26
              26 8
              8 5
              5 6
              6 41
              ;
set F[299] := 28 29
              29 30
              30 31
              31 26
              26 8
              8 1
              1 2
              2 7
              7 42
              ;
set F[300] := 28 29
              29 30
              30 31
              31 26
              26 8
              8 43
              ;
set F[301] := 28 29
              29 30
              30 31
              31 21
              21 15
              15 10
              10 45
              ;
set F[302] := 28 14
              14 13
              13 12
              12 11
              11 46
              ;
set F[303] := 28 14
              14 13
              13 48
              ;
set F[304] := 28 14
              14 49
              ;
set F[305] := 28 14
              14 13
              13 12
              12 11
              11 16
              16 17
              17 52
              ;
set F[306] := 28 29
              29 30
              30 31
              31 26
              26 8
              8 5
              5 6
              6 18
              18 53
              ;
set F[307] := 28 29
              29 30
              30 31
              31 21
              21 15
              15 10
              10 9
              9 19
              19 54
              ;
set F[308] := 28 29
              29 30
              30 31
              31 21
              21 56
              ;
set F[309] := 28 14
              14 13
              13 12
              12 11
              11 16
              16 17
              17 22
              22 57
              ;
set F[310] := 28 14
              14 13
              13 12
              12 11
              11 16
              16 17
              17 22
              22 23
              23 58
              ;
set F[311] := 28 29
              29 30
              30 31
              31 26
              26 8
              8 5
              5 6
              6 24
              24 59
              ;
set F[312] := 28 29
              29 30
              30 31
              31 26
              26 8
              8 5
              5 6
              6 24
              24 25
              25 60
              ;
set F[313] := 28 29
              29 30
              30 31
              31 26
              26 61
              ;
set F[314] := 28 29
              29 30
              30 31
              31 32
              32 67
              ;
set F[315] := 28 29
              29 30
              30 31
              31 35
              35 34
              34 69
              ;
set F[316] := 28 29
              29 30
              30 31
              31 35
              35 70
              ;
set F[317] := 29 30
              30 31
              31 26
              26 8
              8 1
              1 36
              ;
set F[318] := 29 30
              30 31
              31 26
              26 8
              8 3
              3 38
              ;
set F[319] := 29 30
              30 31
              31 26
              26 8
              8 5
              5 40
              ;
set F[320] := 29 30
              30 31
              31 26
              26 8
              8 5
              5 6
              6 41
              ;
set F[321] := 29 30
              30 31
              31 26
              26 8
              8 1
              1 2
              2 7
              7 42
              ;
set F[322] := 29 30
              30 31
              31 26
              26 8
              8 43
              ;
set F[323] := 29 30
              30 31
              31 21
              21 15
              15 10
              10 45
              ;
set F[324] := 29 28
              28 14
              14 13
              13 12
              12 11
              11 46
              ;
set F[325] := 29 28
              28 14
              14 13
              13 48
              ;
set F[326] := 29 28
              28 14
              14 49
              ;
set F[327] := 29 28
              28 14
              14 13
              13 12
              12 11
              11 16
              16 17
              17 52
              ;
set F[328] := 29 30
              30 31
              31 26
              26 8
              8 5
              5 6
              6 18
              18 53
              ;
set F[329] := 29 30
              30 31
              31 21
              21 15
              15 10
              10 9
              9 19
              19 54
              ;
set F[330] := 29 30
              30 31
              31 26
              26 8
              8 5
              5 6
              6 24
              24 25
              25 20
              20 55
              ;
set F[331] := 29 30
              30 31
              31 21
              21 56
              ;
set F[332] := 29 28
              28 14
              14 13
              13 12
              12 11
              11 16
              16 17
              17 22
              22 57
              ;
set F[333] := 29 30
              30 31
              31 26
              26 8
              8 5
              5 6
              6 24
              24 23
              23 58
              ;
set F[334] := 29 30
              30 31
              31 26
              26 8
              8 5
              5 6
              6 24
              24 59
              ;
set F[335] := 29 30
              30 31
              31 26
              26 8
              8 5
              5 6
              6 24
              24 25
              25 60
              ;
set F[336] := 29 30
              30 31
              31 26
              26 61
              ;
set F[337] := 29 30
              30 31
              31 32
              32 67
              ;
set F[338] := 29 30
              30 31
              31 35
              35 34
              34 69
              ;
set F[339] := 29 30
              30 31
              31 35
              35 70
              ;
set F[340] := 30 31
              31 26
              26 8
              8 1
              1 36
              ;
set F[341] := 30 31
              31 26
              26 8
              8 3
              3 38
              ;
set F[342] := 30 31
              31 26
              26 8
              8 5
              5 40
              ;
set F[343] := 30 31
              31 26
              26 8
              8 5
              5 6
              6 41
              ;
set F[344] := 30 31
              31 26
              26 8
              8 1
              1 2
              2 7
              7 42
              ;
set F[345] := 30 31
              31 26
              26 8
              8 43
              ;
set F[346] := 30 31
              31 21
              21 15
              15 10
              10 45
              ;
set F[347] := 30 29
              29 28
              28 14
              14 13
              13 12
              12 11
              11 46
              ;
set F[348] := 30 29
              29 28
              28 14
              14 13
              13 48
              ;
set F[349] := 30 29
              29 28
              28 14
              14 49
              ;
set F[350] := 30 29
              29 28
              28 14
              14 13
              13 12
              12 11
              11 16
              16 17
              17 52
              ;
set F[351] := 30 31
              31 26
              26 8
              8 5
              5 6
              6 18
              18 53
              ;
set F[352] := 30 31
              31 21
              21 15
              15 10
              10 9
              9 19
              19 54
              ;
set F[353] := 30 31
              31 26
              26 8
              8 5
              5 6
              6 24
              24 25
              25 20
              20 55
              ;
set F[354] := 30 31
              31 21
              21 56
              ;
set F[355] := 30 31
              31 26
              26 8
              8 5
              5 6
              6 24
              24 23
              23 22
              22 57
              ;
set F[356] := 30 31
              31 26
              26 8
              8 5
              5 6
              6 24
              24 23
              23 58
              ;
set F[357] := 30 31
              31 26
              26 8
              8 5
              5 6
              6 24
              24 59
              ;
set F[358] := 30 31
              31 26
              26 8
              8 5
              5 6
              6 24
              24 25
              25 60
              ;
set F[359] := 30 31
              31 26
              26 61
              ;
set F[360] := 30 31
              31 32
              32 67
              ;
set F[361] := 30 31
              31 35
              35 34
              34 69
              ;
set F[362] := 30 31
              31 35
              35 70
              ;
set F[363] := 31 26
              26 8
              8 1
              1 36
              ;
set F[364] := 31 26
              26 8
              8 1
              1 2
              2 37
              ;
set F[365] := 31 26
              26 8
              8 3
              3 38
              ;
set F[366] := 31 26
              26 8
              8 5
              5 40
              ;
set F[367] := 31 26
              26 8
              8 5
              5 6
              6 41
              ;
set F[368] := 31 26
              26 8
              8 1
              1 2
              2 7
              7 42
              ;
set F[369] := 31 26
              26 8
              8 43
              ;
set F[370] := 31 21
              21 15
              15 10
              10 9
              9 44
              ;
set F[371] := 31 21
              21 15
              15 10
              10 45
              ;
set F[372] := 31 30
              30 29
              29 28
              28 14
              14 13
              13 12
              12 11
              11 46
              ;
set F[373] := 31 30
              30 29
              29 28
              28 14
              14 13
              13 12
              12 47
              ;
set F[374] := 31 30
              30 29
              29 28
              28 14
              14 13
              13 48
              ;
set F[375] := 31 30
              30 29
              29 28
              28 14
              14 49
              ;
set F[376] := 31 21
              21 15
              15 50
              ;
set F[377] := 31 30
              30 29
              29 28
              28 14
              14 13
              13 12
              12 11
              11 16
              16 51
              ;
set F[378] := 31 26
              26 8
              8 5
              5 6
              6 24
              24 23
              23 22
              22 17
              17 52
              ;
set F[379] := 31 26
              26 8
              8 5
              5 6
              6 18
              18 53
              ;
set F[380] := 31 21
              21 15
              15 10
              10 9
              9 19
              19 54
              ;
set F[381] := 31 26
              26 8
              8 5
              5 6
              6 24
              24 25
              25 20
              20 55
              ;
set F[382] := 31 21
              21 56
              ;
set F[383] := 31 26
              26 8
              8 5
              5 6
              6 24
              24 23
              23 22
              22 57
              ;
set F[384] := 31 26
              26 8
              8 5
              5 6
              6 24
              24 23
              23 58
              ;
set F[385] := 31 26
              26 8
              8 5
              5 6
              6 24
              24 59
              ;
set F[386] := 31 26
              26 8
              8 5
              5 6
              6 24
              24 25
              25 60
              ;
set F[387] := 31 26
              26 61
              ;
set F[388] := 31 30
              30 29
              29 28
              28 63
              ;
set F[389] := 31 30
              30 29
              29 64
              ;
set F[390] := 31 30
              30 65
              ;
set F[391] := 31 32
              32 67
              ;
set F[392] := 31 32
              32 33
              33 68
              ;
set F[393] := 31 35
              35 34
              34 69
              ;
set F[394] := 31 35
              35 70
              ;
set F[395] := 32 31
              31 26
              26 8
              8 1
              1 36
              ;
set F[396] := 32 31
              31 26
              26 8
              8 3
              3 38
              ;
set F[397] := 32 31
              31 26
              26 8
              8 5
              5 40
              ;
set F[398] := 32 31
              31 26
              26 8
              8 5
              5 6
              6 41
              ;
set F[399] := 32 31
              31 26
              26 8
              8 1
              1 2
              2 7
              7 42
              ;
set F[400] := 32 31
              31 26
              26 8
              8 43
              ;
set F[401] := 32 31
              31 21
              21 15
              15 10
              10 45
              ;
set F[402] := 32 31
              31 30
              30 29
              29 28
              28 14
              14 13
              13 12
              12 11
              11 46
              ;
set F[403] := 32 31
              31 30
              30 29
              29 28
              28 14
              14 13
              13 48
              ;
set F[404] := 32 31
              31 30
              30 29
              29 28
              28 14
              14 49
              ;
set F[405] := 32 31
              31 26
              26 8
              8 5
              5 6
              6 24
              24 23
              23 22
              22 17
              17 52
              ;
set F[406] := 32 31
              31 26
              26 8
              8 5
              5 6
              6 18
              18 53
              ;
set F[407] := 32 31
              31 21
              21 15
              15 10
              10 9
              9 19
              19 54
              ;
set F[408] := 32 31
              31 26
              26 8
              8 5
              5 6
              6 24
              24 25
              25 20
              20 55
              ;
set F[409] := 32 31
              31 21
              21 56
              ;
set F[410] := 32 31
              31 26
              26 8
              8 5
              5 6
              6 24
              24 23
              23 22
              22 57
              ;
set F[411] := 32 31
              31 26
              26 8
              8 5
              5 6
              6 24
              24 23
              23 58
              ;
set F[412] := 32 31
              31 26
              26 8
              8 5
              5 6
              6 24
              24 59
              ;
set F[413] := 32 31
              31 26
              26 8
              8 5
              5 6
              6 24
              24 25
              25 60
              ;
set F[414] := 32 31
              31 26
              26 61
              ;
set F[415] := 32 33
              33 34
              34 69
              ;
set F[416] := 32 31
              31 35
              35 70
              ;
set F[417] := 33 32
              32 31
              31 26
              26 8
              8 1
              1 36
              ;
set F[418] := 33 32
              32 31
              31 26
              26 8
              8 3
              3 38
              ;
set F[419] := 33 32
              32 31
              31 26
              26 8
              8 5
              5 40
              ;
set F[420] := 33 32
              32 31
              31 26
              26 8
              8 5
              5 6
              6 41
              ;
set F[421] := 33 32
              32 31
              31 26
              26 8
              8 1
              1 2
              2 7
              7 42
              ;
set F[422] := 33 32
              32 31
              31 26
              26 8
              8 43
              ;
set F[423] := 33 32
              32 31
              31 21
              21 15
              15 10
              10 45
              ;
set F[424] := 33 32
              32 31
              31 30
              30 29
              29 28
              28 14
              14 13
              13 12
              12 11
              11 46
              ;
set F[425] := 33 32
              32 31
              31 30
              30 29
              29 28
              28 14
              14 13
              13 48
              ;
set F[426] := 33 32
              32 31
              31 30
              30 29
              29 28
              28 14
              14 49
              ;
set F[427] := 33 32
              32 31
              31 26
              26 8
              8 5
              5 6
              6 24
              24 23
              23 22
              22 17
              17 52
              ;
set F[428] := 33 32
              32 31
              31 26
              26 8
              8 5
              5 6
              6 18
              18 53
              ;
set F[429] := 33 32
              32 31
              31 21
              21 15
              15 10
              10 9
              9 19
              19 54
              ;
set F[430] := 33 32
              32 31
              31 26
              26 8
              8 5
              5 6
              6 24
              24 23
              23 22
              22 57
              ;
set F[431] := 33 32
              32 31
              31 26
              26 8
              8 5
              5 6
              6 24
              24 23
              23 58
              ;
set F[432] := 33 32
              32 31
              31 26
              26 8
              8 5
              5 6
              6 24
              24 59
              ;
set F[433] := 33 32
              32 31
              31 26
              26 8
              8 5
              5 6
              6 24
              24 25
              25 60
              ;
set F[434] := 33 32
              32 31
              31 26
              26 61
              ;
set F[435] := 33 34
              34 69
              ;
set F[436] := 33 34
              34 35
              35 70
              ;
set F[437] := 34 35
              35 31
              31 26
              26 8
              8 1
              1 36
              ;
set F[438] := 34 35
              35 31
              31 26
              26 8
              8 3
              3 38
              ;
set F[439] := 34 35
              35 31
              31 26
              26 8
              8 5
              5 40
              ;
set F[440] := 34 35
              35 31
              31 26
              26 8
              8 5
              5 6
              6 41
              ;
set F[441] := 34 35
              35 31
              31 26
              26 8
              8 1
              1 2
              2 7
              7 42
              ;
set F[442] := 34 35
              35 31
              31 26
              26 8
              8 43
              ;
set F[443] := 34 35
              35 31
              31 21
              21 15
              15 10
              10 45
              ;
set F[444] := 34 35
              35 31
              31 30
              30 29
              29 28
              28 14
              14 13
              13 12
              12 11
              11 46
              ;
set F[445] := 34 35
              35 31
              31 30
              30 29
              29 28
              28 14
              14 13
              13 48
              ;
set F[446] := 34 35
              35 31
              31 30
              30 29
              29 28
              28 14
              14 49
              ;
set F[447] := 34 35
              35 31
              31 26
              26 8
              8 5
              5 6
              6 24
              24 23
              23 22
              22 17
              17 52
              ;
set F[448] := 34 35
              35 31
              31 26
              26 8
              8 5
              5 6
              6 18
              18 53
              ;
set F[449] := 34 35
              35 31
              31 21
              21 15
              15 10
              10 9
              9 19
              19 54
              ;
set F[450] := 34 35
              35 31
              31 26
              26 8
              8 5
              5 6
              6 24
              24 23
              23 22
              22 57
              ;
set F[451] := 34 35
              35 31
              31 26
              26 8
              8 5
              5 6
              6 24
              24 23
              23 58
              ;
set F[452] := 34 35
              35 31
              31 26
              26 8
              8 5
              5 6
              6 24
              24 59
              ;
set F[453] := 34 35
              35 31
              31 26
              26 8
              8 5
              5 6
              6 24
              24 25
              25 60
              ;
set F[454] := 34 35
              35 31
              31 26
              26 61
              ;
set F[455] := 34 35
              35 70
              ;
set F[456] := 35 31
              31 26
              26 8
              8 1
              1 36
              ;
set F[457] := 35 31
              31 26
              26 8
              8 3
              3 38
              ;
set F[458] := 35 31
              31 26
              26 8
              8 5
              5 40
              ;
set F[459] := 35 31
              31 26
              26 8
              8 5
              5 6
              6 41
              ;
set F[460] := 35 31
              31 26
              26 8
              8 1
              1 2
              2 7
              7 42
              ;
set F[461] := 35 31
              31 26
              26 8
              8 43
              ;
set F[462] := 35 31
              31 21
              21 15
              15 10
              10 45
              ;
set F[463] := 35 31
              31 30
              30 29
              29 28
              28 14
              14 13
              13 12
              12 11
              11 46
              ;
set F[464] := 35 31
              31 30
              30 29
              29 28
              28 14
              14 13
              13 48
              ;
set F[465] := 35 31
              31 30
              30 29
              29 28
              28 14
              14 49
              ;
set F[466] := 35 31
              31 26
              26 8
              8 5
              5 6
              6 24
              24 23
              23 22
              22 17
              17 52
              ;
set F[467] := 35 31
              31 26
              26 8
              8 5
              5 6
              6 18
              18 53
              ;
set F[468] := 35 31
              31 21
              21 15
              15 10
              10 9
              9 19
              19 54
              ;
set F[469] := 35 31
              31 21
              21 56
              ;
set F[470] := 35 31
              31 26
              26 8
              8 5
              5 6
              6 24
              24 23
              23 22
              22 57
              ;
set F[471] := 35 31
              31 26
              26 8
              8 5
              5 6
              6 24
              24 23
              23 58
              ;
set F[472] := 35 31
              31 26
              26 8
              8 5
              5 6
              6 24
              24 59
              ;
set F[473] := 35 31
              31 26
              26 8
              8 5
              5 6
              6 24
              24 25
              25 60
              ;
set F[474] := 35 31
              31 26
              26 61
              ;
set F[475] := 35 31
              31 32
              32 67
              ;
set F[476] := 35 34
              34 69
              ;
set Last[1] := 3 38;
set Last[2] := 5 40;
set Last[3] := 6 41;
set Last[4] := 7 42;
set Last[5] := 8 43;
set Last[6] := 10 45;
set Last[7] := 11 46;
set Last[8] := 13 48;
set Last[9] := 14 49;
set Last[10] := 17 52;
set Last[11] := 18 53;
set Last[12] := 19 54;
set Last[13] := 21 56;
set Last[14] := 22 57;
set Last[15] := 23 58;
set Last[16] := 24 59;
set Last[17] := 25 60;
set Last[18] := 26 61;
set Last[19] := 32 67;
set Last[20] := 34 69;
set Last[21] := 35 70;
set Last[22] := 1 36;
set Last[23] := 3 38;
set Last[24] := 5 40;
set Last[25] := 6 41;
set Last[26] := 7 42;
set Last[27] := 8 43;
set Last[28] := 10 45;
set Last[29] := 11 46;
set Last[30] := 13 48;
set Last[31] := 14 49;
set Last[32] := 17 52;
set Last[33] := 18 53;
set Last[34] := 19 54;
set Last[35] := 21 56;
set Last[36] := 22 57;
set Last[37] := 23 58;
set Last[38] := 24 59;
set Last[39] := 25 60;
set Last[40] := 26 61;
set Last[41] := 32 67;
set Last[42] := 34 69;
set Last[43] := 35 70;
set Last[44] := 24 59;
set Last[45] := 1 36;
set Last[46] := 3 38;
set Last[47] := 6 41;
set Last[48] := 7 42;
set Last[49] := 8 43;
set Last[50] := 10 45;
set Last[51] := 13 48;
set Last[52] := 14 49;
set Last[53] := 17 52;
set Last[54] := 18 53;
set Last[55] := 23 58;
set Last[56] := 24 59;
set Last[57] := 25 60;
set Last[58] := 26 61;
set Last[59] := 34 69;
set Last[60] := 35 70;
set Last[61] := 1 36;
set Last[62] := 3 38;
set Last[63] := 6 41;
set Last[64] := 7 42;
set Last[65] := 8 43;
set Last[66] := 10 45;
set Last[67] := 13 48;
set Last[68] := 14 49;
set Last[69] := 17 52;
set Last[70] := 18 53;
set Last[71] := 23 58;
set Last[72] := 24 59;
set Last[73] := 25 60;
set Last[74] := 26 61;
set Last[75] := 34 69;
set Last[76] := 35 70;
set Last[77] := 24 59;
set Last[78] := 1 36;
set Last[79] := 3 38;
set Last[80] := 6 41;
set Last[81] := 8 43;
set Last[82] := 10 45;
set Last[83] := 13 48;
set Last[84] := 14 49;
set Last[85] := 17 52;
set Last[86] := 18 53;
set Last[87] := 23 58;
set Last[88] := 24 59;
set Last[89] := 25 60;
set Last[90] := 26 61;
set Last[91] := 34 69;
set Last[92] := 35 70;
set Last[93] := 1 36;
set Last[94] := 2 37;
set Last[95] := 3 38;
set Last[96] := 5 40;
set Last[97] := 6 41;
set Last[98] := 7 42;
set Last[99] := 10 45;
set Last[100] := 11 46;
set Last[101] := 12 47;
set Last[102] := 13 48;
set Last[103] := 14 49;
set Last[104] := 15 50;
set Last[105] := 16 51;
set Last[106] := 17 52;
set Last[107] := 18 53;
set Last[108] := 19 54;
set Last[109] := 20 55;
set Last[110] := 21 56;
set Last[111] := 22 57;
set Last[112] := 23 58;
set Last[113] := 24 59;
set Last[114] := 25 60;
set Last[115] := 26 61;
set Last[116] := 28 63;
set Last[117] := 30 65;
set Last[118] := 32 67;
set Last[119] := 33 68;
set Last[120] := 34 69;
set Last[121] := 35 70;
set Last[122] := 1 36;
set Last[123] := 3 38;
set Last[124] := 6 41;
set Last[125] := 7 42;
set Last[126] := 8 43;
set Last[127] := 10 45;
set Last[128] := 13 48;
set Last[129] := 14 49;
set Last[130] := 17 52;
set Last[131] := 18 53;
set Last[132] := 23 58;
set Last[133] := 24 59;
set Last[134] := 25 60;
set Last[135] := 26 61;
set Last[136] := 34 69;
set Last[137] := 35 70;
set Last[138] := 6 41;
set Last[139] := 13 48;
set Last[140] := 24 59;
set Last[141] := 1 36;
set Last[142] := 3 38;
set Last[143] := 6 41;
set Last[144] := 7 42;
set Last[145] := 8 43;
set Last[146] := 10 45;
set Last[147] := 13 48;
set Last[148] := 14 49;
set Last[149] := 17 52;
set Last[150] := 18 53;
set Last[151] := 19 54;
set Last[152] := 23 58;
set Last[153] := 24 59;
set Last[154] := 25 60;
set Last[155] := 26 61;
set Last[156] := 34 69;
set Last[157] := 35 70;
set Last[158] := 1 36;
set Last[159] := 3 38;
set Last[160] := 5 40;
set Last[161] := 6 41;
set Last[162] := 7 42;
set Last[163] := 8 43;
set Last[164] := 10 45;
set Last[165] := 11 46;
set Last[166] := 13 48;
set Last[167] := 14 49;
set Last[168] := 17 52;
set Last[169] := 18 53;
set Last[170] := 19 54;
set Last[171] := 20 55;
set Last[172] := 21 56;
set Last[173] := 22 57;
set Last[174] := 23 58;
set Last[175] := 24 59;
set Last[176] := 25 60;
set Last[177] := 26 61;
set Last[178] := 32 67;
set Last[179] := 34 69;
set Last[180] := 35 70;
set Last[181] := 1 36;
set Last[182] := 3 38;
set Last[183] := 5 40;
set Last[184] := 6 41;
set Last[185] := 7 42;
set Last[186] := 8 43;
set Last[187] := 10 45;
set Last[188] := 11 46;
set Last[189] := 14 49;
set Last[190] := 17 52;
set Last[191] := 18 53;
set Last[192] := 19 54;
set Last[193] := 22 57;
set Last[194] := 23 58;
set Last[195] := 24 59;
set Last[196] := 25 60;
set Last[197] := 26 61;
set Last[198] := 32 67;
set Last[199] := 34 69;
set Last[200] := 35 70;
set Last[201] := 1 36;
set Last[202] := 3 38;
set Last[203] := 6 41;
set Last[204] := 7 42;
set Last[205] := 8 43;
set Last[206] := 10 45;
set Last[207] := 13 48;
set Last[208] := 14 49;
set Last[209] := 17 52;
set Last[210] := 18 53;
set Last[211] := 23 58;
set Last[212] := 24 59;
set Last[213] := 25 60;
set Last[214] := 26 61;
set Last[215] := 34 69;
set Last[216] := 35 70;
set Last[217] := 6 41;
set Last[218] := 24 59;
set Last[219] := 6 41;
set Last[220] := 13 48;
set Last[221] := 24 59;
set Last[222] := 1 36;
set Last[223] := 3 38;
set Last[224] := 5 40;
set Last[225] := 6 41;
set Last[226] := 7 42;
set Last[227] := 8 43;
set Last[228] := 10 45;
set Last[229] := 11 46;
set Last[230] := 13 48;
set Last[231] := 14 49;
set Last[232] := 17 52;
set Last[233] := 18 53;
set Last[234] := 19 54;
set Last[235] := 22 57;
set Last[236] := 23 58;
set Last[237] := 24 59;
set Last[238] := 25 60;
set Last[239] := 26 61;
set Last[240] := 34 69;
set Last[241] := 35 70;
set Last[242] := 6 41;
set Last[243] := 13 48;
set Last[244] := 24 59;
set Last[245] := 1 36;
set Last[246] := 3 38;
set Last[247] := 5 40;
set Last[248] := 6 41;
set Last[249] := 7 42;
set Last[250] := 8 43;
set Last[251] := 10 45;
set Last[252] := 11 46;
set Last[253] := 13 48;
set Last[254] := 14 49;
set Last[255] := 17 52;
set Last[256] := 18 53;
set Last[257] := 19 54;
set Last[258] := 22 57;
set Last[259] := 24 59;
set Last[260] := 25 60;
set Last[261] := 26 61;
set Last[262] := 32 67;
set Last[263] := 34 69;
set Last[264] := 35 70;
set Last[265] := 1 36;
set Last[266] := 3 38;
set Last[267] := 5 40;
set Last[268] := 6 41;
set Last[269] := 7 42;
set Last[270] := 8 43;
set Last[271] := 10 45;
set Last[272] := 11 46;
set Last[273] := 13 48;
set Last[274] := 14 49;
set Last[275] := 17 52;
set Last[276] := 18 53;
set Last[277] := 19 54;
set Last[278] := 20 55;
set Last[279] := 21 56;
set Last[280] := 22 57;
set Last[281] := 23 58;
set Last[282] := 25 60;
set Last[283] := 26 61;
set Last[284] := 30 65;
set Last[285] := 32 67;
set Last[286] := 34 69;
set Last[287] := 35 70;
set Last[288] := 6 41;
set Last[289] := 24 59;
set Last[290] := 3 38;
set Last[291] := 6 41;
set Last[292] := 13 48;
set Last[293] := 24 59;
set Last[294] := 35 70;
set Last[295] := 1 36;
set Last[296] := 3 38;
set Last[297] := 5 40;
set Last[298] := 6 41;
set Last[299] := 7 42;
set Last[300] := 8 43;
set Last[301] := 10 45;
set Last[302] := 11 46;
set Last[303] := 13 48;
set Last[304] := 14 49;
set Last[305] := 17 52;
set Last[306] := 18 53;
set Last[307] := 19 54;
set Last[308] := 21 56;
set Last[309] := 22 57;
set Last[310] := 23 58;
set Last[311] := 24 59;
set Last[312] := 25 60;
set Last[313] := 26 61;
set Last[314] := 32 67;
set Last[315] := 34 69;
set Last[316] := 35 70;
set Last[317] := 1 36;
set Last[318] := 3 38;
set Last[319] := 5 40;
set Last[320] := 6 41;
set Last[321] := 7 42;
set Last[322] := 8 43;
set Last[323] := 10 45;
set Last[324] := 11 46;
set Last[325] := 13 48;
set Last[326] := 14 49;
set Last[327] := 17 52;
set Last[328] := 18 53;
set Last[329] := 19 54;
set Last[330] := 20 55;
set Last[331] := 21 56;
set Last[332] := 22 57;
set Last[333] := 23 58;
set Last[334] := 24 59;
set Last[335] := 25 60;
set Last[336] := 26 61;
set Last[337] := 32 67;
set Last[338] := 34 69;
set Last[339] := 35 70;
set Last[340] := 1 36;
set Last[341] := 3 38;
set Last[342] := 5 40;
set Last[343] := 6 41;
set Last[344] := 7 42;
set Last[345] := 8 43;
set Last[346] := 10 45;
set Last[347] := 11 46;
set Last[348] := 13 48;
set Last[349] := 14 49;
set Last[350] := 17 52;
set Last[351] := 18 53;
set Last[352] := 19 54;
set Last[353] := 20 55;
set Last[354] := 21 56;
set Last[355] := 22 57;
set Last[356] := 23 58;
set Last[357] := 24 59;
set Last[358] := 25 60;
set Last[359] := 26 61;
set Last[360] := 32 67;
set Last[361] := 34 69;
set Last[362] := 35 70;
set Last[363] := 1 36;
set Last[364] := 2 37;
set Last[365] := 3 38;
set Last[366] := 5 40;
set Last[367] := 6 41;
set Last[368] := 7 42;
set Last[369] := 8 43;
set Last[370] := 9 44;
set Last[371] := 10 45;
set Last[372] := 11 46;
set Last[373] := 12 47;
set Last[374] := 13 48;
set Last[375] := 14 49;
set Last[376] := 15 50;
set Last[377] := 16 51;
set Last[378] := 17 52;
set Last[379] := 18 53;
set Last[380] := 19 54;
set Last[381] := 20 55;
set Last[382] := 21 56;
set Last[383] := 22 57;
set Last[384] := 23 58;
set Last[385] := 24 59;
set Last[386] := 25 60;
set Last[387] := 26 61;
set Last[388] := 28 63;
set Last[389] := 29 64;
set Last[390] := 30 65;
set Last[391] := 32 67;
set Last[392] := 33 68;
set Last[393] := 34 69;
set Last[394] := 35 70;
set Last[395] := 1 36;
set Last[396] := 3 38;
set Last[397] := 5 40;
set Last[398] := 6 41;
set Last[399] := 7 42;
set Last[400] := 8 43;
set Last[401] := 10 45;
set Last[402] := 11 46;
set Last[403] := 13 48;
set Last[404] := 14 49;
set Last[405] := 17 52;
set Last[406] := 18 53;
set Last[407] := 19 54;
set Last[408] := 20 55;
set Last[409] := 21 56;
set Last[410] := 22 57;
set Last[411] := 23 58;
set Last[412] := 24 59;
set Last[413] := 25 60;
set Last[414] := 26 61;
set Last[415] := 34 69;
set Last[416] := 35 70;
set Last[417] := 1 36;
set Last[418] := 3 38;
set Last[419] := 5 40;
set Last[420] := 6 41;
set Last[421] := 7 42;
set Last[422] := 8 43;
set Last[423] := 10 45;
set Last[424] := 11 46;
set Last[425] := 13 48;
set Last[426] := 14 49;
set Last[427] := 17 52;
set Last[428] := 18 53;
set Last[429] := 19 54;
set Last[430] := 22 57;
set Last[431] := 23 58;
set Last[432] := 24 59;
set Last[433] := 25 60;
set Last[434] := 26 61;
set Last[435] := 34 69;
set Last[436] := 35 70;
set Last[437] := 1 36;
set Last[438] := 3 38;
set Last[439] := 5 40;
set Last[440] := 6 41;
set Last[441] := 7 42;
set Last[442] := 8 43;
set Last[443] := 10 45;
set Last[444] := 11 46;
set Last[445] := 13 48;
set Last[446] := 14 49;
set Last[447] := 17 52;
set Last[448] := 18 53;
set Last[449] := 19 54;
set Last[450] := 22 57;
set Last[451] := 23 58;
set Last[452] := 24 59;
set Last[453] := 25 60;
set Last[454] := 26 61;
set Last[455] := 35 70;
set Last[456] := 1 36;
set Last[457] := 3 38;
set Last[458] := 5 40;
set Last[459] := 6 41;
set Last[460] := 7 42;
set Last[461] := 8 43;
set Last[462] := 10 45;
set Last[463] := 11 46;
set Last[464] := 13 48;
set Last[465] := 14 49;
set Last[466] := 17 52;
set Last[467] := 18 53;
set Last[468] := 19 54;
set Last[469] := 21 56;
set Last[470] := 22 57;
set Last[471] := 23 58;
set Last[472] := 24 59;
set Last[473] := 25 60;
set Last[474] := 26 61;
set Last[475] := 32 67;
set Last[476] := 34 69;

param q := 5;

end;
