data;

set V := 1 2 3 4 5 6 7 8 9 10 11 12 13 14 15 16 17 18 19 22 23 24 25 26 27 28 29 30 31 32 34 35 36 37 38 39 40 41 42 43 44 45 46 47 48 49 50 51 53 55 56 57 58 59 60 61 64 65 66 67 68 69 70 71 72 73 74 77 78 79 80 81 82 83 84;

set A := 1 4
         1 36
         1 43
         2 4
         2 8
         2 34
         2 44
         3 2
         3 23
         3 45
         4 2
         4 31
         4 36
         4 46
         5 6
         5 17
         5 32
         5 47
         6 5
         6 9
         6 29
         6 42
         6 48
         7 8
         7 49
         8 2
         8 7
         8 24
         8 30
         8 31
         8 36
         8 40
         8 42
         8 50
         9 6
         9 28
         9 51
         10 9
         10 30
         11 35
         11 53
         12 35
         13 24
         13 55
         14 24
         14 56
         15 24
         15 57
         16 24
         16 58
         17 5
         17 59
         18 35
         18 60
         19 61
         22 35
         22 64
         23 3
         23 32
         23 38
         23 65
         24 8
         24 13
         24 14
         24 15
         24 16
         24 41
         24 66
         25 26
         25 31
         25 67
         26 25
         26 38
         26 68
         27 69
         28 70
         29 6
         29 30
         29 71
         30 8
         30 10
         30 29
         30 31
         30 72
         31 4
         31 8
         31 25
         31 30
         31 38
         31 73
         32 5
         32 23
         32 27
         32 34
         32 35
         32 38
         32 74
         34 2
         34 32
         35 11
         35 18
         35 19
         35 22
         35 32
         35 36
         35 37
         35 38
         35 77
         36 1
         36 4
         36 8
         36 35
         36 38
         36 78
         37 35
         37 38
         37 79
         38 23
         38 26
         38 31
         38 32
         38 35
         38 39
         38 80
         39 38
         39 81
         40 8
         40 41
         40 82
         41 24
         41 83
         42 6
         42 8
         42 84
         ;

set S := 1 2 3 4 5 6 7 8 9 10 11 12 13 14 15 16 17 18 19 20 21 22 23 24 25 26 27 28 29 30 31 32 33 34 35 36 37 38 39 40 41 42 43 44 45 46 47 48 49 50 51 52 53 54 55 56 57 58 59 60 61 62 63 64 65 66 67 68 69 70 71 72 73 74 75 76 77 78 79 80 81 82 83 84 85 86 87 88 89 90 91 92 93 94 95 96 97 98 99 100 101 102 103 104 105 106 107 108 109 110 111 112 113 114 115 116 117 118 119 120 121 122 123 124 125 126 127 128 129 130 131 132 133 134 135 136 137 138 139 140 141 142 143 144 145 146 147 148 149 150 151 152 153 154 155 156 157 158 159 160 161 162 163 164 165 166 167 168 169 170 171 172 173 174 175 176 177 178 179 180 181 182 183 184 185 186 187 188 189 190 191 192 193 194 195 196 197 198 199 200 201 202 203 204 205 206 207 208 209 210 211 212 213 214 215 216 217 218 219 220 221 222 223 224 225 226 227 228 229 230 231 232 233 234 235 236 237 238 239 240 241 242 243 244 245 246 247 248 249 250 251 252 253 254 255 256 257 258 259 260 261 262 263 264 265 266 267 268 269 270 271 272 273 274 275 276 277 278 279 280 281 282 283 284 285 286 287 288 289 290 291 292 293 294 295 296 297 298 299 300 301 302 303 304 305 306 307 308 309 310 311 312 313 314 315 316 317 318 319 320 321 322 323 324 325 326 327 328 329 330 331 332 333 334 335 336 337 338 339 340 341 342 343 344 345;

set F[1] := 1 4
            4 46
            ;
set F[2] := 1 36
            36 35
            35 77
            ;
set F[3] := 2 4
            4 46
            ;
set F[4] := 2 34
            34 32
            32 5
            5 47
            ;
set F[5] := 2 8
            8 42
            42 6
            6 48
            ;
set F[6] := 2 8
            8 50
            ;
set F[7] := 2 8
            8 42
            42 6
            6 9
            9 51
            ;
set F[8] := 2 8
            8 24
            24 13
            13 55
            ;
set F[9] := 2 8
            8 24
            24 14
            14 56
            ;
set F[10] := 2 8
             8 24
             24 15
             15 57
             ;
set F[11] := 2 8
             8 24
             24 16
             16 58
             ;
set F[12] := 2 34
             34 32
             32 5
             5 17
             17 59
             ;
set F[13] := 2 34
             34 32
             32 35
             35 18
             18 60
             ;
set F[14] := 2 34
             34 32
             32 35
             35 22
             22 64
             ;
set F[15] := 2 4
             4 31
             31 73
             ;
set F[16] := 2 34
             34 32
             32 35
             35 77
             ;
set F[17] := 2 4
             4 36
             36 78
             ;
set F[18] := 2 34
             34 32
             32 38
             38 80
             ;
set F[19] := 3 2
             2 4
             4 46
             ;
set F[20] := 3 23
             23 32
             32 35
             35 77
             ;
set F[21] := 4 2
             2 44
             ;
set F[22] := 4 2
             2 34
             34 32
             32 5
             5 47
             ;
set F[23] := 4 2
             2 8
             8 42
             42 6
             6 48
             ;
set F[24] := 4 2
             2 8
             8 50
             ;
set F[25] := 4 31
             31 30
             30 10
             10 9
             9 51
             ;
set F[26] := 4 2
             2 8
             8 24
             24 13
             13 55
             ;
set F[27] := 4 2
             2 8
             8 24
             24 14
             14 56
             ;
set F[28] := 4 2
             2 8
             8 24
             24 15
             15 57
             ;
set F[29] := 4 2
             2 8
             8 24
             24 16
             16 58
             ;
set F[30] := 4 2
             2 34
             34 32
             32 5
             5 17
             17 59
             ;
set F[31] := 4 36
             36 35
             35 18
             18 60
             ;
set F[32] := 4 36
             36 35
             35 22
             22 64
             ;
set F[33] := 4 2
             2 8
             8 24
             24 66
             ;
set F[34] := 4 31
             31 30
             30 29
             29 71
             ;
set F[35] := 4 31
             31 73
             ;
set F[36] := 4 36
             36 35
             35 77
             ;
set F[37] := 4 36
             36 78
             ;
set F[38] := 4 36
             36 35
             35 37
             37 79
             ;
set F[39] := 4 36
             36 38
             38 80
             ;
set F[40] := 4 2
             2 8
             8 40
             40 82
             ;
set F[41] := 4 2
             2 8
             8 40
             40 41
             41 83
             ;
set F[42] := 5 32
             32 34
             34 2
             2 44
             ;
set F[43] := 5 32
             32 34
             34 2
             2 4
             4 46
             ;
set F[44] := 5 6
             6 42
             42 8
             8 50
             ;
set F[45] := 5 6
             6 42
             42 8
             8 24
             24 13
             13 55
             ;
set F[46] := 5 6
             6 42
             42 8
             8 24
             24 14
             14 56
             ;
set F[47] := 5 6
             6 42
             42 8
             8 24
             24 15
             15 57
             ;
set F[48] := 5 17
             17 59
             ;
set F[49] := 5 32
             32 35
             35 18
             18 60
             ;
set F[50] := 5 32
             32 35
             35 22
             22 64
             ;
set F[51] := 5 32
             32 38
             38 31
             31 73
             ;
set F[52] := 5 32
             32 35
             35 77
             ;
set F[53] := 5 32
             32 38
             38 80
             ;
set F[54] := 6 29
             29 30
             30 31
             31 4
             4 46
             ;
set F[55] := 6 5
             5 47
             ;
set F[56] := 6 42
             42 8
             8 50
             ;
set F[57] := 6 5
             5 32
             32 35
             35 18
             18 60
             ;
set F[58] := 6 5
             5 32
             32 35
             35 22
             22 64
             ;
set F[59] := 6 5
             5 32
             32 35
             35 77
             ;
set F[60] := 6 5
             5 32
             32 38
             38 80
             ;
set F[61] := 7 8
             8 36
             36 35
             35 77
             ;
set F[62] := 8 36
             36 1
             1 43
             ;
set F[63] := 8 2
             2 44
             ;
set F[64] := 8 2
             2 4
             4 46
             ;
set F[65] := 8 42
             42 6
             6 5
             5 47
             ;
set F[66] := 8 42
             42 6
             6 48
             ;
set F[67] := 8 7
             7 49
             ;
set F[68] := 8 42
             42 6
             6 9
             9 51
             ;
set F[69] := 8 24
             24 13
             13 55
             ;
set F[70] := 8 24
             24 14
             14 56
             ;
set F[71] := 8 24
             24 15
             15 57
             ;
set F[72] := 8 24
             24 16
             16 58
             ;
set F[73] := 8 42
             42 6
             6 5
             5 17
             17 59
             ;
set F[74] := 8 36
             36 35
             35 18
             18 60
             ;
set F[75] := 8 36
             36 35
             35 19
             19 61
             ;
set F[76] := 8 36
             36 35
             35 22
             22 64
             ;
set F[77] := 8 24
             24 66
             ;
set F[78] := 8 31
             31 25
             25 67
             ;
set F[79] := 8 2
             2 34
             34 32
             32 27
             27 69
             ;
set F[80] := 8 30
             30 29
             29 71
             ;
set F[81] := 8 31
             31 73
             ;
set F[82] := 8 2
             2 34
             34 32
             32 74
             ;
set F[83] := 8 36
             36 35
             35 77
             ;
set F[84] := 8 36
             36 78
             ;
set F[85] := 8 36
             36 35
             35 37
             37 79
             ;
set F[86] := 8 36
             36 38
             38 80
             ;
set F[87] := 8 36
             36 38
             38 39
             39 81
             ;
set F[88] := 8 40
             40 82
             ;
set F[89] := 8 40
             40 41
             41 83
             ;
set F[90] := 8 42
             42 84
             ;
set F[91] := 9 6
             6 5
             5 32
             32 35
             35 77
             ;
set F[92] := 10 30
             30 31
             31 4
             4 46
             ;
set F[93] := 10 30
             30 8
             8 36
             36 35
             35 77
             ;
set F[94] := 11 35
             35 77
             ;
set F[95] := 12 35
             35 77
             ;
set F[96] := 13 24
             24 8
             8 2
             2 44
             ;
set F[97] := 13 24
             24 8
             8 2
             2 4
             4 46
             ;
set F[98] := 13 24
             24 8
             8 42
             42 6
             6 5
             5 47
             ;
set F[99] := 13 24
             24 8
             8 50
             ;
set F[100] := 13 24
              24 14
              14 56
              ;
set F[101] := 13 24
              24 15
              15 57
              ;
set F[102] := 13 24
              24 8
              8 42
              42 6
              6 5
              5 17
              17 59
              ;
set F[103] := 13 24
              24 8
              8 36
              36 35
              35 18
              18 60
              ;
set F[104] := 13 24
              24 8
              8 36
              36 35
              35 22
              22 64
              ;
set F[105] := 13 24
              24 8
              8 31
              31 73
              ;
set F[106] := 13 24
              24 8
              8 36
              36 35
              35 77
              ;
set F[107] := 13 24
              24 8
              8 36
              36 38
              38 80
              ;
set F[108] := 14 24
              24 8
              8 2
              2 4
              4 46
              ;
set F[109] := 14 24
              24 8
              8 36
              36 35
              35 77
              ;
set F[110] := 15 24
              24 8
              8 2
              2 44
              ;
set F[111] := 15 24
              24 8
              8 2
              2 4
              4 46
              ;
set F[112] := 15 24
              24 8
              8 42
              42 6
              6 5
              5 47
              ;
set F[113] := 15 24
              24 8
              8 42
              42 6
              6 48
              ;
set F[114] := 15 24
              24 8
              8 50
              ;
set F[115] := 15 24
              24 8
              8 42
              42 6
              6 9
              9 51
              ;
set F[116] := 15 24
              24 13
              13 55
              ;
set F[117] := 15 24
              24 14
              14 56
              ;
set F[118] := 15 24
              24 16
              16 58
              ;
set F[119] := 15 24
              24 8
              8 42
              42 6
              6 5
              5 17
              17 59
              ;
set F[120] := 15 24
              24 8
              8 36
              36 35
              35 18
              18 60
              ;
set F[121] := 15 24
              24 8
              8 36
              36 35
              35 22
              22 64
              ;
set F[122] := 15 24
              24 8
              8 31
              31 73
              ;
set F[123] := 15 24
              24 8
              8 36
              36 35
              35 77
              ;
set F[124] := 15 24
              24 8
              8 36
              36 78
              ;
set F[125] := 15 24
              24 8
              8 36
              36 38
              38 80
              ;
set F[126] := 16 24
              24 8
              8 2
              2 4
              4 46
              ;
set F[127] := 16 24
              24 8
              8 42
              42 6
              6 5
              5 47
              ;
set F[128] := 16 24
              24 8
              8 50
              ;
set F[129] := 16 24
              24 15
              15 57
              ;
set F[130] := 16 24
              24 8
              8 36
              36 35
              35 18
              18 60
              ;
set F[131] := 16 24
              24 8
              8 36
              36 35
              35 22
              22 64
              ;
set F[132] := 16 24
              24 8
              8 36
              36 35
              35 77
              ;
set F[133] := 16 24
              24 8
              8 36
              36 38
              38 80
              ;
set F[134] := 17 5
              5 32
              32 34
              34 2
              2 44
              ;
set F[135] := 17 5
              5 32
              32 34
              34 2
              2 4
              4 46
              ;
set F[136] := 17 5
              5 47
              ;
set F[137] := 17 5
              5 6
              6 42
              42 8
              8 50
              ;
set F[138] := 17 5
              5 6
              6 9
              9 51
              ;
set F[139] := 17 5
              5 6
              6 42
              42 8
              8 24
              24 13
              13 55
              ;
set F[140] := 17 5
              5 6
              6 42
              42 8
              8 24
              24 14
              14 56
              ;
set F[141] := 17 5
              5 6
              6 42
              42 8
              8 24
              24 15
              15 57
              ;
set F[142] := 17 5
              5 6
              6 42
              42 8
              8 24
              24 16
              16 58
              ;
set F[143] := 17 5
              5 32
              32 35
              35 18
              18 60
              ;
set F[144] := 17 5
              5 32
              32 35
              35 22
              22 64
              ;
set F[145] := 17 5
              5 32
              32 38
              38 31
              31 73
              ;
set F[146] := 17 5
              5 32
              32 35
              35 77
              ;
set F[147] := 17 5
              5 32
              32 38
              38 80
              ;
set F[148] := 18 35
              35 32
              32 34
              34 2
              2 44
              ;
set F[149] := 18 35
              35 36
              36 4
              4 46
              ;
set F[150] := 18 35
              35 32
              32 5
              5 47
              ;
set F[151] := 18 35
              35 32
              32 5
              5 6
              6 48
              ;
set F[152] := 18 35
              35 36
              36 8
              8 50
              ;
set F[153] := 18 35
              35 32
              32 5
              5 6
              6 9
              9 51
              ;
set F[154] := 18 35
              35 36
              36 8
              8 24
              24 13
              13 55
              ;
set F[155] := 18 35
              35 36
              36 8
              8 24
              24 14
              14 56
              ;
set F[156] := 18 35
              35 36
              36 8
              8 24
              24 15
              15 57
              ;
set F[157] := 18 35
              35 36
              36 8
              8 24
              24 16
              16 58
              ;
set F[158] := 18 35
              35 32
              32 5
              5 17
              17 59
              ;
set F[159] := 18 35
              35 22
              22 64
              ;
set F[160] := 18 35
              35 36
              36 8
              8 24
              24 66
              ;
set F[161] := 18 35
              35 32
              32 5
              5 6
              6 29
              29 71
              ;
set F[162] := 18 35
              35 38
              38 31
              31 73
              ;
set F[163] := 18 35
              35 77
              ;
set F[164] := 18 35
              35 36
              36 78
              ;
set F[165] := 18 35
              35 37
              37 79
              ;
set F[166] := 18 35
              35 38
              38 80
              ;
set F[167] := 22 35
              35 32
              32 34
              34 2
              2 44
              ;
set F[168] := 22 35
              35 36
              36 4
              4 46
              ;
set F[169] := 22 35
              35 32
              32 5
              5 47
              ;
set F[170] := 22 35
              35 32
              32 5
              5 6
              6 48
              ;
set F[171] := 22 35
              35 36
              36 8
              8 50
              ;
set F[172] := 22 35
              35 32
              32 5
              5 6
              6 9
              9 51
              ;
set F[173] := 22 35
              35 36
              36 8
              8 24
              24 13
              13 55
              ;
set F[174] := 22 35
              35 36
              36 8
              8 24
              24 14
              14 56
              ;
set F[175] := 22 35
              35 36
              36 8
              8 24
              24 15
              15 57
              ;
set F[176] := 22 35
              35 36
              36 8
              8 24
              24 16
              16 58
              ;
set F[177] := 22 35
              35 32
              32 5
              5 17
              17 59
              ;
set F[178] := 22 35
              35 18
              18 60
              ;
set F[179] := 22 35
              35 36
              36 8
              8 24
              24 66
              ;
set F[180] := 22 35
              35 32
              32 5
              5 6
              6 29
              29 71
              ;
set F[181] := 22 35
              35 38
              38 31
              31 73
              ;
set F[182] := 22 35
              35 77
              ;
set F[183] := 22 35
              35 36
              36 78
              ;
set F[184] := 22 35
              35 37
              37 79
              ;
set F[185] := 22 35
              35 38
              38 80
              ;
set F[186] := 22 35
              35 36
              36 8
              8 40
              40 82
              ;
set F[187] := 22 35
              35 36
              36 8
              8 40
              40 41
              41 83
              ;
set F[188] := 23 3
              3 2
              2 44
              ;
set F[189] := 23 3
              3 2
              2 4
              4 46
              ;
set F[190] := 23 32
              32 5
              5 47
              ;
set F[191] := 23 3
              3 2
              2 8
              8 50
              ;
set F[192] := 23 3
              3 2
              2 8
              8 24
              24 13
              13 55
              ;
set F[193] := 23 3
              3 2
              2 8
              8 24
              24 14
              14 56
              ;
set F[194] := 23 3
              3 2
              2 8
              8 24
              24 15
              15 57
              ;
set F[195] := 23 32
              32 35
              35 18
              18 60
              ;
set F[196] := 23 32
              32 35
              35 22
              22 64
              ;
set F[197] := 23 38
              38 31
              31 73
              ;
set F[198] := 23 32
              32 35
              35 77
              ;
set F[199] := 23 38
              38 80
              ;
set F[200] := 24 8
              8 2
              2 44
              ;
set F[201] := 24 8
              8 2
              2 4
              4 46
              ;
set F[202] := 24 8
              8 42
              42 6
              6 5
              5 47
              ;
set F[203] := 24 8
              8 42
              42 6
              6 48
              ;
set F[204] := 24 8
              8 50
              ;
set F[205] := 24 8
              8 42
              42 6
              6 9
              9 51
              ;
set F[206] := 24 13
              13 55
              ;
set F[207] := 24 14
              14 56
              ;
set F[208] := 24 15
              15 57
              ;
set F[209] := 24 16
              16 58
              ;
set F[210] := 24 8
              8 42
              42 6
              6 5
              5 17
              17 59
              ;
set F[211] := 24 8
              8 36
              36 35
              35 18
              18 60
              ;
set F[212] := 24 8
              8 36
              36 35
              35 22
              22 64
              ;
set F[213] := 24 8
              8 30
              30 29
              29 71
              ;
set F[214] := 24 8
              8 31
              31 73
              ;
set F[215] := 24 8
              8 36
              36 35
              35 77
              ;
set F[216] := 24 8
              8 36
              36 78
              ;
set F[217] := 24 8
              8 36
              36 35
              35 37
              37 79
              ;
set F[218] := 24 8
              8 36
              36 38
              38 80
              ;
set F[219] := 24 8
              8 40
              40 82
              ;
set F[220] := 24 41
              41 83
              ;
set F[221] := 25 31
              31 4
              4 46
              ;
set F[222] := 25 26
              26 38
              38 35
              35 77
              ;
set F[223] := 26 38
              38 35
              35 77
              ;
set F[224] := 29 30
              30 31
              31 4
              4 46
              ;
set F[225] := 29 30
              30 8
              8 50
              ;
set F[226] := 29 6
              6 5
              5 32
              32 35
              35 77
              ;
set F[227] := 30 31
              31 4
              4 46
              ;
set F[228] := 30 29
              29 6
              6 5
              5 47
              ;
set F[229] := 30 8
              8 50
              ;
set F[230] := 30 8
              8 24
              24 13
              13 55
              ;
set F[231] := 30 8
              8 24
              24 14
              14 56
              ;
set F[232] := 30 8
              8 24
              24 15
              15 57
              ;
set F[233] := 30 8
              8 36
              36 35
              35 18
              18 60
              ;
set F[234] := 30 8
              8 36
              36 35
              35 22
              22 64
              ;
set F[235] := 30 8
              8 36
              36 35
              35 77
              ;
set F[236] := 30 31
              31 38
              38 80
              ;
set F[237] := 31 4
              4 2
              2 44
              ;
set F[238] := 31 4
              4 46
              ;
set F[239] := 31 38
              38 32
              32 5
              5 47
              ;
set F[240] := 31 8
              8 50
              ;
set F[241] := 31 30
              30 10
              10 9
              9 51
              ;
set F[242] := 31 8
              8 24
              24 13
              13 55
              ;
set F[243] := 31 8
              8 24
              24 14
              14 56
              ;
set F[244] := 31 8
              8 24
              24 15
              15 57
              ;
set F[245] := 31 8
              8 24
              24 16
              16 58
              ;
set F[246] := 31 38
              38 32
              32 5
              5 17
              17 59
              ;
set F[247] := 31 38
              38 35
              35 18
              18 60
              ;
set F[248] := 31 38
              38 35
              35 22
              22 64
              ;
set F[249] := 31 38
              38 35
              35 77
              ;
set F[250] := 31 4
              4 36
              36 78
              ;
set F[251] := 31 38
              38 80
              ;
set F[252] := 32 34
              34 2
              2 44
              ;
set F[253] := 32 34
              34 2
              2 4
              4 46
              ;
set F[254] := 32 5
              5 47
              ;
set F[255] := 32 5
              5 6
              6 48
              ;
set F[256] := 32 34
              34 2
              2 8
              8 50
              ;
set F[257] := 32 5
              5 6
              6 9
              9 51
              ;
set F[258] := 32 34
              34 2
              2 8
              8 24
              24 13
              13 55
              ;
set F[259] := 32 34
              34 2
              2 8
              8 24
              24 14
              14 56
              ;
set F[260] := 32 34
              34 2
              2 8
              8 24
              24 15
              15 57
              ;
set F[261] := 32 34
              34 2
              2 8
              8 24
              24 16
              16 58
              ;
set F[262] := 32 5
              5 17
              17 59
              ;
set F[263] := 32 35
              35 18
              18 60
              ;
set F[264] := 32 35
              35 22
              22 64
              ;
set F[265] := 32 5
              5 6
              6 29
              29 71
              ;
set F[266] := 32 38
              38 31
              31 73
              ;
set F[267] := 32 35
              35 77
              ;
set F[268] := 32 35
              35 36
              36 78
              ;
set F[269] := 32 35
              35 37
              37 79
              ;
set F[270] := 32 38
              38 80
              ;
set F[271] := 34 2
              2 4
              4 46
              ;
set F[272] := 34 32
              32 35
              35 77
              ;
set F[273] := 35 36
              36 1
              1 43
              ;
set F[274] := 35 32
              32 34
              34 2
              2 44
              ;
set F[275] := 35 32
              32 23
              23 3
              3 45
              ;
set F[276] := 35 36
              36 4
              4 46
              ;
set F[277] := 35 32
              32 5
              5 47
              ;
set F[278] := 35 32
              32 5
              5 6
              6 48
              ;
set F[279] := 35 36
              36 8
              8 7
              7 49
              ;
set F[280] := 35 36
              36 8
              8 50
              ;
set F[281] := 35 32
              32 5
              5 6
              6 9
              9 51
              ;
set F[282] := 35 11
              11 53
              ;
set F[283] := 35 36
              36 8
              8 24
              24 13
              13 55
              ;
set F[284] := 35 36
              36 8
              8 24
              24 14
              14 56
              ;
set F[285] := 35 36
              36 8
              8 24
              24 15
              15 57
              ;
set F[286] := 35 36
              36 8
              8 24
              24 16
              16 58
              ;
set F[287] := 35 32
              32 5
              5 17
              17 59
              ;
set F[288] := 35 18
              18 60
              ;
set F[289] := 35 19
              19 61
              ;
set F[290] := 35 22
              22 64
              ;
set F[291] := 35 32
              32 23
              23 65
              ;
set F[292] := 35 36
              36 8
              8 24
              24 66
              ;
set F[293] := 35 38
              38 26
              26 25
              25 67
              ;
set F[294] := 35 38
              38 26
              26 68
              ;
set F[295] := 35 32
              32 27
              27 69
              ;
set F[296] := 35 32
              32 5
              5 6
              6 9
              9 28
              28 70
              ;
set F[297] := 35 32
              32 5
              5 6
              6 29
              29 71
              ;
set F[298] := 35 36
              36 8
              8 30
              30 72
              ;
set F[299] := 35 38
              38 31
              31 73
              ;
set F[300] := 35 32
              32 74
              ;
set F[301] := 35 36
              36 78
              ;
set F[302] := 35 37
              37 79
              ;
set F[303] := 35 38
              38 80
              ;
set F[304] := 35 38
              38 39
              39 81
              ;
set F[305] := 35 36
              36 8
              8 40
              40 82
              ;
set F[306] := 35 36
              36 8
              8 40
              40 41
              41 83
              ;
set F[307] := 35 36
              36 8
              8 42
              42 84
              ;
set F[308] := 36 4
              4 46
              ;
set F[309] := 36 35
              35 32
              32 5
              5 47
              ;
set F[310] := 36 8
              8 50
              ;
set F[311] := 36 35
              35 22
              22 64
              ;
set F[312] := 36 35
              35 77
              ;
set F[313] := 36 38
              38 80
              ;
set F[314] := 37 35
              35 32
              32 34
              34 2
              2 44
              ;
set F[315] := 37 35
              35 36
              36 4
              4 46
              ;
set F[316] := 37 35
              35 32
              32 5
              5 47
              ;
set F[317] := 37 35
              35 36
              36 8
              8 50
              ;
set F[318] := 37 35
              35 36
              36 8
              8 24
              24 13
              13 55
              ;
set F[319] := 37 35
              35 36
              36 8
              8 24
              24 14
              14 56
              ;
set F[320] := 37 35
              35 36
              36 8
              8 24
              24 15
              15 57
              ;
set F[321] := 37 35
              35 32
              32 5
              5 17
              17 59
              ;
set F[322] := 37 35
              35 18
              18 60
              ;
set F[323] := 37 35
              35 22
              22 64
              ;
set F[324] := 37 38
              38 31
              31 73
              ;
set F[325] := 37 35
              35 77
              ;
set F[326] := 37 38
              38 80
              ;
set F[327] := 38 23
              23 3
              3 2
              2 44
              ;
set F[328] := 38 31
              31 4
              4 46
              ;
set F[329] := 38 32
              32 5
              5 47
              ;
set F[330] := 38 31
              31 8
              8 50
              ;
set F[331] := 38 31
              31 30
              30 10
              10 9
              9 51
              ;
set F[332] := 38 31
              31 8
              8 24
              24 13
              13 55
              ;
set F[333] := 38 31
              31 8
              8 24
              24 14
              14 56
              ;
set F[334] := 38 31
              31 8
              8 24
              24 15
              15 57
              ;
set F[335] := 38 31
              31 8
              8 24
              24 16
              16 58
              ;
set F[336] := 38 32
              32 5
              5 17
              17 59
              ;
set F[337] := 38 35
              35 18
              18 60
              ;
set F[338] := 38 35
              35 22
              22 64
              ;
set F[339] := 38 31
              31 73
              ;
set F[340] := 38 35
              35 77
              ;
set F[341] := 39 38
              38 31
              31 4
              4 46
              ;
set F[342] := 39 38
              38 35
              35 77
              ;
set F[343] := 40 8
              8 36
              36 35
              35 77
              ;
set F[344] := 41 24
              24 8
              8 36
              36 35
              35 77
              ;
set F[345] := 42 8
              8 36
              36 35
              35 77
              ;
set Last[1] := 4 46;
set Last[2] := 35 77;
set Last[3] := 4 46;
set Last[4] := 5 47;
set Last[5] := 6 48;
set Last[6] := 8 50;
set Last[7] := 9 51;
set Last[8] := 13 55;
set Last[9] := 14 56;
set Last[10] := 15 57;
set Last[11] := 16 58;
set Last[12] := 17 59;
set Last[13] := 18 60;
set Last[14] := 22 64;
set Last[15] := 31 73;
set Last[16] := 35 77;
set Last[17] := 36 78;
set Last[18] := 38 80;
set Last[19] := 4 46;
set Last[20] := 35 77;
set Last[21] := 2 44;
set Last[22] := 5 47;
set Last[23] := 6 48;
set Last[24] := 8 50;
set Last[25] := 9 51;
set Last[26] := 13 55;
set Last[27] := 14 56;
set Last[28] := 15 57;
set Last[29] := 16 58;
set Last[30] := 17 59;
set Last[31] := 18 60;
set Last[32] := 22 64;
set Last[33] := 24 66;
set Last[34] := 29 71;
set Last[35] := 31 73;
set Last[36] := 35 77;
set Last[37] := 36 78;
set Last[38] := 37 79;
set Last[39] := 38 80;
set Last[40] := 40 82;
set Last[41] := 41 83;
set Last[42] := 2 44;
set Last[43] := 4 46;
set Last[44] := 8 50;
set Last[45] := 13 55;
set Last[46] := 14 56;
set Last[47] := 15 57;
set Last[48] := 17 59;
set Last[49] := 18 60;
set Last[50] := 22 64;
set Last[51] := 31 73;
set Last[52] := 35 77;
set Last[53] := 38 80;
set Last[54] := 4 46;
set Last[55] := 5 47;
set Last[56] := 8 50;
set Last[57] := 18 60;
set Last[58] := 22 64;
set Last[59] := 35 77;
set Last[60] := 38 80;
set Last[61] := 35 77;
set Last[62] := 1 43;
set Last[63] := 2 44;
set Last[64] := 4 46;
set Last[65] := 5 47;
set Last[66] := 6 48;
set Last[67] := 7 49;
set Last[68] := 9 51;
set Last[69] := 13 55;
set Last[70] := 14 56;
set Last[71] := 15 57;
set Last[72] := 16 58;
set Last[73] := 17 59;
set Last[74] := 18 60;
set Last[75] := 19 61;
set Last[76] := 22 64;
set Last[77] := 24 66;
set Last[78] := 25 67;
set Last[79] := 27 69;
set Last[80] := 29 71;
set Last[81] := 31 73;
set Last[82] := 32 74;
set Last[83] := 35 77;
set Last[84] := 36 78;
set Last[85] := 37 79;
set Last[86] := 38 80;
set Last[87] := 39 81;
set Last[88] := 40 82;
set Last[89] := 41 83;
set Last[90] := 42 84;
set Last[91] := 35 77;
set Last[92] := 4 46;
set Last[93] := 35 77;
set Last[94] := 35 77;
set Last[95] := 35 77;
set Last[96] := 2 44;
set Last[97] := 4 46;
set Last[98] := 5 47;
set Last[99] := 8 50;
set Last[100] := 14 56;
set Last[101] := 15 57;
set Last[102] := 17 59;
set Last[103] := 18 60;
set Last[104] := 22 64;
set Last[105] := 31 73;
set Last[106] := 35 77;
set Last[107] := 38 80;
set Last[108] := 4 46;
set Last[109] := 35 77;
set Last[110] := 2 44;
set Last[111] := 4 46;
set Last[112] := 5 47;
set Last[113] := 6 48;
set Last[114] := 8 50;
set Last[115] := 9 51;
set Last[116] := 13 55;
set Last[117] := 14 56;
set Last[118] := 16 58;
set Last[119] := 17 59;
set Last[120] := 18 60;
set Last[121] := 22 64;
set Last[122] := 31 73;
set Last[123] := 35 77;
set Last[124] := 36 78;
set Last[125] := 38 80;
set Last[126] := 4 46;
set Last[127] := 5 47;
set Last[128] := 8 50;
set Last[129] := 15 57;
set Last[130] := 18 60;
set Last[131] := 22 64;
set Last[132] := 35 77;
set Last[133] := 38 80;
set Last[134] := 2 44;
set Last[135] := 4 46;
set Last[136] := 5 47;
set Last[137] := 8 50;
set Last[138] := 9 51;
set Last[139] := 13 55;
set Last[140] := 14 56;
set Last[141] := 15 57;
set Last[142] := 16 58;
set Last[143] := 18 60;
set Last[144] := 22 64;
set Last[145] := 31 73;
set Last[146] := 35 77;
set Last[147] := 38 80;
set Last[148] := 2 44;
set Last[149] := 4 46;
set Last[150] := 5 47;
set Last[151] := 6 48;
set Last[152] := 8 50;
set Last[153] := 9 51;
set Last[154] := 13 55;
set Last[155] := 14 56;
set Last[156] := 15 57;
set Last[157] := 16 58;
set Last[158] := 17 59;
set Last[159] := 22 64;
set Last[160] := 24 66;
set Last[161] := 29 71;
set Last[162] := 31 73;
set Last[163] := 35 77;
set Last[164] := 36 78;
set Last[165] := 37 79;
set Last[166] := 38 80;
set Last[167] := 2 44;
set Last[168] := 4 46;
set Last[169] := 5 47;
set Last[170] := 6 48;
set Last[171] := 8 50;
set Last[172] := 9 51;
set Last[173] := 13 55;
set Last[174] := 14 56;
set Last[175] := 15 57;
set Last[176] := 16 58;
set Last[177] := 17 59;
set Last[178] := 18 60;
set Last[179] := 24 66;
set Last[180] := 29 71;
set Last[181] := 31 73;
set Last[182] := 35 77;
set Last[183] := 36 78;
set Last[184] := 37 79;
set Last[185] := 38 80;
set Last[186] := 40 82;
set Last[187] := 41 83;
set Last[188] := 2 44;
set Last[189] := 4 46;
set Last[190] := 5 47;
set Last[191] := 8 50;
set Last[192] := 13 55;
set Last[193] := 14 56;
set Last[194] := 15 57;
set Last[195] := 18 60;
set Last[196] := 22 64;
set Last[197] := 31 73;
set Last[198] := 35 77;
set Last[199] := 38 80;
set Last[200] := 2 44;
set Last[201] := 4 46;
set Last[202] := 5 47;
set Last[203] := 6 48;
set Last[204] := 8 50;
set Last[205] := 9 51;
set Last[206] := 13 55;
set Last[207] := 14 56;
set Last[208] := 15 57;
set Last[209] := 16 58;
set Last[210] := 17 59;
set Last[211] := 18 60;
set Last[212] := 22 64;
set Last[213] := 29 71;
set Last[214] := 31 73;
set Last[215] := 35 77;
set Last[216] := 36 78;
set Last[217] := 37 79;
set Last[218] := 38 80;
set Last[219] := 40 82;
set Last[220] := 41 83;
set Last[221] := 4 46;
set Last[222] := 35 77;
set Last[223] := 35 77;
set Last[224] := 4 46;
set Last[225] := 8 50;
set Last[226] := 35 77;
set Last[227] := 4 46;
set Last[228] := 5 47;
set Last[229] := 8 50;
set Last[230] := 13 55;
set Last[231] := 14 56;
set Last[232] := 15 57;
set Last[233] := 18 60;
set Last[234] := 22 64;
set Last[235] := 35 77;
set Last[236] := 38 80;
set Last[237] := 2 44;
set Last[238] := 4 46;
set Last[239] := 5 47;
set Last[240] := 8 50;
set Last[241] := 9 51;
set Last[242] := 13 55;
set Last[243] := 14 56;
set Last[244] := 15 57;
set Last[245] := 16 58;
set Last[246] := 17 59;
set Last[247] := 18 60;
set Last[248] := 22 64;
set Last[249] := 35 77;
set Last[250] := 36 78;
set Last[251] := 38 80;
set Last[252] := 2 44;
set Last[253] := 4 46;
set Last[254] := 5 47;
set Last[255] := 6 48;
set Last[256] := 8 50;
set Last[257] := 9 51;
set Last[258] := 13 55;
set Last[259] := 14 56;
set Last[260] := 15 57;
set Last[261] := 16 58;
set Last[262] := 17 59;
set Last[263] := 18 60;
set Last[264] := 22 64;
set Last[265] := 29 71;
set Last[266] := 31 73;
set Last[267] := 35 77;
set Last[268] := 36 78;
set Last[269] := 37 79;
set Last[270] := 38 80;
set Last[271] := 4 46;
set Last[272] := 35 77;
set Last[273] := 1 43;
set Last[274] := 2 44;
set Last[275] := 3 45;
set Last[276] := 4 46;
set Last[277] := 5 47;
set Last[278] := 6 48;
set Last[279] := 7 49;
set Last[280] := 8 50;
set Last[281] := 9 51;
set Last[282] := 11 53;
set Last[283] := 13 55;
set Last[284] := 14 56;
set Last[285] := 15 57;
set Last[286] := 16 58;
set Last[287] := 17 59;
set Last[288] := 18 60;
set Last[289] := 19 61;
set Last[290] := 22 64;
set Last[291] := 23 65;
set Last[292] := 24 66;
set Last[293] := 25 67;
set Last[294] := 26 68;
set Last[295] := 27 69;
set Last[296] := 28 70;
set Last[297] := 29 71;
set Last[298] := 30 72;
set Last[299] := 31 73;
set Last[300] := 32 74;
set Last[301] := 36 78;
set Last[302] := 37 79;
set Last[303] := 38 80;
set Last[304] := 39 81;
set Last[305] := 40 82;
set Last[306] := 41 83;
set Last[307] := 42 84;
set Last[308] := 4 46;
set Last[309] := 5 47;
set Last[310] := 8 50;
set Last[311] := 22 64;
set Last[312] := 35 77;
set Last[313] := 38 80;
set Last[314] := 2 44;
set Last[315] := 4 46;
set Last[316] := 5 47;
set Last[317] := 8 50;
set Last[318] := 13 55;
set Last[319] := 14 56;
set Last[320] := 15 57;
set Last[321] := 17 59;
set Last[322] := 18 60;
set Last[323] := 22 64;
set Last[324] := 31 73;
set Last[325] := 35 77;
set Last[326] := 38 80;
set Last[327] := 2 44;
set Last[328] := 4 46;
set Last[329] := 5 47;
set Last[330] := 8 50;
set Last[331] := 9 51;
set Last[332] := 13 55;
set Last[333] := 14 56;
set Last[334] := 15 57;
set Last[335] := 16 58;
set Last[336] := 17 59;
set Last[337] := 18 60;
set Last[338] := 22 64;
set Last[339] := 31 73;
set Last[340] := 35 77;
set Last[341] := 4 46;
set Last[342] := 35 77;
set Last[343] := 35 77;
set Last[344] := 35 77;
set Last[345] := 35 77;

param q := 5;

end;
