data;

set V := 1 2 3 4 5 6 7 8 9 10 11 12 13 14 15 16 17 18 19 20 21 22 23 24 25 26 27 28 29 30 31 32 33 34 35 36 37 38 39 40 41 42 43 44 45 46 47 48 49 50 51 52 53 54 55 56 57 58 60 62 63 64 65 66 67 68 69 70 71 72;

set A := 1 2
         1 4
         1 37
         2 1
         2 7
         2 38
         3 4
         3 22
         3 39
         4 1
         4 3
         4 10
         4 11
         4 12
         4 13
         4 14
         4 15
         4 16
         4 28
         4 40
         5 7
         5 41
         6 9
         6 10
         6 32
         6 34
         6 42
         7 2
         7 5
         7 8
         7 17
         7 18
         7 24
         7 31
         7 35
         7 43
         8 5
         8 7
         8 44
         9 6
         9 45
         10 4
         10 6
         10 25
         10 46
         11 4
         11 47
         12 4
         12 48
         13 4
         13 49
         14 4
         14 50
         15 4
         15 51
         16 4
         16 52
         17 7
         17 53
         18 7
         18 54
         19 20
         19 25
         19 26
         19 55
         20 19
         20 21
         20 56
         21 20
         21 22
         21 57
         22 3
         22 21
         22 58
         23 7
         24 7
         24 60
         25 10
         25 19
         26 19
         26 62
         27 28
         27 35
         27 36
         27 63
         28 4
         28 27
         28 64
         29 31
         29 65
         30 31
         30 66
         31 7
         31 29
         31 30
         31 32
         31 33
         31 67
         32 6
         32 31
         32 68
         33 31
         33 34
         33 69
         34 6
         34 33
         34 35
         34 70
         35 7
         35 27
         35 34
         35 71
         36 27
         36 72
         ;

set S := 1 2 3 4 5 6 7 8 9 10 11 12 13 14 15 16 17 18 19 20 21 22 23 24 25 26 27 28 29 30 31 32 33 34 35 36 37 38 39 40 41 42 43 44 45 46 47 48 49 50 51 52 53 54 55 56 57 58 59 60 61 62 63 64 65 66 67 68 69 70 71 72 73 74 75 76 77 78 79 80 81 82 83 84 85 86 87 88 89 90 91 92 93 94 95 96 97 98 99 100 101 102 103 104 105 106 107 108 109 110 111 112 113 114 115 116 117 118 119 120 121 122 123 124 125 126 127 128 129 130 131 132 133 134 135 136 137 138 139 140 141 142 143 144 145 146 147 148 149 150 151 152 153 154 155 156 157 158 159 160 161 162 163 164 165 166 167 168 169 170 171 172 173 174 175 176 177 178 179 180 181 182 183 184 185 186 187 188 189 190 191 192 193 194 195 196 197 198 199 200 201 202 203 204 205 206 207 208 209 210 211 212 213 214 215 216 217 218 219 220 221 222 223 224 225 226 227 228 229 230 231 232 233 234 235 236 237 238 239 240 241 242 243 244 245 246 247 248 249 250 251 252 253 254 255;

set F[1] := 1 2
            2 7
            7 43
            ;
set F[2] := 2 1
            1 4
            4 40
            ;
set F[3] := 2 7
            7 5
            5 41
            ;
set F[4] := 2 7
            7 43
            ;
set F[5] := 2 7
            7 8
            8 44
            ;
set F[6] := 2 1
            1 4
            4 3
            3 22
            22 21
            21 57
            ;
set F[7] := 2 1
            1 4
            4 28
            28 64
            ;
set F[8] := 2 7
            7 31
            31 32
            32 68
            ;
set F[9] := 2 7
            7 35
            35 71
            ;
set F[10] := 3 4
             4 1
             1 37
             ;
set F[11] := 3 4
             4 1
             1 2
             2 38
             ;
set F[12] := 3 4
             4 40
             ;
set F[13] := 3 4
             4 1
             1 2
             2 7
             7 5
             5 41
             ;
set F[14] := 3 4
             4 10
             10 6
             6 42
             ;
set F[15] := 3 4
             4 1
             1 2
             2 7
             7 43
             ;
set F[16] := 3 4
             4 1
             1 2
             2 7
             7 8
             8 44
             ;
set F[17] := 3 4
             4 10
             10 6
             6 9
             9 45
             ;
set F[18] := 3 4
             4 10
             10 46
             ;
set F[19] := 3 4
             4 15
             15 51
             ;
set F[20] := 3 4
             4 16
             16 52
             ;
set F[21] := 3 4
             4 1
             1 2
             2 7
             7 17
             17 53
             ;
set F[22] := 3 4
             4 1
             1 2
             2 7
             7 18
             18 54
             ;
set F[23] := 3 22
             22 21
             21 20
             20 56
             ;
set F[24] := 3 22
             22 21
             21 57
             ;
set F[25] := 3 4
             4 1
             1 2
             2 7
             7 24
             24 60
             ;
set F[26] := 3 4
             4 28
             28 64
             ;
set F[27] := 3 4
             4 1
             1 2
             2 7
             7 31
             31 29
             29 65
             ;
set F[28] := 3 4
             4 10
             10 6
             6 32
             32 68
             ;
set F[29] := 3 4
             4 10
             10 6
             6 34
             34 33
             33 69
             ;
set F[30] := 3 4
             4 28
             28 27
             27 35
             35 71
             ;
set F[31] := 3 4
             4 28
             28 27
             27 36
             36 72
             ;
set F[32] := 4 1
             1 37
             ;
set F[33] := 4 1
             1 2
             2 38
             ;
set F[34] := 4 3
             3 39
             ;
set F[35] := 4 1
             1 2
             2 7
             7 5
             5 41
             ;
set F[36] := 4 10
             10 6
             6 42
             ;
set F[37] := 4 1
             1 2
             2 7
             7 43
             ;
set F[38] := 4 1
             1 2
             2 7
             7 8
             8 44
             ;
set F[39] := 4 10
             10 6
             6 9
             9 45
             ;
set F[40] := 4 10
             10 46
             ;
set F[41] := 4 11
             11 47
             ;
set F[42] := 4 12
             12 48
             ;
set F[43] := 4 13
             13 49
             ;
set F[44] := 4 14
             14 50
             ;
set F[45] := 4 15
             15 51
             ;
set F[46] := 4 16
             16 52
             ;
set F[47] := 4 1
             1 2
             2 7
             7 17
             17 53
             ;
set F[48] := 4 1
             1 2
             2 7
             7 18
             18 54
             ;
set F[49] := 4 10
             10 25
             25 19
             19 55
             ;
set F[50] := 4 3
             3 22
             22 21
             21 20
             20 56
             ;
set F[51] := 4 3
             3 22
             22 21
             21 57
             ;
set F[52] := 4 3
             3 22
             22 58
             ;
set F[53] := 4 1
             1 2
             2 7
             7 24
             24 60
             ;
set F[54] := 4 10
             10 25
             25 19
             19 26
             26 62
             ;
set F[55] := 4 28
             28 27
             27 63
             ;
set F[56] := 4 28
             28 64
             ;
set F[57] := 4 1
             1 2
             2 7
             7 31
             31 29
             29 65
             ;
set F[58] := 4 1
             1 2
             2 7
             7 31
             31 30
             30 66
             ;
set F[59] := 4 1
             1 2
             2 7
             7 31
             31 67
             ;
set F[60] := 4 10
             10 6
             6 32
             32 68
             ;
set F[61] := 4 10
             10 6
             6 34
             34 33
             33 69
             ;
set F[62] := 4 10
             10 6
             6 34
             34 70
             ;
set F[63] := 4 28
             28 27
             27 35
             35 71
             ;
set F[64] := 4 28
             28 27
             27 36
             36 72
             ;
set F[65] := 5 7
             7 43
             ;
set F[66] := 5 7
             7 35
             35 71
             ;
set F[67] := 6 10
             10 4
             4 40
             ;
set F[68] := 6 32
             32 31
             31 7
             7 5
             5 41
             ;
set F[69] := 6 32
             32 31
             31 7
             7 43
             ;
set F[70] := 6 32
             32 31
             31 7
             7 8
             8 44
             ;
set F[71] := 6 9
             9 45
             ;
set F[72] := 6 10
             10 4
             4 3
             3 22
             22 21
             21 57
             ;
set F[73] := 6 10
             10 4
             4 28
             28 64
             ;
set F[74] := 6 32
             32 68
             ;
set F[75] := 6 34
             34 35
             35 71
             ;
set F[76] := 7 2
             2 1
             1 37
             ;
set F[77] := 7 2
             2 38
             ;
set F[78] := 7 2
             2 1
             1 4
             4 3
             3 39
             ;
set F[79] := 7 2
             2 1
             1 4
             4 40
             ;
set F[80] := 7 5
             5 41
             ;
set F[81] := 7 35
             35 34
             34 6
             6 42
             ;
set F[82] := 7 8
             8 44
             ;
set F[83] := 7 35
             35 34
             34 6
             6 9
             9 45
             ;
set F[84] := 7 2
             2 1
             1 4
             4 10
             10 46
             ;
set F[85] := 7 2
             2 1
             1 4
             4 12
             12 48
             ;
set F[86] := 7 2
             2 1
             1 4
             4 13
             13 49
             ;
set F[87] := 7 2
             2 1
             1 4
             4 15
             15 51
             ;
set F[88] := 7 2
             2 1
             1 4
             4 16
             16 52
             ;
set F[89] := 7 17
             17 53
             ;
set F[90] := 7 18
             18 54
             ;
set F[91] := 7 2
             2 1
             1 4
             4 3
             3 22
             22 21
             21 20
             20 56
             ;
set F[92] := 7 2
             2 1
             1 4
             4 3
             3 22
             22 21
             21 57
             ;
set F[93] := 7 24
             24 60
             ;
set F[94] := 7 2
             2 1
             1 4
             4 10
             10 25
             25 19
             19 26
             26 62
             ;
set F[95] := 7 35
             35 27
             27 28
             28 64
             ;
set F[96] := 7 31
             31 29
             29 65
             ;
set F[97] := 7 31
             31 30
             30 66
             ;
set F[98] := 7 31
             31 32
             32 68
             ;
set F[99] := 7 31
             31 33
             33 69
             ;
set F[100] := 7 35
              35 71
              ;
set F[101] := 7 35
              35 27
              27 36
              36 72
              ;
set F[102] := 8 7
              7 2
              2 1
              1 4
              4 40
              ;
set F[103] := 8 5
              5 41
              ;
set F[104] := 8 7
              7 43
              ;
set F[105] := 8 7
              7 2
              2 1
              1 4
              4 3
              3 22
              22 21
              21 57
              ;
set F[106] := 8 7
              7 35
              35 27
              27 28
              28 64
              ;
set F[107] := 8 7
              7 31
              31 32
              32 68
              ;
set F[108] := 8 7
              7 35
              35 71
              ;
set F[109] := 9 6
              6 32
              32 31
              31 7
              7 43
              ;
set F[110] := 9 6
              6 34
              34 35
              35 71
              ;
set F[111] := 10 4
              4 1
              1 2
              2 7
              7 43
              ;
set F[112] := 11 4
              4 40
              ;
set F[113] := 11 4
              4 1
              1 2
              2 7
              7 43
              ;
set F[114] := 11 4
              4 1
              1 2
              2 7
              7 8
              8 44
              ;
set F[115] := 11 4
              4 3
              3 22
              22 21
              21 57
              ;
set F[116] := 11 4
              4 28
              28 64
              ;
set F[117] := 11 4
              4 10
              10 6
              6 32
              32 68
              ;
set F[118] := 11 4
              4 28
              28 27
              27 35
              35 71
              ;
set F[119] := 12 4
              4 1
              1 2
              2 7
              7 43
              ;
set F[120] := 12 4
              4 28
              28 27
              27 35
              35 71
              ;
set F[121] := 13 4
              4 1
              1 2
              2 7
              7 43
              ;
set F[122] := 13 4
              4 28
              28 27
              27 35
              35 71
              ;
set F[123] := 14 4
              4 40
              ;
set F[124] := 14 4
              4 1
              1 2
              2 7
              7 43
              ;
set F[125] := 14 4
              4 10
              10 6
              6 32
              32 68
              ;
set F[126] := 14 4
              4 28
              28 27
              27 35
              35 71
              ;
set F[127] := 15 4
              4 40
              ;
set F[128] := 15 4
              4 1
              1 2
              2 7
              7 43
              ;
set F[129] := 15 4
              4 1
              1 2
              2 7
              7 8
              8 44
              ;
set F[130] := 15 4
              4 3
              3 22
              22 21
              21 57
              ;
set F[131] := 15 4
              4 28
              28 64
              ;
set F[132] := 15 4
              4 10
              10 6
              6 32
              32 68
              ;
set F[133] := 15 4
              4 28
              28 27
              27 35
              35 71
              ;
set F[134] := 16 4
              4 1
              1 2
              2 7
              7 43
              ;
set F[135] := 16 4
              4 28
              28 27
              27 35
              35 71
              ;
set F[136] := 17 7
              7 43
              ;
set F[137] := 18 7
              7 2
              2 1
              1 4
              4 40
              ;
set F[138] := 18 7
              7 43
              ;
set F[139] := 18 7
              7 8
              8 44
              ;
set F[140] := 18 7
              7 2
              2 1
              1 4
              4 3
              3 22
              22 21
              21 57
              ;
set F[141] := 18 7
              7 31
              31 32
              32 68
              ;
set F[142] := 18 7
              7 35
              35 71
              ;
set F[143] := 19 25
              25 10
              10 4
              4 40
              ;
set F[144] := 19 25
              25 10
              10 4
              4 1
              1 2
              2 7
              7 43
              ;
set F[145] := 19 20
              20 21
              21 57
              ;
set F[146] := 19 25
              25 10
              10 6
              6 32
              32 68
              ;
set F[147] := 19 25
              25 10
              10 6
              6 34
              34 35
              35 71
              ;
set F[148] := 20 19
              19 25
              25 10
              10 4
              4 1
              1 37
              ;
set F[149] := 20 19
              19 25
              25 10
              10 4
              4 1
              1 2
              2 38
              ;
set F[150] := 20 19
              19 25
              25 10
              10 4
              4 40
              ;
set F[151] := 20 19
              19 25
              25 10
              10 4
              4 1
              1 2
              2 7
              7 5
              5 41
              ;
set F[152] := 20 19
              19 25
              25 10
              10 4
              4 1
              1 2
              2 7
              7 43
              ;
set F[153] := 20 19
              19 25
              25 10
              10 4
              4 1
              1 2
              2 7
              7 8
              8 44
              ;
set F[154] := 20 19
              19 25
              25 10
              10 6
              6 9
              9 45
              ;
set F[155] := 20 19
              19 25
              25 10
              10 4
              4 16
              16 52
              ;
set F[156] := 20 21
              21 57
              ;
set F[157] := 20 19
              19 25
              25 10
              10 4
              4 28
              28 64
              ;
set F[158] := 20 19
              19 25
              25 10
              10 6
              6 32
              32 68
              ;
set F[159] := 20 19
              19 25
              25 10
              10 6
              6 34
              34 35
              35 71
              ;
set F[160] := 20 19
              19 25
              25 10
              10 4
              4 28
              28 27
              27 36
              36 72
              ;
set F[161] := 21 22
              22 3
              3 4
              4 40
              ;
set F[162] := 21 22
              22 3
              3 4
              4 1
              1 2
              2 7
              7 43
              ;
set F[163] := 21 20
              20 19
              19 25
              25 10
              10 6
              6 32
              32 68
              ;
set F[164] := 21 22
              22 3
              3 4
              4 28
              28 27
              27 35
              35 71
              ;
set F[165] := 22 3
              3 4
              4 1
              1 2
              2 7
              7 43
              ;
set F[166] := 23 7
              7 2
              2 1
              1 4
              4 40
              ;
set F[167] := 23 7
              7 43
              ;
set F[168] := 23 7
              7 2
              2 1
              1 4
              4 3
              3 22
              22 21
              21 57
              ;
set F[169] := 23 7
              7 31
              31 32
              32 68
              ;
set F[170] := 23 7
              7 35
              35 71
              ;
set F[171] := 24 7
              7 43
              ;
set F[172] := 25 10
              10 4
              4 1
              1 37
              ;
set F[173] := 25 10
              10 4
              4 1
              1 2
              2 38
              ;
set F[174] := 25 10
              10 4
              4 3
              3 39
              ;
set F[175] := 25 10
              10 4
              4 40
              ;
set F[176] := 25 10
              10 4
              4 1
              1 2
              2 7
              7 5
              5 41
              ;
set F[177] := 25 10
              10 6
              6 42
              ;
set F[178] := 25 10
              10 4
              4 1
              1 2
              2 7
              7 43
              ;
set F[179] := 25 10
              10 4
              4 1
              1 2
              2 7
              7 8
              8 44
              ;
set F[180] := 25 10
              10 6
              6 9
              9 45
              ;
set F[181] := 25 10
              10 46
              ;
set F[182] := 25 10
              10 4
              4 13
              13 49
              ;
set F[183] := 25 10
              10 4
              4 15
              15 51
              ;
set F[184] := 25 10
              10 4
              4 16
              16 52
              ;
set F[185] := 25 10
              10 4
              4 1
              1 2
              2 7
              7 17
              17 53
              ;
set F[186] := 25 10
              10 4
              4 1
              1 2
              2 7
              7 18
              18 54
              ;
set F[187] := 25 19
              19 20
              20 56
              ;
set F[188] := 25 19
              19 20
              20 21
              21 57
              ;
set F[189] := 25 10
              10 4
              4 1
              1 2
              2 7
              7 24
              24 60
              ;
set F[190] := 25 10
              10 4
              4 28
              28 64
              ;
set F[191] := 25 10
              10 6
              6 32
              32 31
              31 29
              29 65
              ;
set F[192] := 25 10
              10 6
              6 32
              32 68
              ;
set F[193] := 25 10
              10 6
              6 34
              34 33
              33 69
              ;
set F[194] := 25 10
              10 6
              6 34
              34 35
              35 71
              ;
set F[195] := 25 10
              10 4
              4 28
              28 27
              27 36
              36 72
              ;
set F[196] := 26 19
              19 25
              25 10
              10 4
              4 40
              ;
set F[197] := 26 19
              19 25
              25 10
              10 4
              4 1
              1 2
              2 7
              7 43
              ;
set F[198] := 26 19
              19 25
              25 10
              10 4
              4 1
              1 2
              2 7
              7 8
              8 44
              ;
set F[199] := 26 19
              19 20
              20 21
              21 57
              ;
set F[200] := 26 19
              19 25
              25 10
              10 6
              6 32
              32 68
              ;
set F[201] := 26 19
              19 25
              25 10
              10 6
              6 34
              34 35
              35 71
              ;
set F[202] := 27 35
              35 7
              7 43
              ;
set F[203] := 28 27
              27 35
              35 7
              7 43
              ;
set F[204] := 28 27
              27 35
              35 71
              ;
set F[205] := 29 31
              31 7
              7 2
              2 1
              1 4
              4 40
              ;
set F[206] := 29 31
              31 7
              7 43
              ;
set F[207] := 29 31
              31 7
              7 2
              2 1
              1 4
              4 3
              3 22
              22 21
              21 57
              ;
set F[208] := 29 31
              31 32
              32 68
              ;
set F[209] := 29 31
              31 7
              7 35
              35 71
              ;
set F[210] := 30 31
              31 7
              7 43
              ;
set F[211] := 31 7
              7 2
              2 1
              1 37
              ;
set F[212] := 31 7
              7 2
              2 38
              ;
set F[213] := 31 7
              7 2
              2 1
              1 4
              4 3
              3 39
              ;
set F[214] := 31 7
              7 2
              2 1
              1 4
              4 40
              ;
set F[215] := 31 7
              7 5
              5 41
              ;
set F[216] := 31 32
              32 6
              6 42
              ;
set F[217] := 31 7
              7 43
              ;
set F[218] := 31 7
              7 8
              8 44
              ;
set F[219] := 31 32
              32 6
              6 9
              9 45
              ;
set F[220] := 31 7
              7 2
              2 1
              1 4
              4 15
              15 51
              ;
set F[221] := 31 7
              7 2
              2 1
              1 4
              4 16
              16 52
              ;
set F[222] := 31 7
              7 17
              17 53
              ;
set F[223] := 31 7
              7 18
              18 54
              ;
set F[224] := 31 32
              32 6
              6 10
              10 25
              25 19
              19 20
              20 56
              ;
set F[225] := 31 7
              7 2
              2 1
              1 4
              4 3
              3 22
              22 21
              21 57
              ;
set F[226] := 31 7
              7 24
              24 60
              ;
set F[227] := 31 7
              7 35
              35 27
              27 28
              28 64
              ;
set F[228] := 31 29
              29 65
              ;
set F[229] := 31 32
              32 68
              ;
set F[230] := 31 33
              33 69
              ;
set F[231] := 31 7
              7 35
              35 71
              ;
set F[232] := 31 7
              7 35
              35 27
              27 36
              36 72
              ;
set F[233] := 32 31
              31 7
              7 43
              ;
set F[234] := 33 31
              31 7
              7 2
              2 1
              1 37
              ;
set F[235] := 33 31
              31 7
              7 2
              2 38
              ;
set F[236] := 33 34
              34 6
              6 10
              10 4
              4 40
              ;
set F[237] := 33 31
              31 7
              7 5
              5 41
              ;
set F[238] := 33 31
              31 7
              7 43
              ;
set F[239] := 33 31
              31 7
              7 8
              8 44
              ;
set F[240] := 33 34
              34 6
              6 9
              9 45
              ;
set F[241] := 33 34
              34 6
              6 10
              10 4
              4 16
              16 52
              ;
set F[242] := 33 34
              34 6
              6 10
              10 4
              4 3
              3 22
              22 21
              21 57
              ;
set F[243] := 33 34
              34 35
              35 27
              27 28
              28 64
              ;
set F[244] := 33 31
              31 32
              32 68
              ;
set F[245] := 33 34
              34 35
              35 71
              ;
set F[246] := 33 34
              34 35
              35 27
              27 36
              36 72
              ;
set F[247] := 34 6
              6 10
              10 4
              4 40
              ;
set F[248] := 34 35
              35 7
              7 43
              ;
set F[249] := 34 6
              6 10
              10 4
              4 3
              3 22
              22 21
              21 57
              ;
set F[250] := 34 6
              6 32
              32 68
              ;
set F[251] := 34 35
              35 71
              ;
set F[252] := 35 27
              27 28
              28 4
              4 40
              ;
set F[253] := 35 7
              7 43
              ;
set F[254] := 35 7
              7 31
              31 32
              32 68
              ;
set F[255] := 36 27
              27 35
              35 7
              7 43
              ;
set Last[1] := 7 43;
set Last[2] := 4 40;
set Last[3] := 5 41;
set Last[4] := 7 43;
set Last[5] := 8 44;
set Last[6] := 21 57;
set Last[7] := 28 64;
set Last[8] := 32 68;
set Last[9] := 35 71;
set Last[10] := 1 37;
set Last[11] := 2 38;
set Last[12] := 4 40;
set Last[13] := 5 41;
set Last[14] := 6 42;
set Last[15] := 7 43;
set Last[16] := 8 44;
set Last[17] := 9 45;
set Last[18] := 10 46;
set Last[19] := 15 51;
set Last[20] := 16 52;
set Last[21] := 17 53;
set Last[22] := 18 54;
set Last[23] := 20 56;
set Last[24] := 21 57;
set Last[25] := 24 60;
set Last[26] := 28 64;
set Last[27] := 29 65;
set Last[28] := 32 68;
set Last[29] := 33 69;
set Last[30] := 35 71;
set Last[31] := 36 72;
set Last[32] := 1 37;
set Last[33] := 2 38;
set Last[34] := 3 39;
set Last[35] := 5 41;
set Last[36] := 6 42;
set Last[37] := 7 43;
set Last[38] := 8 44;
set Last[39] := 9 45;
set Last[40] := 10 46;
set Last[41] := 11 47;
set Last[42] := 12 48;
set Last[43] := 13 49;
set Last[44] := 14 50;
set Last[45] := 15 51;
set Last[46] := 16 52;
set Last[47] := 17 53;
set Last[48] := 18 54;
set Last[49] := 19 55;
set Last[50] := 20 56;
set Last[51] := 21 57;
set Last[52] := 22 58;
set Last[53] := 24 60;
set Last[54] := 26 62;
set Last[55] := 27 63;
set Last[56] := 28 64;
set Last[57] := 29 65;
set Last[58] := 30 66;
set Last[59] := 31 67;
set Last[60] := 32 68;
set Last[61] := 33 69;
set Last[62] := 34 70;
set Last[63] := 35 71;
set Last[64] := 36 72;
set Last[65] := 7 43;
set Last[66] := 35 71;
set Last[67] := 4 40;
set Last[68] := 5 41;
set Last[69] := 7 43;
set Last[70] := 8 44;
set Last[71] := 9 45;
set Last[72] := 21 57;
set Last[73] := 28 64;
set Last[74] := 32 68;
set Last[75] := 35 71;
set Last[76] := 1 37;
set Last[77] := 2 38;
set Last[78] := 3 39;
set Last[79] := 4 40;
set Last[80] := 5 41;
set Last[81] := 6 42;
set Last[82] := 8 44;
set Last[83] := 9 45;
set Last[84] := 10 46;
set Last[85] := 12 48;
set Last[86] := 13 49;
set Last[87] := 15 51;
set Last[88] := 16 52;
set Last[89] := 17 53;
set Last[90] := 18 54;
set Last[91] := 20 56;
set Last[92] := 21 57;
set Last[93] := 24 60;
set Last[94] := 26 62;
set Last[95] := 28 64;
set Last[96] := 29 65;
set Last[97] := 30 66;
set Last[98] := 32 68;
set Last[99] := 33 69;
set Last[100] := 35 71;
set Last[101] := 36 72;
set Last[102] := 4 40;
set Last[103] := 5 41;
set Last[104] := 7 43;
set Last[105] := 21 57;
set Last[106] := 28 64;
set Last[107] := 32 68;
set Last[108] := 35 71;
set Last[109] := 7 43;
set Last[110] := 35 71;
set Last[111] := 7 43;
set Last[112] := 4 40;
set Last[113] := 7 43;
set Last[114] := 8 44;
set Last[115] := 21 57;
set Last[116] := 28 64;
set Last[117] := 32 68;
set Last[118] := 35 71;
set Last[119] := 7 43;
set Last[120] := 35 71;
set Last[121] := 7 43;
set Last[122] := 35 71;
set Last[123] := 4 40;
set Last[124] := 7 43;
set Last[125] := 32 68;
set Last[126] := 35 71;
set Last[127] := 4 40;
set Last[128] := 7 43;
set Last[129] := 8 44;
set Last[130] := 21 57;
set Last[131] := 28 64;
set Last[132] := 32 68;
set Last[133] := 35 71;
set Last[134] := 7 43;
set Last[135] := 35 71;
set Last[136] := 7 43;
set Last[137] := 4 40;
set Last[138] := 7 43;
set Last[139] := 8 44;
set Last[140] := 21 57;
set Last[141] := 32 68;
set Last[142] := 35 71;
set Last[143] := 4 40;
set Last[144] := 7 43;
set Last[145] := 21 57;
set Last[146] := 32 68;
set Last[147] := 35 71;
set Last[148] := 1 37;
set Last[149] := 2 38;
set Last[150] := 4 40;
set Last[151] := 5 41;
set Last[152] := 7 43;
set Last[153] := 8 44;
set Last[154] := 9 45;
set Last[155] := 16 52;
set Last[156] := 21 57;
set Last[157] := 28 64;
set Last[158] := 32 68;
set Last[159] := 35 71;
set Last[160] := 36 72;
set Last[161] := 4 40;
set Last[162] := 7 43;
set Last[163] := 32 68;
set Last[164] := 35 71;
set Last[165] := 7 43;
set Last[166] := 4 40;
set Last[167] := 7 43;
set Last[168] := 21 57;
set Last[169] := 32 68;
set Last[170] := 35 71;
set Last[171] := 7 43;
set Last[172] := 1 37;
set Last[173] := 2 38;
set Last[174] := 3 39;
set Last[175] := 4 40;
set Last[176] := 5 41;
set Last[177] := 6 42;
set Last[178] := 7 43;
set Last[179] := 8 44;
set Last[180] := 9 45;
set Last[181] := 10 46;
set Last[182] := 13 49;
set Last[183] := 15 51;
set Last[184] := 16 52;
set Last[185] := 17 53;
set Last[186] := 18 54;
set Last[187] := 20 56;
set Last[188] := 21 57;
set Last[189] := 24 60;
set Last[190] := 28 64;
set Last[191] := 29 65;
set Last[192] := 32 68;
set Last[193] := 33 69;
set Last[194] := 35 71;
set Last[195] := 36 72;
set Last[196] := 4 40;
set Last[197] := 7 43;
set Last[198] := 8 44;
set Last[199] := 21 57;
set Last[200] := 32 68;
set Last[201] := 35 71;
set Last[202] := 7 43;
set Last[203] := 7 43;
set Last[204] := 35 71;
set Last[205] := 4 40;
set Last[206] := 7 43;
set Last[207] := 21 57;
set Last[208] := 32 68;
set Last[209] := 35 71;
set Last[210] := 7 43;
set Last[211] := 1 37;
set Last[212] := 2 38;
set Last[213] := 3 39;
set Last[214] := 4 40;
set Last[215] := 5 41;
set Last[216] := 6 42;
set Last[217] := 7 43;
set Last[218] := 8 44;
set Last[219] := 9 45;
set Last[220] := 15 51;
set Last[221] := 16 52;
set Last[222] := 17 53;
set Last[223] := 18 54;
set Last[224] := 20 56;
set Last[225] := 21 57;
set Last[226] := 24 60;
set Last[227] := 28 64;
set Last[228] := 29 65;
set Last[229] := 32 68;
set Last[230] := 33 69;
set Last[231] := 35 71;
set Last[232] := 36 72;
set Last[233] := 7 43;
set Last[234] := 1 37;
set Last[235] := 2 38;
set Last[236] := 4 40;
set Last[237] := 5 41;
set Last[238] := 7 43;
set Last[239] := 8 44;
set Last[240] := 9 45;
set Last[241] := 16 52;
set Last[242] := 21 57;
set Last[243] := 28 64;
set Last[244] := 32 68;
set Last[245] := 35 71;
set Last[246] := 36 72;
set Last[247] := 4 40;
set Last[248] := 7 43;
set Last[249] := 21 57;
set Last[250] := 32 68;
set Last[251] := 35 71;
set Last[252] := 4 40;
set Last[253] := 7 43;
set Last[254] := 32 68;
set Last[255] := 7 43;

param q := 5;

end;
