data;

set V := 1 2 3 4 5 6 7 8 9 10 11 12 13 14 15 16 17 18 19 21 22 25 26 27 28 29 30 31 32 33 34 35;

set A := 1 4
         1 18
         1 19
         2 9
         2 17
         3 7
         3 10
         3 21
         4 1
         4 5
         4 22
         5 4
         5 7
         6 11
         6 14
         7 3
         7 5
         7 25
         8 9
         8 10
         8 26
         9 2
         9 8
         9 18
         9 27
         10 3
         10 8
         10 15
         10 28
         11 6
         11 12
         11 13
         11 17
         11 29
         12 11
         12 13
         12 30
         13 11
         13 12
         13 14
         13 15
         13 31
         14 6
         14 13
         14 32
         15 10
         15 13
         15 16
         15 33
         16 15
         16 17
         16 34
         17 2
         17 11
         17 16
         17 35
         18 1
         18 9
         ;

set S := 1 2 3 4 5 6 7 8 9 10 11 12 13 14 15 16 17 18 19 20 21 22 23 24 25 26 27 28 29 30 31 32 33 34 35 36 37 38 39 40 41 42 43 44 45 46 47 48 49 50 51 52 53 54 55 56 57 58 59 60 61 62 63 64 65 66 67 68 69 70 71 72 73 74 75 76 77 78 79 80 81 82 83 84 85 86 87 88 89 90 91 92 93 94 95 96 97 98 99 100 101 102 103 104 105 106 107 108 109 110 111 112 113 114 115 116 117 118 119 120 121 122 123;

set F[1] := 1 4
            4 5
            5 7
            7 3
            3 21
            ;
set F[2] := 1 4
            4 22
            ;
set F[3] := 1 4
            4 5
            5 7
            7 25
            ;
set F[4] := 1 18
            18 9
            9 27
            ;
set F[5] := 1 18
            18 9
            9 8
            8 10
            10 28
            ;
set F[6] := 1 18
            18 9
            9 2
            2 17
            17 11
            11 12
            12 30
            ;
set F[7] := 1 18
            18 9
            9 2
            2 17
            17 11
            11 13
            13 31
            ;
set F[8] := 1 18
            18 9
            9 8
            8 10
            10 15
            15 33
            ;
set F[9] := 1 18
            18 9
            9 2
            2 17
            17 16
            16 34
            ;
set F[10] := 1 18
             18 9
             9 2
             2 17
             17 35
             ;
set F[11] := 2 9
             9 18
             18 1
             1 19
             ;
set F[12] := 2 9
             9 8
             8 10
             10 3
             3 21
             ;
set F[13] := 2 9
             9 18
             18 1
             1 4
             4 22
             ;
set F[14] := 2 9
             9 8
             8 10
             10 3
             3 7
             7 25
             ;
set F[15] := 2 9
             9 27
             ;
set F[16] := 2 9
             9 8
             8 10
             10 28
             ;
set F[17] := 2 17
             17 11
             11 12
             12 30
             ;
set F[18] := 2 17
             17 11
             11 13
             13 31
             ;
set F[19] := 2 17
             17 11
             11 6
             6 14
             14 32
             ;
set F[20] := 2 17
             17 16
             16 15
             15 33
             ;
set F[21] := 2 17
             17 16
             16 34
             ;
set F[22] := 2 17
             17 35
             ;
set F[23] := 3 7
             7 5
             5 4
             4 1
             1 19
             ;
set F[24] := 3 7
             7 5
             5 4
             4 22
             ;
set F[25] := 3 7
             7 25
             ;
set F[26] := 3 10
             10 8
             8 9
             9 27
             ;
set F[27] := 3 10
             10 28
             ;
set F[28] := 3 10
             10 15
             15 13
             13 12
             12 30
             ;
set F[29] := 3 10
             10 15
             15 13
             13 31
             ;
set F[30] := 3 10
             10 15
             15 33
             ;
set F[31] := 3 10
             10 15
             15 16
             16 34
             ;
set F[32] := 3 10
             10 15
             15 16
             16 17
             17 35
             ;
set F[33] := 4 1
             1 19
             ;
set F[34] := 4 5
             5 7
             7 25
             ;
set F[35] := 4 1
             1 18
             18 9
             9 27
             ;
set F[36] := 4 5
             5 7
             7 3
             3 10
             10 28
             ;
set F[37] := 4 1
             1 18
             18 9
             9 2
             2 17
             17 11
             11 12
             12 30
             ;
set F[38] := 4 5
             5 7
             7 3
             3 10
             10 15
             15 33
             ;
set F[39] := 5 4
             4 1
             1 19
             ;
set F[40] := 5 7
             7 3
             3 21
             ;
set F[41] := 5 4
             4 22
             ;
set F[42] := 5 7
             7 25
             ;
set F[43] := 5 7
             7 3
             3 10
             10 8
             8 26
             ;
set F[44] := 5 4
             4 1
             1 18
             18 9
             9 27
             ;
set F[45] := 5 7
             7 3
             3 10
             10 28
             ;
set F[46] := 5 7
             7 3
             3 10
             10 15
             15 13
             13 11
             11 29
             ;
set F[47] := 5 7
             7 3
             3 10
             10 15
             15 13
             13 12
             12 30
             ;
set F[48] := 5 7
             7 3
             3 10
             10 15
             15 13
             13 31
             ;
set F[49] := 5 7
             7 3
             3 10
             10 15
             15 13
             13 14
             14 32
             ;
set F[50] := 5 7
             7 3
             3 10
             10 15
             15 33
             ;
set F[51] := 5 7
             7 3
             3 10
             10 15
             15 16
             16 34
             ;
set F[52] := 5 4
             4 1
             1 18
             18 9
             9 2
             2 17
             17 35
             ;
set F[53] := 7 5
             5 4
             4 1
             1 19
             ;
set F[54] := 7 3
             3 10
             10 8
             8 9
             9 27
             ;
set F[55] := 7 3
             3 10
             10 15
             15 13
             13 12
             12 30
             ;
set F[56] := 10 8
             8 9
             9 18
             18 1
             1 19
             ;
set F[57] := 10 3
             3 21
             ;
set F[58] := 10 3
             3 7
             7 5
             5 4
             4 22
             ;
set F[59] := 10 3
             3 7
             7 25
             ;
set F[60] := 10 8
             8 9
             9 27
             ;
set F[61] := 10 15
             15 13
             13 12
             12 30
             ;
set F[62] := 10 15
             15 13
             13 31
             ;
set F[63] := 10 15
             15 13
             13 14
             14 32
             ;
set F[64] := 10 15
             15 33
             ;
set F[65] := 10 15
             15 16
             16 34
             ;
set F[66] := 10 15
             15 16
             16 17
             17 35
             ;
set F[67] := 11 17
             17 2
             2 9
             9 18
             18 1
             1 19
             ;
set F[68] := 11 13
             13 15
             15 10
             10 3
             3 21
             ;
set F[69] := 11 17
             17 2
             2 9
             9 18
             18 1
             1 4
             4 22
             ;
set F[70] := 11 13
             13 15
             15 10
             10 3
             3 7
             7 25
             ;
set F[71] := 11 17
             17 2
             2 9
             9 27
             ;
set F[72] := 11 13
             13 15
             15 10
             10 28
             ;
set F[73] := 11 12
             12 30
             ;
set F[74] := 11 13
             13 31
             ;
set F[75] := 11 13
             13 15
             15 33
             ;
set F[76] := 11 17
             17 16
             16 34
             ;
set F[77] := 11 17
             17 35
             ;
set F[78] := 12 11
             11 17
             17 2
             2 9
             9 18
             18 1
             1 19
             ;
set F[79] := 12 11
             11 17
             17 2
             2 9
             9 18
             18 1
             1 4
             4 22
             ;
set F[80] := 12 13
             13 15
             15 10
             10 3
             3 7
             7 25
             ;
set F[81] := 12 11
             11 17
             17 2
             2 9
             9 27
             ;
set F[82] := 12 13
             13 15
             15 10
             10 28
             ;
set F[83] := 12 13
             13 15
             15 33
             ;
set F[84] := 12 11
             11 17
             17 16
             16 34
             ;
set F[85] := 12 11
             11 17
             17 35
             ;
set F[86] := 13 11
             11 17
             17 2
             2 9
             9 18
             18 1
             1 19
             ;
set F[87] := 13 15
             15 10
             10 3
             3 21
             ;
set F[88] := 13 15
             15 10
             10 3
             3 7
             7 5
             5 4
             4 22
             ;
set F[89] := 13 15
             15 10
             10 3
             3 7
             7 25
             ;
set F[90] := 13 15
             15 10
             10 8
             8 26
             ;
set F[91] := 13 11
             11 17
             17 2
             2 9
             9 27
             ;
set F[92] := 13 15
             15 10
             10 28
             ;
set F[93] := 13 11
             11 29
             ;
set F[94] := 13 12
             12 30
             ;
set F[95] := 13 14
             14 32
             ;
set F[96] := 13 15
             15 33
             ;
set F[97] := 13 15
             15 16
             16 34
             ;
set F[98] := 13 11
             11 17
             17 35
             ;
set F[99] := 14 6
             6 11
             11 17
             17 2
             2 9
             9 18
             18 1
             1 19
             ;
set F[100] := 14 13
              13 15
              15 10
              10 3
              3 21
              ;
set F[101] := 14 13
              13 15
              15 10
              10 3
              3 7
              7 5
              5 4
              4 22
              ;
set F[102] := 14 13
              13 15
              15 10
              10 3
              3 7
              7 25
              ;
set F[103] := 14 6
              6 11
              11 17
              17 2
              2 9
              9 27
              ;
set F[104] := 14 13
              13 15
              15 10
              10 28
              ;
set F[105] := 14 13
              13 12
              12 30
              ;
set F[106] := 14 13
              13 31
              ;
set F[107] := 14 13
              13 15
              15 33
              ;
set F[108] := 14 13
              13 15
              15 16
              16 34
              ;
set F[109] := 14 6
              6 11
              11 17
              17 35
              ;
set F[110] := 15 10
              10 8
              8 9
              9 18
              18 1
              1 19
              ;
set F[111] := 15 10
              10 3
              3 21
              ;
set F[112] := 15 10
              10 3
              3 7
              7 5
              5 4
              4 22
              ;
set F[113] := 15 10
              10 3
              3 7
              7 25
              ;
set F[114] := 15 10
              10 8
              8 9
              9 27
              ;
set F[115] := 15 10
              10 28
              ;
set F[116] := 15 13
              13 12
              12 30
              ;
set F[117] := 15 16
              16 34
              ;
set F[118] := 15 16
              16 17
              17 35
              ;
set F[119] := 16 17
              17 2
              2 9
              9 18
              18 1
              1 19
              ;
set F[120] := 16 15
              15 10
              10 3
              3 7
              7 25
              ;
set F[121] := 16 17
              17 2
              2 9
              9 27
              ;
set F[122] := 16 15
              15 10
              10 28
              ;
set F[123] := 16 15
              15 13
              13 12
              12 30
              ;
set Last[1] := 3 21;
set Last[2] := 4 22;
set Last[3] := 7 25;
set Last[4] := 9 27;
set Last[5] := 10 28;
set Last[6] := 12 30;
set Last[7] := 13 31;
set Last[8] := 15 33;
set Last[9] := 16 34;
set Last[10] := 17 35;
set Last[11] := 1 19;
set Last[12] := 3 21;
set Last[13] := 4 22;
set Last[14] := 7 25;
set Last[15] := 9 27;
set Last[16] := 10 28;
set Last[17] := 12 30;
set Last[18] := 13 31;
set Last[19] := 14 32;
set Last[20] := 15 33;
set Last[21] := 16 34;
set Last[22] := 17 35;
set Last[23] := 1 19;
set Last[24] := 4 22;
set Last[25] := 7 25;
set Last[26] := 9 27;
set Last[27] := 10 28;
set Last[28] := 12 30;
set Last[29] := 13 31;
set Last[30] := 15 33;
set Last[31] := 16 34;
set Last[32] := 17 35;
set Last[33] := 1 19;
set Last[34] := 7 25;
set Last[35] := 9 27;
set Last[36] := 10 28;
set Last[37] := 12 30;
set Last[38] := 15 33;
set Last[39] := 1 19;
set Last[40] := 3 21;
set Last[41] := 4 22;
set Last[42] := 7 25;
set Last[43] := 8 26;
set Last[44] := 9 27;
set Last[45] := 10 28;
set Last[46] := 11 29;
set Last[47] := 12 30;
set Last[48] := 13 31;
set Last[49] := 14 32;
set Last[50] := 15 33;
set Last[51] := 16 34;
set Last[52] := 17 35;
set Last[53] := 1 19;
set Last[54] := 9 27;
set Last[55] := 12 30;
set Last[56] := 1 19;
set Last[57] := 3 21;
set Last[58] := 4 22;
set Last[59] := 7 25;
set Last[60] := 9 27;
set Last[61] := 12 30;
set Last[62] := 13 31;
set Last[63] := 14 32;
set Last[64] := 15 33;
set Last[65] := 16 34;
set Last[66] := 17 35;
set Last[67] := 1 19;
set Last[68] := 3 21;
set Last[69] := 4 22;
set Last[70] := 7 25;
set Last[71] := 9 27;
set Last[72] := 10 28;
set Last[73] := 12 30;
set Last[74] := 13 31;
set Last[75] := 15 33;
set Last[76] := 16 34;
set Last[77] := 17 35;
set Last[78] := 1 19;
set Last[79] := 4 22;
set Last[80] := 7 25;
set Last[81] := 9 27;
set Last[82] := 10 28;
set Last[83] := 15 33;
set Last[84] := 16 34;
set Last[85] := 17 35;
set Last[86] := 1 19;
set Last[87] := 3 21;
set Last[88] := 4 22;
set Last[89] := 7 25;
set Last[90] := 8 26;
set Last[91] := 9 27;
set Last[92] := 10 28;
set Last[93] := 11 29;
set Last[94] := 12 30;
set Last[95] := 14 32;
set Last[96] := 15 33;
set Last[97] := 16 34;
set Last[98] := 17 35;
set Last[99] := 1 19;
set Last[100] := 3 21;
set Last[101] := 4 22;
set Last[102] := 7 25;
set Last[103] := 9 27;
set Last[104] := 10 28;
set Last[105] := 12 30;
set Last[106] := 13 31;
set Last[107] := 15 33;
set Last[108] := 16 34;
set Last[109] := 17 35;
set Last[110] := 1 19;
set Last[111] := 3 21;
set Last[112] := 4 22;
set Last[113] := 7 25;
set Last[114] := 9 27;
set Last[115] := 10 28;
set Last[116] := 12 30;
set Last[117] := 16 34;
set Last[118] := 17 35;
set Last[119] := 1 19;
set Last[120] := 7 25;
set Last[121] := 9 27;
set Last[122] := 10 28;
set Last[123] := 12 30;

param q := 5;

end;
