data;

set V := 1 2 3 4 5 6 7 8 9 11 12 13 14 15 16 17 18 19 22 23 24 25 26 27 28 29 30 31 32 33 34 35 36 37 38 39 40 41 42 43 44 45 46 47 48 49 50 51 52 54 55 56 58 59 60 61 62 65 66 67 68 69 70 72 73 74 75 76 77 80 81 82 83 84 86;

set A := 1 4
         1 5
         1 17
         1 44
         2 7
         2 13
         2 45
         3 4
         3 35
         3 46
         4 1
         4 3
         4 47
         5 1
         5 6
         5 48
         6 5
         6 8
         6 9
         6 49
         7 2
         7 8
         7 14
         7 24
         7 50
         8 6
         8 7
         8 51
         9 6
         9 29
         9 52
         11 54
         12 38
         12 55
         13 2
         13 43
         13 56
         14 7
         14 15
         15 14
         15 16
         15 58
         16 15
         16 39
         16 59
         17 1
         17 18
         17 60
         18 17
         18 61
         19 37
         19 62
         22 39
         22 65
         23 39
         23 66
         24 7
         24 25
         24 67
         25 24
         25 31
         25 68
         26 27
         26 33
         26 69
         27 26
         27 70
         28 30
         28 32
         29 9
         29 30
         29 72
         30 28
         30 29
         30 73
         31 25
         31 32
         31 74
         32 28
         32 31
         32 33
         32 75
         33 26
         33 32
         33 76
         34 35
         34 40
         34 77
         35 3
         35 34
         36 17
         37 19
         37 39
         37 80
         38 11
         38 12
         38 39
         38 81
         39 16
         39 22
         39 23
         39 37
         39 38
         39 40
         39 82
         40 34
         40 39
         40 43
         40 83
         41 42
         41 84
         42 41
         42 43
         43 13
         43 40
         43 42
         43 86
         ;

set S := 1 2 3 4 5 6 7 8 9 10 11 12 13 14 15 16 17 18 19 20 21 22 23 24 25 26 27 28 29 30 31 32 33 34 35 36 37 38 39 40 41 42 43 44 45 46 47 48 49 50 51 52 53 54 55 56 57 58 59 60 61 62 63 64 65 66 67 68 69 70 71 72 73 74 75 76 77 78 79 80 81 82 83 84 85 86 87 88 89 90 91 92 93 94 95 96 97 98 99 100 101 102 103 104 105 106 107 108 109 110 111 112 113 114 115 116 117 118 119 120 121 122 123 124 125 126 127 128 129 130 131 132 133 134 135 136 137 138 139 140 141 142 143 144 145 146 147 148 149 150 151 152 153 154 155 156 157 158 159 160 161 162 163 164 165 166 167 168 169 170 171 172 173 174 175 176 177 178 179 180 181 182 183 184 185 186 187 188 189 190 191 192 193 194 195 196 197 198 199 200 201 202 203 204 205 206 207 208 209 210 211 212 213 214 215 216 217 218 219 220 221 222 223 224 225 226 227 228 229 230 231 232 233 234 235 236 237 238 239 240 241 242 243 244 245 246 247 248 249 250 251 252 253 254 255 256 257 258 259 260 261 262 263 264 265 266 267 268 269 270 271 272 273 274 275 276 277 278 279 280 281 282 283 284 285 286 287 288 289 290 291 292 293 294 295 296 297 298 299 300 301 302 303 304 305 306 307 308 309 310 311 312 313 314 315 316 317 318 319 320 321 322 323 324 325 326 327 328 329 330 331 332 333 334 335 336 337 338 339 340 341 342 343 344 345 346 347 348 349 350 351 352 353 354 355 356 357 358 359 360 361 362;

set F[1] := 1 4
            4 3
            3 46
            ;
set F[2] := 1 5
            5 6
            6 49
            ;
set F[3] := 1 5
            5 6
            6 8
            8 7
            7 50
            ;
set F[4] := 1 5
            5 6
            6 8
            8 51
            ;
set F[5] := 1 5
            5 6
            6 9
            9 52
            ;
set F[6] := 1 5
            5 6
            6 8
            8 7
            7 14
            14 15
            15 58
            ;
set F[7] := 1 17
            17 60
            ;
set F[8] := 1 5
            5 6
            6 8
            8 7
            7 24
            24 25
            25 68
            ;
set F[9] := 1 5
            5 6
            6 9
            9 29
            29 30
            30 28
            28 32
            32 33
            33 26
            26 69
            ;
set F[10] := 1 5
             5 6
             6 9
             9 29
             29 72
             ;
set F[11] := 1 5
             5 6
             6 9
             9 29
             29 30
             30 73
             ;
set F[12] := 1 5
             5 6
             6 8
             8 7
             7 24
             24 25
             25 31
             31 74
             ;
set F[13] := 1 5
             5 6
             6 9
             9 29
             29 30
             30 28
             28 32
             32 75
             ;
set F[14] := 1 5
             5 6
             6 9
             9 29
             29 30
             30 28
             28 32
             32 33
             33 76
             ;
set F[15] := 1 4
             4 3
             3 35
             35 34
             34 40
             40 39
             39 37
             37 80
             ;
set F[16] := 1 4
             4 3
             3 35
             35 34
             34 40
             40 39
             39 38
             38 81
             ;
set F[17] := 1 4
             4 3
             3 35
             35 34
             34 40
             40 39
             39 82
             ;
set F[18] := 2 7
             7 8
             8 6
             6 5
             5 1
             1 44
             ;
set F[19] := 2 13
             13 43
             43 40
             40 34
             34 35
             35 3
             3 46
             ;
set F[20] := 2 7
             7 8
             8 6
             6 49
             ;
set F[21] := 2 7
             7 50
             ;
set F[22] := 2 7
             7 8
             8 51
             ;
set F[23] := 2 7
             7 8
             8 6
             6 9
             9 52
             ;
set F[24] := 2 7
             7 8
             8 6
             6 5
             5 1
             1 17
             17 60
             ;
set F[25] := 2 7
             7 24
             24 25
             25 68
             ;
set F[26] := 2 7
             7 8
             8 6
             6 9
             9 29
             29 72
             ;
set F[27] := 2 7
             7 8
             8 6
             6 9
             9 29
             29 30
             30 73
             ;
set F[28] := 2 7
             7 24
             24 25
             25 31
             31 74
             ;
set F[29] := 2 7
             7 24
             24 25
             25 31
             31 32
             32 75
             ;
set F[30] := 2 13
             13 43
             43 40
             40 39
             39 37
             37 80
             ;
set F[31] := 2 13
             13 43
             43 40
             40 39
             39 38
             38 81
             ;
set F[32] := 2 13
             13 43
             43 40
             40 39
             39 82
             ;
set F[33] := 5 1
             1 44
             ;
set F[34] := 5 1
             1 4
             4 3
             3 46
             ;
set F[35] := 5 6
             6 49
             ;
set F[36] := 5 6
             6 8
             8 7
             7 50
             ;
set F[37] := 5 6
             6 8
             8 51
             ;
set F[38] := 5 6
             6 9
             9 52
             ;
set F[39] := 5 1
             1 17
             17 60
             ;
set F[40] := 5 6
             6 8
             8 7
             7 24
             24 25
             25 68
             ;
set F[41] := 5 6
             6 9
             9 29
             29 72
             ;
set F[42] := 5 6
             6 9
             9 29
             29 30
             30 73
             ;
set F[43] := 5 6
             6 8
             8 7
             7 24
             24 25
             25 31
             31 74
             ;
set F[44] := 5 6
             6 9
             9 29
             29 30
             30 28
             28 32
             32 75
             ;
set F[45] := 5 1
             1 4
             4 3
             3 35
             35 34
             34 40
             40 39
             39 37
             37 80
             ;
set F[46] := 5 1
             1 4
             4 3
             3 35
             35 34
             34 40
             40 39
             39 38
             38 81
             ;
set F[47] := 5 1
             1 4
             4 3
             3 35
             35 34
             34 40
             40 39
             39 82
             ;
set F[48] := 6 5
             5 1
             1 44
             ;
set F[49] := 6 8
             8 7
             7 2
             2 45
             ;
set F[50] := 6 5
             5 1
             1 4
             4 3
             3 46
             ;
set F[51] := 6 8
             8 7
             7 50
             ;
set F[52] := 6 8
             8 51
             ;
set F[53] := 6 9
             9 52
             ;
set F[54] := 6 8
             8 7
             7 14
             14 15
             15 16
             16 39
             39 38
             38 11
             11 54
             ;
set F[55] := 6 8
             8 7
             7 14
             14 15
             15 16
             16 39
             39 38
             38 12
             12 55
             ;
set F[56] := 6 8
             8 7
             7 14
             14 15
             15 58
             ;
set F[57] := 6 8
             8 7
             7 14
             14 15
             15 16
             16 59
             ;
set F[58] := 6 5
             5 1
             1 17
             17 60
             ;
set F[59] := 6 8
             8 7
             7 14
             14 15
             15 16
             16 39
             39 37
             37 19
             19 62
             ;
set F[60] := 6 8
             8 7
             7 14
             14 15
             15 16
             16 39
             39 23
             23 66
             ;
set F[61] := 6 8
             8 7
             7 24
             24 67
             ;
set F[62] := 6 8
             8 7
             7 24
             24 25
             25 68
             ;
set F[63] := 6 9
             9 29
             29 30
             30 28
             28 32
             32 33
             33 26
             26 69
             ;
set F[64] := 6 9
             9 29
             29 30
             30 28
             28 32
             32 33
             33 26
             26 27
             27 70
             ;
set F[65] := 6 9
             9 29
             29 72
             ;
set F[66] := 6 9
             9 29
             29 30
             30 73
             ;
set F[67] := 6 8
             8 7
             7 24
             24 25
             25 31
             31 74
             ;
set F[68] := 6 9
             9 29
             29 30
             30 28
             28 32
             32 75
             ;
set F[69] := 6 9
             9 29
             29 30
             30 28
             28 32
             32 33
             33 76
             ;
set F[70] := 6 8
             8 7
             7 14
             14 15
             15 16
             16 39
             39 37
             37 80
             ;
set F[71] := 6 8
             8 7
             7 14
             14 15
             15 16
             16 39
             39 38
             38 81
             ;
set F[72] := 6 8
             8 7
             7 14
             14 15
             15 16
             16 39
             39 82
             ;
set F[73] := 6 8
             8 7
             7 2
             2 13
             13 43
             43 40
             40 83
             ;
set F[74] := 6 8
             8 7
             7 2
             2 13
             13 43
             43 42
             42 41
             41 84
             ;
set F[75] := 7 8
             8 6
             6 5
             5 1
             1 44
             ;
set F[76] := 7 2
             2 45
             ;
set F[77] := 7 8
             8 6
             6 5
             5 1
             1 4
             4 3
             3 46
             ;
set F[78] := 7 8
             8 6
             6 5
             5 1
             1 4
             4 47
             ;
set F[79] := 7 8
             8 6
             6 5
             5 48
             ;
set F[80] := 7 8
             8 6
             6 49
             ;
set F[81] := 7 8
             8 51
             ;
set F[82] := 7 8
             8 6
             6 9
             9 52
             ;
set F[83] := 7 14
             14 15
             15 16
             16 39
             39 38
             38 11
             11 54
             ;
set F[84] := 7 14
             14 15
             15 16
             16 39
             39 38
             38 12
             12 55
             ;
set F[85] := 7 2
             2 13
             13 56
             ;
set F[86] := 7 14
             14 15
             15 58
             ;
set F[87] := 7 14
             14 15
             15 16
             16 59
             ;
set F[88] := 7 8
             8 6
             6 5
             5 1
             1 17
             17 60
             ;
set F[89] := 7 8
             8 6
             6 5
             5 1
             1 17
             17 18
             18 61
             ;
set F[90] := 7 14
             14 15
             15 16
             16 39
             39 37
             37 19
             19 62
             ;
set F[91] := 7 14
             14 15
             15 16
             16 39
             39 22
             22 65
             ;
set F[92] := 7 14
             14 15
             15 16
             16 39
             39 23
             23 66
             ;
set F[93] := 7 24
             24 67
             ;
set F[94] := 7 24
             24 25
             25 68
             ;
set F[95] := 7 24
             24 25
             25 31
             31 32
             32 33
             33 26
             26 69
             ;
set F[96] := 7 24
             24 25
             25 31
             31 32
             32 33
             33 26
             26 27
             27 70
             ;
set F[97] := 7 8
             8 6
             6 9
             9 29
             29 72
             ;
set F[98] := 7 8
             8 6
             6 9
             9 29
             29 30
             30 73
             ;
set F[99] := 7 24
             24 25
             25 31
             31 74
             ;
set F[100] := 7 24
              24 25
              25 31
              31 32
              32 75
              ;
set F[101] := 7 24
              24 25
              25 31
              31 32
              32 33
              33 76
              ;
set F[102] := 7 2
              2 13
              13 43
              43 40
              40 34
              34 77
              ;
set F[103] := 7 14
              14 15
              15 16
              16 39
              39 37
              37 80
              ;
set F[104] := 7 14
              14 15
              15 16
              16 39
              39 38
              38 81
              ;
set F[105] := 7 14
              14 15
              15 16
              16 39
              39 82
              ;
set F[106] := 7 2
              2 13
              13 43
              43 40
              40 83
              ;
set F[107] := 7 2
              2 13
              13 43
              43 42
              42 41
              41 84
              ;
set F[108] := 7 2
              2 13
              13 43
              43 86
              ;
set F[109] := 8 6
              6 5
              5 1
              1 44
              ;
set F[110] := 8 6
              6 5
              5 1
              1 4
              4 3
              3 46
              ;
set F[111] := 8 6
              6 49
              ;
set F[112] := 8 7
              7 50
              ;
set F[113] := 8 6
              6 9
              9 52
              ;
set F[114] := 8 6
              6 5
              5 1
              1 17
              17 60
              ;
set F[115] := 8 6
              6 9
              9 29
              29 72
              ;
set F[116] := 8 6
              6 9
              9 29
              29 30
              30 73
              ;
set F[117] := 8 7
              7 24
              24 25
              25 31
              31 74
              ;
set F[118] := 8 7
              7 24
              24 25
              25 31
              31 32
              32 75
              ;
set F[119] := 8 7
              7 14
              14 15
              15 16
              16 39
              39 37
              37 80
              ;
set F[120] := 8 7
              7 14
              14 15
              15 16
              16 39
              39 38
              38 81
              ;
set F[121] := 8 7
              7 14
              14 15
              15 16
              16 39
              39 82
              ;
set F[122] := 9 6
              6 5
              5 1
              1 44
              ;
set F[123] := 9 6
              6 5
              5 1
              1 4
              4 3
              3 46
              ;
set F[124] := 9 6
              6 49
              ;
set F[125] := 9 6
              6 8
              8 7
              7 50
              ;
set F[126] := 9 6
              6 8
              8 51
              ;
set F[127] := 9 6
              6 5
              5 1
              1 17
              17 60
              ;
set F[128] := 9 6
              6 8
              8 7
              7 24
              24 25
              25 68
              ;
set F[129] := 9 29
              29 30
              30 28
              28 32
              32 33
              33 26
              26 69
              ;
set F[130] := 9 29
              29 72
              ;
set F[131] := 9 29
              29 30
              30 73
              ;
set F[132] := 9 29
              29 30
              30 28
              28 32
              32 31
              31 74
              ;
set F[133] := 9 29
              29 30
              30 28
              28 32
              32 75
              ;
set F[134] := 9 6
              6 8
              8 7
              7 14
              14 15
              15 16
              16 39
              39 37
              37 80
              ;
set F[135] := 9 6
              6 8
              8 7
              7 14
              14 15
              15 16
              16 39
              39 38
              38 81
              ;
set F[136] := 9 6
              6 8
              8 7
              7 14
              14 15
              15 16
              16 39
              39 82
              ;
set F[137] := 12 38
              38 39
              39 82
              ;
set F[138] := 14 7
              7 8
              8 6
              6 5
              5 1
              1 44
              ;
set F[139] := 14 7
              7 50
              ;
set F[140] := 14 7
              7 8
              8 6
              6 9
              9 29
              29 72
              ;
set F[141] := 14 7
              7 8
              8 6
              6 9
              9 29
              29 30
              30 73
              ;
set F[142] := 14 7
              7 24
              24 25
              25 31
              31 74
              ;
set F[143] := 14 7
              7 24
              24 25
              25 31
              31 32
              32 75
              ;
set F[144] := 14 15
              15 16
              16 39
              39 37
              37 80
              ;
set F[145] := 14 15
              15 16
              16 39
              39 38
              38 81
              ;
set F[146] := 14 15
              15 16
              16 39
              39 82
              ;
set F[147] := 15 14
              14 7
              7 8
              8 6
              6 5
              5 1
              1 44
              ;
set F[148] := 15 16
              16 39
              39 40
              40 34
              34 35
              35 3
              3 46
              ;
set F[149] := 15 14
              14 7
              7 8
              8 6
              6 49
              ;
set F[150] := 15 14
              14 7
              7 50
              ;
set F[151] := 15 14
              14 7
              7 8
              8 51
              ;
set F[152] := 15 14
              14 7
              7 8
              8 6
              6 9
              9 52
              ;
set F[153] := 15 14
              14 7
              7 8
              8 6
              6 5
              5 1
              1 17
              17 60
              ;
set F[154] := 15 14
              14 7
              7 8
              8 6
              6 9
              9 29
              29 72
              ;
set F[155] := 15 14
              14 7
              7 8
              8 6
              6 9
              9 29
              29 30
              30 73
              ;
set F[156] := 15 14
              14 7
              7 24
              24 25
              25 31
              31 74
              ;
set F[157] := 15 14
              14 7
              7 24
              24 25
              25 31
              31 32
              32 75
              ;
set F[158] := 15 16
              16 39
              39 37
              37 80
              ;
set F[159] := 15 16
              16 39
              39 38
              38 81
              ;
set F[160] := 15 16
              16 39
              39 82
              ;
set F[161] := 16 15
              15 14
              14 7
              7 8
              8 6
              6 5
              5 1
              1 44
              ;
set F[162] := 16 39
              39 40
              40 34
              34 35
              35 3
              3 46
              ;
set F[163] := 16 15
              15 14
              14 7
              7 8
              8 6
              6 49
              ;
set F[164] := 16 15
              15 14
              14 7
              7 50
              ;
set F[165] := 16 15
              15 14
              14 7
              7 8
              8 51
              ;
set F[166] := 16 15
              15 14
              14 7
              7 8
              8 6
              6 9
              9 52
              ;
set F[167] := 16 15
              15 14
              14 7
              7 8
              8 6
              6 5
              5 1
              1 17
              17 60
              ;
set F[168] := 16 15
              15 14
              14 7
              7 24
              24 25
              25 68
              ;
set F[169] := 16 15
              15 14
              14 7
              7 8
              8 6
              6 9
              9 29
              29 72
              ;
set F[170] := 16 15
              15 14
              14 7
              7 8
              8 6
              6 9
              9 29
              29 30
              30 73
              ;
set F[171] := 16 15
              15 14
              14 7
              7 24
              24 25
              25 31
              31 74
              ;
set F[172] := 16 15
              15 14
              14 7
              7 24
              24 25
              25 31
              31 32
              32 75
              ;
set F[173] := 16 39
              39 37
              37 80
              ;
set F[174] := 16 39
              39 38
              38 81
              ;
set F[175] := 16 39
              39 82
              ;
set F[176] := 17 1
              1 44
              ;
set F[177] := 17 1
              1 5
              5 6
              6 8
              8 7
              7 50
              ;
set F[178] := 17 1
              1 4
              4 3
              3 35
              35 34
              34 40
              40 39
              39 37
              37 80
              ;
set F[179] := 17 1
              1 4
              4 3
              3 35
              35 34
              34 40
              40 39
              39 82
              ;
set F[180] := 18 17
              17 1
              1 4
              4 3
              3 35
              35 34
              34 40
              40 39
              39 82
              ;
set F[181] := 19 37
              37 39
              39 82
              ;
set F[182] := 22 39
              39 82
              ;
set F[183] := 23 39
              39 82
              ;
set F[184] := 24 7
              7 8
              8 6
              6 5
              5 1
              1 44
              ;
set F[185] := 24 7
              7 8
              8 6
              6 5
              5 1
              1 4
              4 3
              3 46
              ;
set F[186] := 24 7
              7 8
              8 6
              6 49
              ;
set F[187] := 24 7
              7 50
              ;
set F[188] := 24 7
              7 8
              8 51
              ;
set F[189] := 24 7
              7 8
              8 6
              6 9
              9 52
              ;
set F[190] := 24 7
              7 8
              8 6
              6 5
              5 1
              1 17
              17 60
              ;
set F[191] := 24 25
              25 68
              ;
set F[192] := 24 7
              7 8
              8 6
              6 9
              9 29
              29 72
              ;
set F[193] := 24 25
              25 31
              31 32
              32 28
              28 30
              30 73
              ;
set F[194] := 24 25
              25 31
              31 74
              ;
set F[195] := 24 25
              25 31
              31 32
              32 75
              ;
set F[196] := 24 7
              7 14
              14 15
              15 16
              16 39
              39 37
              37 80
              ;
set F[197] := 24 7
              7 14
              14 15
              15 16
              16 39
              39 38
              38 81
              ;
set F[198] := 24 7
              7 14
              14 15
              15 16
              16 39
              39 82
              ;
set F[199] := 26 33
              33 32
              32 28
              28 30
              30 29
              29 9
              9 6
              6 5
              5 1
              1 44
              ;
set F[200] := 26 33
              33 32
              32 28
              28 30
              30 29
              29 9
              9 6
              6 5
              5 1
              1 4
              4 3
              3 46
              ;
set F[201] := 26 33
              33 32
              32 28
              28 30
              30 29
              29 9
              9 6
              6 49
              ;
set F[202] := 26 33
              33 32
              32 31
              31 25
              25 24
              24 7
              7 50
              ;
set F[203] := 26 33
              33 32
              32 31
              31 25
              25 24
              24 7
              7 8
              8 51
              ;
set F[204] := 26 33
              33 32
              32 28
              28 30
              30 29
              29 9
              9 52
              ;
set F[205] := 26 33
              33 32
              32 31
              31 25
              25 24
              24 7
              7 14
              14 15
              15 58
              ;
set F[206] := 26 33
              33 32
              32 28
              28 30
              30 29
              29 9
              9 6
              6 5
              5 1
              1 17
              17 60
              ;
set F[207] := 26 33
              33 32
              32 31
              31 25
              25 68
              ;
set F[208] := 26 33
              33 32
              32 28
              28 30
              30 29
              29 72
              ;
set F[209] := 26 33
              33 32
              32 28
              28 30
              30 73
              ;
set F[210] := 26 33
              33 32
              32 31
              31 74
              ;
set F[211] := 26 33
              33 32
              32 75
              ;
set F[212] := 26 33
              33 76
              ;
set F[213] := 26 33
              33 32
              32 31
              31 25
              25 24
              24 7
              7 14
              14 15
              15 16
              16 39
              39 37
              37 80
              ;
set F[214] := 26 33
              33 32
              32 31
              31 25
              25 24
              24 7
              7 14
              14 15
              15 16
              16 39
              39 38
              38 81
              ;
set F[215] := 26 33
              33 32
              32 31
              31 25
              25 24
              24 7
              7 14
              14 15
              15 16
              16 39
              39 82
              ;
set F[216] := 27 26
              26 33
              33 32
              32 31
              31 25
              25 24
              24 7
              7 14
              14 15
              15 16
              16 39
              39 82
              ;
set F[217] := 29 9
              9 6
              6 8
              8 7
              7 14
              14 15
              15 16
              16 39
              39 82
              ;
set F[218] := 31 25
              25 24
              24 7
              7 8
              8 6
              6 5
              5 1
              1 44
              ;
set F[219] := 31 25
              25 24
              24 7
              7 2
              2 45
              ;
set F[220] := 31 25
              25 24
              24 7
              7 8
              8 6
              6 5
              5 1
              1 4
              4 3
              3 46
              ;
set F[221] := 31 25
              25 24
              24 7
              7 8
              8 6
              6 49
              ;
set F[222] := 31 25
              25 24
              24 7
              7 50
              ;
set F[223] := 31 25
              25 24
              24 7
              7 8
              8 51
              ;
set F[224] := 31 32
              32 28
              28 30
              30 29
              29 9
              9 52
              ;
set F[225] := 31 25
              25 24
              24 7
              7 14
              14 15
              15 16
              16 39
              39 38
              38 12
              12 55
              ;
set F[226] := 31 25
              25 24
              24 7
              7 14
              14 15
              15 58
              ;
set F[227] := 31 25
              25 24
              24 7
              7 14
              14 15
              15 16
              16 59
              ;
set F[228] := 31 25
              25 24
              24 7
              7 8
              8 6
              6 5
              5 1
              1 17
              17 60
              ;
set F[229] := 31 25
              25 24
              24 67
              ;
set F[230] := 31 25
              25 68
              ;
set F[231] := 31 32
              32 33
              33 26
              26 69
              ;
set F[232] := 31 32
              32 28
              28 30
              30 29
              29 72
              ;
set F[233] := 31 32
              32 28
              28 30
              30 73
              ;
set F[234] := 31 32
              32 75
              ;
set F[235] := 31 32
              32 33
              33 76
              ;
set F[236] := 31 25
              25 24
              24 7
              7 14
              14 15
              15 16
              16 39
              39 37
              37 80
              ;
set F[237] := 31 25
              25 24
              24 7
              7 14
              14 15
              15 16
              16 39
              39 38
              38 81
              ;
set F[238] := 31 25
              25 24
              24 7
              7 14
              14 15
              15 16
              16 39
              39 82
              ;
set F[239] := 31 25
              25 24
              24 7
              7 2
              2 13
              13 43
              43 40
              40 83
              ;
set F[240] := 32 28
              28 30
              30 29
              29 9
              9 6
              6 5
              5 1
              1 44
              ;
set F[241] := 32 28
              28 30
              30 29
              29 9
              9 6
              6 5
              5 1
              1 4
              4 3
              3 46
              ;
set F[242] := 32 28
              28 30
              30 29
              29 9
              9 6
              6 49
              ;
set F[243] := 32 31
              31 25
              25 24
              24 7
              7 50
              ;
set F[244] := 32 31
              31 25
              25 24
              24 7
              7 8
              8 51
              ;
set F[245] := 32 28
              28 30
              30 29
              29 9
              9 52
              ;
set F[246] := 32 28
              28 30
              30 29
              29 9
              9 6
              6 5
              5 1
              1 17
              17 60
              ;
set F[247] := 32 28
              28 30
              30 29
              29 72
              ;
set F[248] := 32 28
              28 30
              30 73
              ;
set F[249] := 32 31
              31 74
              ;
set F[250] := 32 31
              31 25
              25 24
              24 7
              7 14
              14 15
              15 16
              16 39
              39 37
              37 80
              ;
set F[251] := 32 31
              31 25
              25 24
              24 7
              7 14
              14 15
              15 16
              16 39
              39 38
              38 81
              ;
set F[252] := 32 31
              31 25
              25 24
              24 7
              7 14
              14 15
              15 16
              16 39
              39 82
              ;
set F[253] := 33 32
              32 28
              28 30
              30 29
              29 9
              9 6
              6 5
              5 1
              1 44
              ;
set F[254] := 33 32
              32 31
              31 25
              25 24
              24 7
              7 50
              ;
set F[255] := 33 32
              32 75
              ;
set F[256] := 33 32
              32 31
              31 25
              25 24
              24 7
              7 14
              14 15
              15 16
              16 39
              39 37
              37 80
              ;
set F[257] := 33 32
              32 31
              31 25
              25 24
              24 7
              7 14
              14 15
              15 16
              16 39
              39 38
              38 81
              ;
set F[258] := 33 32
              32 31
              31 25
              25 24
              24 7
              7 14
              14 15
              15 16
              16 39
              39 82
              ;
set F[259] := 34 35
              35 3
              3 4
              4 1
              1 44
              ;
set F[260] := 34 35
              35 3
              3 46
              ;
set F[261] := 34 35
              35 3
              3 4
              4 1
              1 5
              5 6
              6 49
              ;
set F[262] := 34 40
              40 43
              43 13
              13 2
              2 7
              7 50
              ;
set F[263] := 34 40
              40 43
              43 13
              13 2
              2 7
              7 8
              8 51
              ;
set F[264] := 34 35
              35 3
              3 4
              4 1
              1 5
              5 6
              6 9
              9 52
              ;
set F[265] := 34 35
              35 3
              3 4
              4 1
              1 17
              17 60
              ;
set F[266] := 34 40
              40 43
              43 13
              13 2
              2 7
              7 24
              24 25
              25 68
              ;
set F[267] := 34 35
              35 3
              3 4
              4 1
              1 5
              5 6
              6 9
              9 29
              29 72
              ;
set F[268] := 34 35
              35 3
              3 4
              4 1
              1 5
              5 6
              6 9
              9 29
              29 30
              30 73
              ;
set F[269] := 34 40
              40 43
              43 13
              13 2
              2 7
              7 24
              24 25
              25 31
              31 74
              ;
set F[270] := 34 40
              40 43
              43 13
              13 2
              2 7
              7 24
              24 25
              25 31
              31 32
              32 75
              ;
set F[271] := 34 40
              40 39
              39 37
              37 80
              ;
set F[272] := 34 40
              40 39
              39 38
              38 81
              ;
set F[273] := 34 40
              40 39
              39 82
              ;
set F[274] := 35 3
              3 4
              4 1
              1 44
              ;
set F[275] := 35 3
              3 46
              ;
set F[276] := 35 3
              3 4
              4 1
              1 5
              5 6
              6 49
              ;
set F[277] := 35 34
              34 40
              40 43
              43 13
              13 2
              2 7
              7 50
              ;
set F[278] := 35 3
              3 4
              4 1
              1 5
              5 6
              6 8
              8 51
              ;
set F[279] := 35 3
              3 4
              4 1
              1 5
              5 6
              6 9
              9 52
              ;
set F[280] := 35 3
              3 4
              4 1
              1 17
              17 60
              ;
set F[281] := 35 34
              34 40
              40 43
              43 13
              13 2
              2 7
              7 24
              24 25
              25 68
              ;
set F[282] := 35 3
              3 4
              4 1
              1 5
              5 6
              6 9
              9 29
              29 72
              ;
set F[283] := 35 3
              3 4
              4 1
              1 5
              5 6
              6 9
              9 29
              29 30
              30 73
              ;
set F[284] := 35 34
              34 40
              40 43
              43 13
              13 2
              2 7
              7 24
              24 25
              25 31
              31 74
              ;
set F[285] := 35 3
              3 4
              4 1
              1 5
              5 6
              6 9
              9 29
              29 30
              30 28
              28 32
              32 75
              ;
set F[286] := 35 34
              34 40
              40 39
              39 37
              37 80
              ;
set F[287] := 35 34
              34 40
              40 39
              39 38
              38 81
              ;
set F[288] := 35 34
              34 40
              40 39
              39 82
              ;
set F[289] := 36 17
              17 1
              1 44
              ;
set F[290] := 36 17
              17 1
              1 5
              5 6
              6 8
              8 7
              7 50
              ;
set F[291] := 36 17
              17 1
              1 4
              4 3
              3 35
              35 34
              34 40
              40 39
              39 37
              37 80
              ;
set F[292] := 36 17
              17 1
              1 4
              4 3
              3 35
              35 34
              34 40
              40 39
              39 82
              ;
set F[293] := 37 39
              39 40
              40 34
              34 35
              35 3
              3 4
              4 1
              1 44
              ;
set F[294] := 37 39
              39 40
              40 43
              43 13
              13 2
              2 45
              ;
set F[295] := 37 39
              39 40
              40 34
              34 35
              35 3
              3 46
              ;
set F[296] := 37 39
              39 16
              16 15
              15 14
              14 7
              7 8
              8 6
              6 49
              ;
set F[297] := 37 39
              39 16
              16 15
              15 14
              14 7
              7 50
              ;
set F[298] := 37 39
              39 16
              16 15
              15 14
              14 7
              7 8
              8 51
              ;
set F[299] := 37 39
              39 16
              16 15
              15 14
              14 7
              7 8
              8 6
              6 9
              9 52
              ;
set F[300] := 37 39
              39 16
              16 15
              15 58
              ;
set F[301] := 37 39
              39 16
              16 59
              ;
set F[302] := 37 39
              39 40
              40 34
              34 35
              35 3
              3 4
              4 1
              1 17
              17 60
              ;
set F[303] := 37 39
              39 16
              16 15
              15 14
              14 7
              7 24
              24 25
              25 68
              ;
set F[304] := 37 39
              39 16
              16 15
              15 14
              14 7
              7 24
              24 25
              25 31
              31 32
              32 33
              33 26
              26 69
              ;
set F[305] := 37 39
              39 16
              16 15
              15 14
              14 7
              7 8
              8 6
              6 9
              9 29
              29 72
              ;
set F[306] := 37 39
              39 16
              16 15
              15 14
              14 7
              7 8
              8 6
              6 9
              9 29
              29 30
              30 73
              ;
set F[307] := 37 39
              39 16
              16 15
              15 14
              14 7
              7 24
              24 25
              25 31
              31 74
              ;
set F[308] := 37 39
              39 16
              16 15
              15 14
              14 7
              7 24
              24 25
              25 31
              31 32
              32 75
              ;
set F[309] := 37 39
              39 16
              16 15
              15 14
              14 7
              7 24
              24 25
              25 31
              31 32
              32 33
              33 76
              ;
set F[310] := 37 39
              39 38
              38 81
              ;
set F[311] := 37 39
              39 82
              ;
set F[312] := 37 39
              39 40
              40 83
              ;
set F[313] := 38 39
              39 82
              ;
set F[314] := 39 40
              40 34
              34 35
              35 3
              3 4
              4 1
              1 44
              ;
set F[315] := 39 40
              40 43
              43 13
              13 2
              2 45
              ;
set F[316] := 39 40
              40 34
              34 35
              35 3
              3 46
              ;
set F[317] := 39 40
              40 34
              34 35
              35 3
              3 4
              4 47
              ;
set F[318] := 39 16
              16 15
              15 14
              14 7
              7 8
              8 6
              6 5
              5 48
              ;
set F[319] := 39 16
              16 15
              15 14
              14 7
              7 8
              8 6
              6 49
              ;
set F[320] := 39 16
              16 15
              15 14
              14 7
              7 50
              ;
set F[321] := 39 16
              16 15
              15 14
              14 7
              7 8
              8 51
              ;
set F[322] := 39 16
              16 15
              15 14
              14 7
              7 8
              8 6
              6 9
              9 52
              ;
set F[323] := 39 38
              38 11
              11 54
              ;
set F[324] := 39 38
              38 12
              12 55
              ;
set F[325] := 39 40
              40 43
              43 13
              13 56
              ;
set F[326] := 39 16
              16 15
              15 58
              ;
set F[327] := 39 16
              16 59
              ;
set F[328] := 39 40
              40 34
              34 35
              35 3
              3 4
              4 1
              1 17
              17 60
              ;
set F[329] := 39 40
              40 34
              34 35
              35 3
              3 4
              4 1
              1 17
              17 18
              18 61
              ;
set F[330] := 39 37
              37 19
              19 62
              ;
set F[331] := 39 22
              22 65
              ;
set F[332] := 39 23
              23 66
              ;
set F[333] := 39 16
              16 15
              15 14
              14 7
              7 24
              24 67
              ;
set F[334] := 39 16
              16 15
              15 14
              14 7
              7 24
              24 25
              25 68
              ;
set F[335] := 39 16
              16 15
              15 14
              14 7
              7 24
              24 25
              25 31
              31 32
              32 33
              33 26
              26 69
              ;
set F[336] := 39 16
              16 15
              15 14
              14 7
              7 24
              24 25
              25 31
              31 32
              32 33
              33 26
              26 27
              27 70
              ;
set F[337] := 39 16
              16 15
              15 14
              14 7
              7 8
              8 6
              6 9
              9 29
              29 72
              ;
set F[338] := 39 16
              16 15
              15 14
              14 7
              7 8
              8 6
              6 9
              9 29
              29 30
              30 73
              ;
set F[339] := 39 16
              16 15
              15 14
              14 7
              7 24
              24 25
              25 31
              31 74
              ;
set F[340] := 39 16
              16 15
              15 14
              14 7
              7 24
              24 25
              25 31
              31 32
              32 75
              ;
set F[341] := 39 16
              16 15
              15 14
              14 7
              7 24
              24 25
              25 31
              31 32
              32 33
              33 76
              ;
set F[342] := 39 40
              40 34
              34 77
              ;
set F[343] := 39 37
              37 80
              ;
set F[344] := 39 38
              38 81
              ;
set F[345] := 39 40
              40 83
              ;
set F[346] := 39 40
              40 43
              43 42
              42 41
              41 84
              ;
set F[347] := 39 40
              40 43
              43 86
              ;
set F[348] := 41 42
              42 43
              43 40
              40 39
              39 82
              ;
set F[349] := 42 43
              43 40
              40 34
              34 35
              35 3
              3 4
              4 1
              1 44
              ;
set F[350] := 42 43
              43 40
              40 34
              34 35
              35 3
              3 46
              ;
set F[351] := 42 43
              43 13
              13 2
              2 7
              7 8
              8 6
              6 49
              ;
set F[352] := 42 43
              43 13
              13 2
              2 7
              7 50
              ;
set F[353] := 42 43
              43 13
              13 2
              2 7
              7 8
              8 51
              ;
set F[354] := 42 43
              43 13
              13 2
              2 7
              7 8
              8 6
              6 9
              9 52
              ;
set F[355] := 42 43
              43 40
              40 34
              34 35
              35 3
              3 4
              4 1
              1 17
              17 60
              ;
set F[356] := 42 43
              43 13
              13 2
              2 7
              7 8
              8 6
              6 9
              9 29
              29 72
              ;
set F[357] := 42 43
              43 13
              13 2
              2 7
              7 8
              8 6
              6 9
              9 29
              29 30
              30 73
              ;
set F[358] := 42 43
              43 13
              13 2
              2 7
              7 24
              24 25
              25 31
              31 74
              ;
set F[359] := 42 43
              43 13
              13 2
              2 7
              7 24
              24 25
              25 31
              31 32
              32 75
              ;
set F[360] := 42 43
              43 40
              40 39
              39 37
              37 80
              ;
set F[361] := 42 43
              43 40
              40 39
              39 38
              38 81
              ;
set F[362] := 42 43
              43 40
              40 39
              39 82
              ;
set Last[1] := 3 46;
set Last[2] := 6 49;
set Last[3] := 7 50;
set Last[4] := 8 51;
set Last[5] := 9 52;
set Last[6] := 15 58;
set Last[7] := 17 60;
set Last[8] := 25 68;
set Last[9] := 26 69;
set Last[10] := 29 72;
set Last[11] := 30 73;
set Last[12] := 31 74;
set Last[13] := 32 75;
set Last[14] := 33 76;
set Last[15] := 37 80;
set Last[16] := 38 81;
set Last[17] := 39 82;
set Last[18] := 1 44;
set Last[19] := 3 46;
set Last[20] := 6 49;
set Last[21] := 7 50;
set Last[22] := 8 51;
set Last[23] := 9 52;
set Last[24] := 17 60;
set Last[25] := 25 68;
set Last[26] := 29 72;
set Last[27] := 30 73;
set Last[28] := 31 74;
set Last[29] := 32 75;
set Last[30] := 37 80;
set Last[31] := 38 81;
set Last[32] := 39 82;
set Last[33] := 1 44;
set Last[34] := 3 46;
set Last[35] := 6 49;
set Last[36] := 7 50;
set Last[37] := 8 51;
set Last[38] := 9 52;
set Last[39] := 17 60;
set Last[40] := 25 68;
set Last[41] := 29 72;
set Last[42] := 30 73;
set Last[43] := 31 74;
set Last[44] := 32 75;
set Last[45] := 37 80;
set Last[46] := 38 81;
set Last[47] := 39 82;
set Last[48] := 1 44;
set Last[49] := 2 45;
set Last[50] := 3 46;
set Last[51] := 7 50;
set Last[52] := 8 51;
set Last[53] := 9 52;
set Last[54] := 11 54;
set Last[55] := 12 55;
set Last[56] := 15 58;
set Last[57] := 16 59;
set Last[58] := 17 60;
set Last[59] := 19 62;
set Last[60] := 23 66;
set Last[61] := 24 67;
set Last[62] := 25 68;
set Last[63] := 26 69;
set Last[64] := 27 70;
set Last[65] := 29 72;
set Last[66] := 30 73;
set Last[67] := 31 74;
set Last[68] := 32 75;
set Last[69] := 33 76;
set Last[70] := 37 80;
set Last[71] := 38 81;
set Last[72] := 39 82;
set Last[73] := 40 83;
set Last[74] := 41 84;
set Last[75] := 1 44;
set Last[76] := 2 45;
set Last[77] := 3 46;
set Last[78] := 4 47;
set Last[79] := 5 48;
set Last[80] := 6 49;
set Last[81] := 8 51;
set Last[82] := 9 52;
set Last[83] := 11 54;
set Last[84] := 12 55;
set Last[85] := 13 56;
set Last[86] := 15 58;
set Last[87] := 16 59;
set Last[88] := 17 60;
set Last[89] := 18 61;
set Last[90] := 19 62;
set Last[91] := 22 65;
set Last[92] := 23 66;
set Last[93] := 24 67;
set Last[94] := 25 68;
set Last[95] := 26 69;
set Last[96] := 27 70;
set Last[97] := 29 72;
set Last[98] := 30 73;
set Last[99] := 31 74;
set Last[100] := 32 75;
set Last[101] := 33 76;
set Last[102] := 34 77;
set Last[103] := 37 80;
set Last[104] := 38 81;
set Last[105] := 39 82;
set Last[106] := 40 83;
set Last[107] := 41 84;
set Last[108] := 43 86;
set Last[109] := 1 44;
set Last[110] := 3 46;
set Last[111] := 6 49;
set Last[112] := 7 50;
set Last[113] := 9 52;
set Last[114] := 17 60;
set Last[115] := 29 72;
set Last[116] := 30 73;
set Last[117] := 31 74;
set Last[118] := 32 75;
set Last[119] := 37 80;
set Last[120] := 38 81;
set Last[121] := 39 82;
set Last[122] := 1 44;
set Last[123] := 3 46;
set Last[124] := 6 49;
set Last[125] := 7 50;
set Last[126] := 8 51;
set Last[127] := 17 60;
set Last[128] := 25 68;
set Last[129] := 26 69;
set Last[130] := 29 72;
set Last[131] := 30 73;
set Last[132] := 31 74;
set Last[133] := 32 75;
set Last[134] := 37 80;
set Last[135] := 38 81;
set Last[136] := 39 82;
set Last[137] := 39 82;
set Last[138] := 1 44;
set Last[139] := 7 50;
set Last[140] := 29 72;
set Last[141] := 30 73;
set Last[142] := 31 74;
set Last[143] := 32 75;
set Last[144] := 37 80;
set Last[145] := 38 81;
set Last[146] := 39 82;
set Last[147] := 1 44;
set Last[148] := 3 46;
set Last[149] := 6 49;
set Last[150] := 7 50;
set Last[151] := 8 51;
set Last[152] := 9 52;
set Last[153] := 17 60;
set Last[154] := 29 72;
set Last[155] := 30 73;
set Last[156] := 31 74;
set Last[157] := 32 75;
set Last[158] := 37 80;
set Last[159] := 38 81;
set Last[160] := 39 82;
set Last[161] := 1 44;
set Last[162] := 3 46;
set Last[163] := 6 49;
set Last[164] := 7 50;
set Last[165] := 8 51;
set Last[166] := 9 52;
set Last[167] := 17 60;
set Last[168] := 25 68;
set Last[169] := 29 72;
set Last[170] := 30 73;
set Last[171] := 31 74;
set Last[172] := 32 75;
set Last[173] := 37 80;
set Last[174] := 38 81;
set Last[175] := 39 82;
set Last[176] := 1 44;
set Last[177] := 7 50;
set Last[178] := 37 80;
set Last[179] := 39 82;
set Last[180] := 39 82;
set Last[181] := 39 82;
set Last[182] := 39 82;
set Last[183] := 39 82;
set Last[184] := 1 44;
set Last[185] := 3 46;
set Last[186] := 6 49;
set Last[187] := 7 50;
set Last[188] := 8 51;
set Last[189] := 9 52;
set Last[190] := 17 60;
set Last[191] := 25 68;
set Last[192] := 29 72;
set Last[193] := 30 73;
set Last[194] := 31 74;
set Last[195] := 32 75;
set Last[196] := 37 80;
set Last[197] := 38 81;
set Last[198] := 39 82;
set Last[199] := 1 44;
set Last[200] := 3 46;
set Last[201] := 6 49;
set Last[202] := 7 50;
set Last[203] := 8 51;
set Last[204] := 9 52;
set Last[205] := 15 58;
set Last[206] := 17 60;
set Last[207] := 25 68;
set Last[208] := 29 72;
set Last[209] := 30 73;
set Last[210] := 31 74;
set Last[211] := 32 75;
set Last[212] := 33 76;
set Last[213] := 37 80;
set Last[214] := 38 81;
set Last[215] := 39 82;
set Last[216] := 39 82;
set Last[217] := 39 82;
set Last[218] := 1 44;
set Last[219] := 2 45;
set Last[220] := 3 46;
set Last[221] := 6 49;
set Last[222] := 7 50;
set Last[223] := 8 51;
set Last[224] := 9 52;
set Last[225] := 12 55;
set Last[226] := 15 58;
set Last[227] := 16 59;
set Last[228] := 17 60;
set Last[229] := 24 67;
set Last[230] := 25 68;
set Last[231] := 26 69;
set Last[232] := 29 72;
set Last[233] := 30 73;
set Last[234] := 32 75;
set Last[235] := 33 76;
set Last[236] := 37 80;
set Last[237] := 38 81;
set Last[238] := 39 82;
set Last[239] := 40 83;
set Last[240] := 1 44;
set Last[241] := 3 46;
set Last[242] := 6 49;
set Last[243] := 7 50;
set Last[244] := 8 51;
set Last[245] := 9 52;
set Last[246] := 17 60;
set Last[247] := 29 72;
set Last[248] := 30 73;
set Last[249] := 31 74;
set Last[250] := 37 80;
set Last[251] := 38 81;
set Last[252] := 39 82;
set Last[253] := 1 44;
set Last[254] := 7 50;
set Last[255] := 32 75;
set Last[256] := 37 80;
set Last[257] := 38 81;
set Last[258] := 39 82;
set Last[259] := 1 44;
set Last[260] := 3 46;
set Last[261] := 6 49;
set Last[262] := 7 50;
set Last[263] := 8 51;
set Last[264] := 9 52;
set Last[265] := 17 60;
set Last[266] := 25 68;
set Last[267] := 29 72;
set Last[268] := 30 73;
set Last[269] := 31 74;
set Last[270] := 32 75;
set Last[271] := 37 80;
set Last[272] := 38 81;
set Last[273] := 39 82;
set Last[274] := 1 44;
set Last[275] := 3 46;
set Last[276] := 6 49;
set Last[277] := 7 50;
set Last[278] := 8 51;
set Last[279] := 9 52;
set Last[280] := 17 60;
set Last[281] := 25 68;
set Last[282] := 29 72;
set Last[283] := 30 73;
set Last[284] := 31 74;
set Last[285] := 32 75;
set Last[286] := 37 80;
set Last[287] := 38 81;
set Last[288] := 39 82;
set Last[289] := 1 44;
set Last[290] := 7 50;
set Last[291] := 37 80;
set Last[292] := 39 82;
set Last[293] := 1 44;
set Last[294] := 2 45;
set Last[295] := 3 46;
set Last[296] := 6 49;
set Last[297] := 7 50;
set Last[298] := 8 51;
set Last[299] := 9 52;
set Last[300] := 15 58;
set Last[301] := 16 59;
set Last[302] := 17 60;
set Last[303] := 25 68;
set Last[304] := 26 69;
set Last[305] := 29 72;
set Last[306] := 30 73;
set Last[307] := 31 74;
set Last[308] := 32 75;
set Last[309] := 33 76;
set Last[310] := 38 81;
set Last[311] := 39 82;
set Last[312] := 40 83;
set Last[313] := 39 82;
set Last[314] := 1 44;
set Last[315] := 2 45;
set Last[316] := 3 46;
set Last[317] := 4 47;
set Last[318] := 5 48;
set Last[319] := 6 49;
set Last[320] := 7 50;
set Last[321] := 8 51;
set Last[322] := 9 52;
set Last[323] := 11 54;
set Last[324] := 12 55;
set Last[325] := 13 56;
set Last[326] := 15 58;
set Last[327] := 16 59;
set Last[328] := 17 60;
set Last[329] := 18 61;
set Last[330] := 19 62;
set Last[331] := 22 65;
set Last[332] := 23 66;
set Last[333] := 24 67;
set Last[334] := 25 68;
set Last[335] := 26 69;
set Last[336] := 27 70;
set Last[337] := 29 72;
set Last[338] := 30 73;
set Last[339] := 31 74;
set Last[340] := 32 75;
set Last[341] := 33 76;
set Last[342] := 34 77;
set Last[343] := 37 80;
set Last[344] := 38 81;
set Last[345] := 40 83;
set Last[346] := 41 84;
set Last[347] := 43 86;
set Last[348] := 39 82;
set Last[349] := 1 44;
set Last[350] := 3 46;
set Last[351] := 6 49;
set Last[352] := 7 50;
set Last[353] := 8 51;
set Last[354] := 9 52;
set Last[355] := 17 60;
set Last[356] := 29 72;
set Last[357] := 30 73;
set Last[358] := 31 74;
set Last[359] := 32 75;
set Last[360] := 37 80;
set Last[361] := 38 81;
set Last[362] := 39 82;

param q := 5;

end;
