data;

set V := 1 2 3 4 5 6 7 8 9 10 11 12 13 14 15 16 17 18 19 20 21 22 23 24 25 26 27 28 29 30 31 32 33 36 37 38 39 40 41 42 43 44 45 46 47 49 50 51 54 55 57 59 60 61;

set A := 1 2
         1 4
         1 8
         1 32
         2 1
         2 24
         2 33
         3 4
         3 14
         3 23
         4 1
         4 3
         5 6
         5 16
         5 30
         5 36
         6 5
         6 17
         6 37
         7 8
         7 26
         7 38
         8 1
         8 7
         8 39
         9 10
         9 31
         9 40
         10 9
         10 17
         10 41
         11 12
         11 20
         11 42
         12 11
         12 13
         12 43
         13 12
         13 18
         13 44
         14 3
         14 20
         14 21
         14 45
         15 16
         15 20
         15 46
         16 5
         16 15
         16 47
         17 6
         17 10
         18 13
         18 19
         18 49
         19 18
         19 21
         19 50
         20 11
         20 14
         20 15
         20 51
         21 14
         21 19
         22 23
         22 31
         23 3
         23 22
         23 54
         24 2
         24 25
         24 55
         25 24
         25 26
         26 7
         26 25
         26 27
         26 30
         26 57
         27 28
         28 29
         28 59
         29 28
         29 30
         29 60
         30 5
         30 26
         30 29
         30 61
         31 9
         31 22
         ;

set S := 1 2 3 4 5 6 7 8 9 10 11 12 13 14 15 16 17 18 19 20 21 22 23 24 25 26 27 28 29 30 31 32 33 34 35 36 37 38 39 40 41 42 43 44 45 46 47 48 49 50 51 52 53 54 55 56 57 58 59 60 61 62 63 64 65 66 67 68 69 70 71 72 73 74 75 76 77 78 79 80 81 82 83 84 85 86 87 88 89 90 91 92 93 94 95 96 97 98 99 100 101 102 103 104 105 106 107 108 109 110 111 112 113 114 115 116 117 118 119 120 121 122 123 124 125 126 127 128 129 130 131 132 133 134 135 136 137 138 139 140 141 142 143 144 145 146 147 148 149 150 151 152 153 154 155 156 157 158 159 160 161 162 163 164 165 166 167 168 169 170 171 172 173 174 175 176 177 178 179 180 181 182 183 184 185 186 187 188 189 190 191 192 193 194 195 196 197 198 199 200 201 202 203 204 205 206 207 208 209 210 211 212 213 214 215 216 217 218 219 220 221 222 223 224 225 226 227 228 229 230 231 232 233 234 235 236 237 238 239 240 241 242 243 244 245 246 247 248 249 250 251 252 253 254 255 256 257 258 259 260 261 262 263 264 265 266 267 268 269 270 271 272 273 274 275 276 277 278 279 280 281 282 283 284 285 286 287 288 289 290 291 292 293 294 295 296 297 298 299 300 301 302 303 304 305 306 307 308 309 310 311 312 313 314 315 316 317 318 319 320 321 322 323 324 325 326 327 328 329 330 331 332 333 334 335 336 337 338 339 340 341 342 343 344 345 346 347 348 349 350 351 352 353 354 355 356 357 358 359 360 361 362 363 364 365 366 367 368 369 370 371 372;

set F[1] := 1 2
            2 33
            ;
set F[2] := 1 8
            8 7
            7 26
            26 30
            30 5
            5 36
            ;
set F[3] := 1 8
            8 7
            7 26
            26 30
            30 5
            5 6
            6 37
            ;
set F[4] := 1 8
            8 7
            7 38
            ;
set F[5] := 1 8
            8 39
            ;
set F[6] := 1 4
            4 3
            3 23
            23 22
            22 31
            31 9
            9 40
            ;
set F[7] := 1 4
            4 3
            3 23
            23 22
            22 31
            31 9
            9 10
            10 41
            ;
set F[8] := 1 4
            4 3
            3 14
            14 20
            20 11
            11 12
            12 43
            ;
set F[9] := 1 4
            4 3
            3 14
            14 20
            20 11
            11 12
            12 13
            13 44
            ;
set F[10] := 1 4
             4 3
             3 14
             14 45
             ;
set F[11] := 1 4
             4 3
             3 14
             14 20
             20 15
             15 46
             ;
set F[12] := 1 4
             4 3
             3 14
             14 20
             20 15
             15 16
             16 47
             ;
set F[13] := 1 4
             4 3
             3 14
             14 21
             21 19
             19 18
             18 49
             ;
set F[14] := 1 4
             4 3
             3 14
             14 21
             21 19
             19 50
             ;
set F[15] := 1 4
             4 3
             3 14
             14 20
             20 51
             ;
set F[16] := 1 4
             4 3
             3 23
             23 54
             ;
set F[17] := 1 2
             2 24
             24 55
             ;
set F[18] := 1 8
             8 7
             7 26
             26 57
             ;
set F[19] := 1 8
             8 7
             7 26
             26 27
             27 28
             28 59
             ;
set F[20] := 1 8
             8 7
             7 26
             26 30
             30 29
             29 60
             ;
set F[21] := 1 8
             8 7
             7 26
             26 30
             30 61
             ;
set F[22] := 2 1
             1 4
             4 3
             3 14
             14 21
             21 19
             19 18
             18 49
             ;
set F[23] := 2 1
             1 4
             4 3
             3 14
             14 21
             21 19
             19 50
             ;
set F[24] := 2 24
             24 25
             25 26
             26 30
             30 61
             ;
set F[25] := 3 14
             14 21
             21 19
             19 18
             18 49
             ;
set F[26] := 3 14
             14 21
             21 19
             19 50
             ;
set F[27] := 3 4
             4 1
             1 8
             8 7
             7 26
             26 30
             30 61
             ;
set F[28] := 4 1
             1 8
             8 7
             7 26
             26 30
             30 5
             5 6
             6 37
             ;
set F[29] := 4 3
             3 23
             23 22
             22 31
             31 9
             9 40
             ;
set F[30] := 4 3
             3 14
             14 20
             20 11
             11 12
             12 13
             13 44
             ;
set F[31] := 4 3
             3 14
             14 45
             ;
set F[32] := 4 3
             3 14
             14 21
             21 19
             19 18
             18 49
             ;
set F[33] := 4 3
             3 14
             14 21
             21 19
             19 50
             ;
set F[34] := 4 3
             3 23
             23 54
             ;
set F[35] := 4 1
             1 8
             8 7
             7 26
             26 57
             ;
set F[36] := 4 1
             1 8
             8 7
             7 26
             26 30
             30 61
             ;
set F[37] := 5 30
             30 26
             26 7
             7 8
             8 1
             1 32
             ;
set F[38] := 5 30
             30 26
             26 25
             25 24
             24 2
             2 33
             ;
set F[39] := 5 6
             6 37
             ;
set F[40] := 5 30
             30 26
             26 7
             7 38
             ;
set F[41] := 5 30
             30 26
             26 7
             7 8
             8 39
             ;
set F[42] := 5 6
             6 17
             17 10
             10 9
             9 40
             ;
set F[43] := 5 6
             6 17
             17 10
             10 41
             ;
set F[44] := 5 16
             16 15
             15 20
             20 11
             11 12
             12 43
             ;
set F[45] := 5 16
             16 15
             15 20
             20 11
             11 12
             12 13
             13 44
             ;
set F[46] := 5 16
             16 15
             15 20
             20 14
             14 45
             ;
set F[47] := 5 16
             16 47
             ;
set F[48] := 5 16
             16 15
             15 20
             20 11
             11 12
             12 13
             13 18
             18 49
             ;
set F[49] := 5 16
             16 15
             15 20
             20 14
             14 21
             21 19
             19 50
             ;
set F[50] := 5 16
             16 15
             15 20
             20 51
             ;
set F[51] := 5 16
             16 15
             15 20
             20 14
             14 3
             3 23
             23 54
             ;
set F[52] := 5 30
             30 26
             26 25
             25 24
             24 55
             ;
set F[53] := 5 30
             30 26
             26 57
             ;
set F[54] := 5 30
             30 29
             29 28
             28 59
             ;
set F[55] := 5 30
             30 61
             ;
set F[56] := 6 5
             5 30
             30 26
             26 7
             7 8
             8 1
             1 32
             ;
set F[57] := 6 5
             5 30
             30 26
             26 25
             25 24
             24 2
             2 33
             ;
set F[58] := 6 5
             5 36
             ;
set F[59] := 6 5
             5 30
             30 26
             26 7
             7 38
             ;
set F[60] := 6 5
             5 30
             30 26
             26 7
             7 8
             8 39
             ;
set F[61] := 6 17
             17 10
             10 9
             9 40
             ;
set F[62] := 6 17
             17 10
             10 41
             ;
set F[63] := 6 5
             5 16
             16 15
             15 20
             20 11
             11 12
             12 43
             ;
set F[64] := 6 5
             5 16
             16 15
             15 20
             20 11
             11 12
             12 13
             13 44
             ;
set F[65] := 6 5
             5 16
             16 15
             15 20
             20 14
             14 45
             ;
set F[66] := 6 5
             5 16
             16 47
             ;
set F[67] := 6 5
             5 16
             16 15
             15 20
             20 11
             11 12
             12 13
             13 18
             18 49
             ;
set F[68] := 6 5
             5 16
             16 15
             15 20
             20 14
             14 21
             21 19
             19 50
             ;
set F[69] := 6 5
             5 16
             16 15
             15 20
             20 51
             ;
set F[70] := 6 17
             17 10
             10 9
             9 31
             31 22
             22 23
             23 54
             ;
set F[71] := 6 5
             5 30
             30 26
             26 25
             25 24
             24 55
             ;
set F[72] := 6 5
             5 30
             30 26
             26 57
             ;
set F[73] := 6 5
             5 30
             30 29
             29 28
             28 59
             ;
set F[74] := 6 5
             5 30
             30 61
             ;
set F[75] := 8 1
             1 32
             ;
set F[76] := 8 1
             1 2
             2 33
             ;
set F[77] := 8 7
             7 26
             26 30
             30 5
             5 36
             ;
set F[78] := 8 7
             7 26
             26 30
             30 5
             5 6
             6 37
             ;
set F[79] := 8 7
             7 38
             ;
set F[80] := 8 1
             1 4
             4 3
             3 23
             23 22
             22 31
             31 9
             9 40
             ;
set F[81] := 8 7
             7 26
             26 30
             30 5
             5 6
             6 17
             17 10
             10 41
             ;
set F[82] := 8 1
             1 4
             4 3
             3 14
             14 20
             20 11
             11 12
             12 43
             ;
set F[83] := 8 1
             1 4
             4 3
             3 14
             14 20
             20 11
             11 12
             12 13
             13 44
             ;
set F[84] := 8 1
             1 4
             4 3
             3 14
             14 45
             ;
set F[85] := 8 7
             7 26
             26 30
             30 5
             5 16
             16 47
             ;
set F[86] := 8 1
             1 4
             4 3
             3 14
             14 21
             21 19
             19 18
             18 49
             ;
set F[87] := 8 1
             1 4
             4 3
             3 14
             14 21
             21 19
             19 50
             ;
set F[88] := 8 1
             1 4
             4 3
             3 14
             14 20
             20 51
             ;
set F[89] := 8 1
             1 4
             4 3
             3 23
             23 54
             ;
set F[90] := 8 1
             1 2
             2 24
             24 55
             ;
set F[91] := 8 7
             7 26
             26 57
             ;
set F[92] := 8 7
             7 26
             26 27
             27 28
             28 59
             ;
set F[93] := 8 7
             7 26
             26 30
             30 61
             ;
set F[94] := 9 10
             10 17
             17 6
             6 37
             ;
set F[95] := 9 31
             31 22
             22 23
             23 3
             3 14
             14 20
             20 11
             11 12
             12 13
             13 44
             ;
set F[96] := 9 31
             31 22
             22 23
             23 3
             3 14
             14 45
             ;
set F[97] := 9 31
             31 22
             22 23
             23 3
             3 14
             14 21
             21 19
             19 18
             18 49
             ;
set F[98] := 9 31
             31 22
             22 23
             23 3
             3 14
             14 21
             21 19
             19 50
             ;
set F[99] := 9 31
             31 22
             22 23
             23 54
             ;
set F[100] := 9 10
              10 17
              17 6
              6 5
              5 30
              30 26
              26 57
              ;
set F[101] := 9 10
              10 17
              17 6
              6 5
              5 30
              30 61
              ;
set F[102] := 10 9
              9 31
              31 22
              22 23
              23 3
              3 4
              4 1
              1 32
              ;
set F[103] := 10 17
              17 6
              6 5
              5 36
              ;
set F[104] := 10 17
              17 6
              6 37
              ;
set F[105] := 10 9
              9 40
              ;
set F[106] := 10 17
              17 6
              6 5
              5 16
              16 15
              15 20
              20 11
              11 12
              12 13
              13 44
              ;
set F[107] := 10 9
              9 31
              31 22
              22 23
              23 3
              3 14
              14 45
              ;
set F[108] := 10 17
              17 6
              6 5
              5 16
              16 47
              ;
set F[109] := 10 9
              9 31
              31 22
              22 23
              23 3
              3 14
              14 21
              21 19
              19 18
              18 49
              ;
set F[110] := 10 9
              9 31
              31 22
              22 23
              23 3
              3 14
              14 21
              21 19
              19 50
              ;
set F[111] := 10 17
              17 6
              6 5
              5 16
              16 15
              15 20
              20 51
              ;
set F[112] := 10 9
              9 31
              31 22
              22 23
              23 54
              ;
set F[113] := 10 17
              17 6
              6 5
              5 30
              30 26
              26 25
              25 24
              24 55
              ;
set F[114] := 10 17
              17 6
              6 5
              5 30
              30 26
              26 57
              ;
set F[115] := 10 17
              17 6
              6 5
              5 30
              30 29
              29 28
              28 59
              ;
set F[116] := 10 17
              17 6
              6 5
              5 30
              30 61
              ;
set F[117] := 11 20
              20 14
              14 3
              3 4
              4 1
              1 32
              ;
set F[118] := 11 20
              20 14
              14 3
              3 4
              4 1
              1 2
              2 33
              ;
set F[119] := 11 20
              20 15
              15 16
              16 5
              5 36
              ;
set F[120] := 11 20
              20 15
              15 16
              16 5
              5 6
              6 37
              ;
set F[121] := 11 20
              20 14
              14 3
              3 4
              4 1
              1 8
              8 7
              7 38
              ;
set F[122] := 11 20
              20 14
              14 3
              3 4
              4 1
              1 8
              8 39
              ;
set F[123] := 11 20
              20 14
              14 3
              3 23
              23 22
              22 31
              31 9
              9 40
              ;
set F[124] := 11 20
              20 15
              15 16
              16 5
              5 6
              6 17
              17 10
              10 41
              ;
set F[125] := 11 12
              12 43
              ;
set F[126] := 11 12
              12 13
              13 44
              ;
set F[127] := 11 20
              20 14
              14 45
              ;
set F[128] := 11 20
              20 15
              15 46
              ;
set F[129] := 11 20
              20 15
              15 16
              16 47
              ;
set F[130] := 11 12
              12 13
              13 18
              18 49
              ;
set F[131] := 11 12
              12 13
              13 18
              18 19
              19 50
              ;
set F[132] := 11 20
              20 51
              ;
set F[133] := 11 20
              20 14
              14 3
              3 23
              23 54
              ;
set F[134] := 11 20
              20 14
              14 3
              3 4
              4 1
              1 2
              2 24
              24 55
              ;
set F[135] := 11 20
              20 15
              15 16
              16 5
              5 30
              30 26
              26 57
              ;
set F[136] := 11 20
              20 15
              15 16
              16 5
              5 30
              30 29
              29 28
              28 59
              ;
set F[137] := 11 20
              20 15
              15 16
              16 5
              5 30
              30 29
              29 60
              ;
set F[138] := 11 20
              20 15
              15 16
              16 5
              5 30
              30 61
              ;
set F[139] := 12 11
              11 20
              20 14
              14 3
              3 4
              4 1
              1 32
              ;
set F[140] := 12 11
              11 20
              20 15
              15 16
              16 5
              5 6
              6 37
              ;
set F[141] := 12 11
              11 20
              20 14
              14 3
              3 23
              23 22
              22 31
              31 9
              9 40
              ;
set F[142] := 12 13
              13 44
              ;
set F[143] := 12 11
              11 20
              20 14
              14 45
              ;
set F[144] := 12 11
              11 20
              20 15
              15 16
              16 47
              ;
set F[145] := 12 13
              13 18
              18 49
              ;
set F[146] := 12 13
              13 18
              18 19
              19 50
              ;
set F[147] := 12 11
              11 20
              20 14
              14 3
              3 23
              23 54
              ;
set F[148] := 12 11
              11 20
              20 15
              15 16
              16 5
              5 30
              30 26
              26 57
              ;
set F[149] := 12 11
              11 20
              20 15
              15 16
              16 5
              5 30
              30 61
              ;
set F[150] := 13 12
              12 11
              11 20
              20 15
              15 16
              16 5
              5 6
              6 37
              ;
set F[151] := 13 12
              12 11
              11 20
              20 14
              14 3
              3 23
              23 22
              22 31
              31 9
              9 40
              ;
set F[152] := 13 12
              12 11
              11 20
              20 14
              14 45
              ;
set F[153] := 13 12
              12 11
              11 20
              20 15
              15 16
              16 47
              ;
set F[154] := 13 18
              18 49
              ;
set F[155] := 13 18
              18 19
              19 50
              ;
set F[156] := 13 12
              12 11
              11 20
              20 14
              14 3
              3 23
              23 54
              ;
set F[157] := 13 12
              12 11
              11 20
              20 15
              15 16
              16 5
              5 30
              30 26
              26 57
              ;
set F[158] := 13 12
              12 11
              11 20
              20 15
              15 16
              16 5
              5 30
              30 61
              ;
set F[159] := 14 3
              3 4
              4 1
              1 32
              ;
set F[160] := 14 3
              3 4
              4 1
              1 2
              2 33
              ;
set F[161] := 14 20
              20 15
              15 16
              16 5
              5 36
              ;
set F[162] := 14 20
              20 15
              15 16
              16 5
              5 6
              6 37
              ;
set F[163] := 14 3
              3 4
              4 1
              1 8
              8 7
              7 38
              ;
set F[164] := 14 3
              3 4
              4 1
              1 8
              8 39
              ;
set F[165] := 14 3
              3 23
              23 22
              22 31
              31 9
              9 40
              ;
set F[166] := 14 3
              3 23
              23 22
              22 31
              31 9
              9 10
              10 41
              ;
set F[167] := 14 20
              20 11
              11 42
              ;
set F[168] := 14 20
              20 11
              11 12
              12 43
              ;
set F[169] := 14 20
              20 11
              11 12
              12 13
              13 44
              ;
set F[170] := 14 20
              20 15
              15 46
              ;
set F[171] := 14 20
              20 15
              15 16
              16 47
              ;
set F[172] := 14 21
              21 19
              19 18
              18 49
              ;
set F[173] := 14 21
              21 19
              19 50
              ;
set F[174] := 14 20
              20 51
              ;
set F[175] := 14 3
              3 23
              23 54
              ;
set F[176] := 14 3
              3 4
              4 1
              1 2
              2 24
              24 55
              ;
set F[177] := 14 3
              3 4
              4 1
              1 8
              8 7
              7 26
              26 57
              ;
set F[178] := 14 20
              20 15
              15 16
              16 5
              5 30
              30 29
              29 28
              28 59
              ;
set F[179] := 14 20
              20 15
              15 16
              16 5
              5 30
              30 29
              29 60
              ;
set F[180] := 14 20
              20 15
              15 16
              16 5
              5 30
              30 61
              ;
set F[181] := 15 20
              20 11
              11 12
              12 13
              13 18
              18 49
              ;
set F[182] := 16 5
              5 30
              30 26
              26 7
              7 8
              8 1
              1 32
              ;
set F[183] := 16 5
              5 30
              30 26
              26 25
              25 24
              24 2
              2 33
              ;
set F[184] := 16 5
              5 36
              ;
set F[185] := 16 5
              5 6
              6 37
              ;
set F[186] := 16 5
              5 30
              30 26
              26 7
              7 38
              ;
set F[187] := 16 5
              5 30
              30 26
              26 7
              7 8
              8 39
              ;
set F[188] := 16 5
              5 6
              6 17
              17 10
              10 9
              9 40
              ;
set F[189] := 16 5
              5 6
              6 17
              17 10
              10 41
              ;
set F[190] := 16 15
              15 20
              20 11
              11 12
              12 43
              ;
set F[191] := 16 15
              15 20
              20 11
              11 12
              12 13
              13 44
              ;
set F[192] := 16 15
              15 20
              20 14
              14 45
              ;
set F[193] := 16 15
              15 20
              20 11
              11 12
              12 13
              13 18
              18 49
              ;
set F[194] := 16 15
              15 20
              20 14
              14 21
              21 19
              19 50
              ;
set F[195] := 16 15
              15 20
              20 51
              ;
set F[196] := 16 15
              15 20
              20 14
              14 3
              3 23
              23 54
              ;
set F[197] := 16 5
              5 30
              30 26
              26 25
              25 24
              24 55
              ;
set F[198] := 16 5
              5 30
              30 26
              26 57
              ;
set F[199] := 16 5
              5 30
              30 29
              29 28
              28 59
              ;
set F[200] := 16 5
              5 30
              30 61
              ;
set F[201] := 17 6
              6 5
              5 30
              30 26
              26 7
              7 8
              8 1
              1 32
              ;
set F[202] := 17 6
              6 5
              5 30
              30 26
              26 25
              25 24
              24 2
              2 33
              ;
set F[203] := 17 6
              6 5
              5 36
              ;
set F[204] := 17 6
              6 37
              ;
set F[205] := 17 6
              6 5
              5 30
              30 26
              26 7
              7 38
              ;
set F[206] := 17 6
              6 5
              5 30
              30 26
              26 7
              7 8
              8 39
              ;
set F[207] := 17 10
              10 9
              9 40
              ;
set F[208] := 17 10
              10 41
              ;
set F[209] := 17 6
              6 5
              5 16
              16 15
              15 20
              20 11
              11 12
              12 43
              ;
set F[210] := 17 6
              6 5
              5 16
              16 15
              15 20
              20 11
              11 12
              12 13
              13 44
              ;
set F[211] := 17 6
              6 5
              5 16
              16 15
              15 20
              20 14
              14 45
              ;
set F[212] := 17 6
              6 5
              5 16
              16 47
              ;
set F[213] := 17 6
              6 5
              5 16
              16 15
              15 20
              20 11
              11 12
              12 13
              13 18
              18 49
              ;
set F[214] := 17 6
              6 5
              5 16
              16 15
              15 20
              20 14
              14 21
              21 19
              19 50
              ;
set F[215] := 17 6
              6 5
              5 16
              16 15
              15 20
              20 51
              ;
set F[216] := 17 10
              10 9
              9 31
              31 22
              22 23
              23 54
              ;
set F[217] := 17 6
              6 5
              5 30
              30 26
              26 25
              25 24
              24 55
              ;
set F[218] := 17 6
              6 5
              5 30
              30 26
              26 57
              ;
set F[219] := 17 6
              6 5
              5 30
              30 29
              29 28
              28 59
              ;
set F[220] := 17 6
              6 5
              5 30
              30 61
              ;
set F[221] := 18 13
              13 12
              12 11
              11 20
              20 15
              15 16
              16 5
              5 6
              6 37
              ;
set F[222] := 18 19
              19 21
              21 14
              14 3
              3 23
              23 22
              22 31
              31 9
              9 40
              ;
set F[223] := 18 13
              13 44
              ;
set F[224] := 18 19
              19 21
              21 14
              14 45
              ;
set F[225] := 18 19
              19 50
              ;
set F[226] := 18 19
              19 21
              21 14
              14 3
              3 23
              23 54
              ;
set F[227] := 18 13
              13 12
              12 11
              11 20
              20 15
              15 16
              16 5
              5 30
              30 26
              26 57
              ;
set F[228] := 18 13
              13 12
              12 11
              11 20
              20 15
              15 16
              16 5
              5 30
              30 61
              ;
set F[229] := 19 21
              21 14
              14 3
              3 4
              4 1
              1 32
              ;
set F[230] := 19 21
              21 14
              14 20
              20 15
              15 16
              16 5
              5 36
              ;
set F[231] := 19 21
              21 14
              14 20
              20 15
              15 16
              16 5
              5 6
              6 37
              ;
set F[232] := 19 21
              21 14
              14 3
              3 23
              23 22
              22 31
              31 9
              9 40
              ;
set F[233] := 19 18
              18 13
              13 44
              ;
set F[234] := 19 21
              21 14
              14 45
              ;
set F[235] := 19 21
              21 14
              14 20
              20 15
              15 16
              16 47
              ;
set F[236] := 19 18
              18 49
              ;
set F[237] := 19 21
              21 14
              14 20
              20 51
              ;
set F[238] := 19 21
              21 14
              14 3
              3 23
              23 54
              ;
set F[239] := 19 21
              21 14
              14 3
              3 4
              4 1
              1 2
              2 24
              24 55
              ;
set F[240] := 19 21
              21 14
              14 3
              3 4
              4 1
              1 8
              8 7
              7 26
              26 57
              ;
set F[241] := 19 21
              21 14
              14 20
              20 15
              15 16
              16 5
              5 30
              30 29
              29 28
              28 59
              ;
set F[242] := 19 21
              21 14
              14 20
              20 15
              15 16
              16 5
              5 30
              30 61
              ;
set F[243] := 20 14
              14 3
              3 4
              4 1
              1 32
              ;
set F[244] := 20 14
              14 3
              3 4
              4 1
              1 2
              2 33
              ;
set F[245] := 20 15
              15 16
              16 5
              5 36
              ;
set F[246] := 20 15
              15 16
              16 5
              5 6
              6 37
              ;
set F[247] := 20 14
              14 3
              3 4
              4 1
              1 8
              8 7
              7 38
              ;
set F[248] := 20 14
              14 3
              3 4
              4 1
              1 8
              8 39
              ;
set F[249] := 20 14
              14 3
              3 23
              23 22
              22 31
              31 9
              9 40
              ;
set F[250] := 20 15
              15 16
              16 5
              5 6
              6 17
              17 10
              10 41
              ;
set F[251] := 20 11
              11 42
              ;
set F[252] := 20 11
              11 12
              12 43
              ;
set F[253] := 20 11
              11 12
              12 13
              13 44
              ;
set F[254] := 20 14
              14 45
              ;
set F[255] := 20 15
              15 46
              ;
set F[256] := 20 15
              15 16
              16 47
              ;
set F[257] := 20 11
              11 12
              12 13
              13 18
              18 49
              ;
set F[258] := 20 14
              14 21
              21 19
              19 50
              ;
set F[259] := 20 14
              14 3
              3 23
              23 54
              ;
set F[260] := 20 14
              14 3
              3 4
              4 1
              1 2
              2 24
              24 55
              ;
set F[261] := 20 15
              15 16
              16 5
              5 30
              30 26
              26 57
              ;
set F[262] := 20 15
              15 16
              16 5
              5 30
              30 29
              29 28
              28 59
              ;
set F[263] := 20 15
              15 16
              16 5
              5 30
              30 29
              29 60
              ;
set F[264] := 20 15
              15 16
              16 5
              5 30
              30 61
              ;
set F[265] := 21 14
              14 3
              3 4
              4 1
              1 32
              ;
set F[266] := 21 14
              14 3
              3 4
              4 1
              1 2
              2 33
              ;
set F[267] := 21 14
              14 20
              20 15
              15 16
              16 5
              5 36
              ;
set F[268] := 21 14
              14 20
              20 15
              15 16
              16 5
              5 6
              6 37
              ;
set F[269] := 21 14
              14 3
              3 4
              4 1
              1 8
              8 7
              7 38
              ;
set F[270] := 21 14
              14 3
              3 23
              23 22
              22 31
              31 9
              9 40
              ;
set F[271] := 21 14
              14 3
              3 23
              23 22
              22 31
              31 9
              9 10
              10 41
              ;
set F[272] := 21 14
              14 20
              20 11
              11 12
              12 43
              ;
set F[273] := 21 19
              19 18
              18 13
              13 44
              ;
set F[274] := 21 14
              14 45
              ;
set F[275] := 21 14
              14 20
              20 15
              15 16
              16 47
              ;
set F[276] := 21 19
              19 18
              18 49
              ;
set F[277] := 21 19
              19 50
              ;
set F[278] := 21 14
              14 20
              20 51
              ;
set F[279] := 21 14
              14 3
              3 23
              23 54
              ;
set F[280] := 21 14
              14 3
              3 4
              4 1
              1 2
              2 24
              24 55
              ;
set F[281] := 21 14
              14 3
              3 4
              4 1
              1 8
              8 7
              7 26
              26 57
              ;
set F[282] := 21 14
              14 20
              20 15
              15 16
              16 5
              5 30
              30 29
              29 28
              28 59
              ;
set F[283] := 21 14
              14 20
              20 15
              15 16
              16 5
              5 30
              30 61
              ;
set F[284] := 22 23
              23 3
              3 4
              4 1
              1 32
              ;
set F[285] := 22 31
              31 9
              9 10
              10 17
              17 6
              6 5
              5 36
              ;
set F[286] := 22 31
              31 9
              9 10
              10 17
              17 6
              6 37
              ;
set F[287] := 22 31
              31 9
              9 40
              ;
set F[288] := 22 23
              23 3
              3 14
              14 20
              20 11
              11 12
              12 13
              13 44
              ;
set F[289] := 22 23
              23 3
              3 14
              14 45
              ;
set F[290] := 22 23
              23 3
              3 14
              14 20
              20 15
              15 16
              16 47
              ;
set F[291] := 22 23
              23 3
              3 14
              14 21
              21 19
              19 18
              18 49
              ;
set F[292] := 22 23
              23 3
              3 14
              14 21
              21 19
              19 50
              ;
set F[293] := 22 23
              23 54
              ;
set F[294] := 22 23
              23 3
              3 4
              4 1
              1 2
              2 24
              24 55
              ;
set F[295] := 22 23
              23 3
              3 4
              4 1
              1 8
              8 7
              7 26
              26 57
              ;
set F[296] := 22 23
              23 3
              3 4
              4 1
              1 8
              8 7
              7 26
              26 27
              27 28
              28 59
              ;
set F[297] := 22 31
              31 9
              9 10
              10 17
              17 6
              6 5
              5 30
              30 61
              ;
set F[298] := 24 2
              2 1
              1 32
              ;
set F[299] := 24 2
              2 33
              ;
set F[300] := 24 25
              25 26
              26 30
              30 5
              5 36
              ;
set F[301] := 24 25
              25 26
              26 30
              30 5
              5 6
              6 37
              ;
set F[302] := 24 25
              25 26
              26 7
              7 38
              ;
set F[303] := 24 2
              2 1
              1 4
              4 3
              3 23
              23 22
              22 31
              31 9
              9 40
              ;
set F[304] := 24 25
              25 26
              26 30
              30 5
              5 6
              6 17
              17 10
              10 41
              ;
set F[305] := 24 2
              2 1
              1 4
              4 3
              3 14
              14 20
              20 11
              11 12
              12 43
              ;
set F[306] := 24 2
              2 1
              1 4
              4 3
              3 14
              14 20
              20 11
              11 12
              12 13
              13 44
              ;
set F[307] := 24 2
              2 1
              1 4
              4 3
              3 14
              14 45
              ;
set F[308] := 24 25
              25 26
              26 30
              30 5
              5 16
              16 47
              ;
set F[309] := 24 2
              2 1
              1 4
              4 3
              3 14
              14 21
              21 19
              19 18
              18 49
              ;
set F[310] := 24 2
              2 1
              1 4
              4 3
              3 14
              14 21
              21 19
              19 50
              ;
set F[311] := 24 2
              2 1
              1 4
              4 3
              3 14
              14 20
              20 51
              ;
set F[312] := 24 2
              2 1
              1 4
              4 3
              3 23
              23 54
              ;
set F[313] := 24 25
              25 26
              26 57
              ;
set F[314] := 24 25
              25 26
              26 27
              27 28
              28 59
              ;
set F[315] := 24 25
              25 26
              26 30
              30 61
              ;
set F[316] := 25 24
              24 2
              2 1
              1 32
              ;
set F[317] := 25 24
              24 2
              2 33
              ;
set F[318] := 25 26
              26 30
              30 5
              5 36
              ;
set F[319] := 25 26
              26 30
              30 5
              5 6
              6 37
              ;
set F[320] := 25 26
              26 7
              7 38
              ;
set F[321] := 25 26
              26 7
              7 8
              8 39
              ;
set F[322] := 25 26
              26 30
              30 5
              5 6
              6 17
              17 10
              10 9
              9 40
              ;
set F[323] := 25 26
              26 30
              30 5
              5 6
              6 17
              17 10
              10 41
              ;
set F[324] := 25 26
              26 30
              30 5
              5 16
              16 15
              15 20
              20 11
              11 12
              12 43
              ;
set F[325] := 25 26
              26 30
              30 5
              5 16
              16 15
              15 20
              20 11
              11 12
              12 13
              13 44
              ;
set F[326] := 25 24
              24 2
              2 1
              1 4
              4 3
              3 14
              14 45
              ;
set F[327] := 25 26
              26 30
              30 5
              5 16
              16 47
              ;
set F[328] := 25 24
              24 2
              2 1
              1 4
              4 3
              3 14
              14 21
              21 19
              19 18
              18 49
              ;
set F[329] := 25 24
              24 2
              2 1
              1 4
              4 3
              3 14
              14 21
              21 19
              19 50
              ;
set F[330] := 25 26
              26 30
              30 5
              5 16
              16 15
              15 20
              20 51
              ;
set F[331] := 25 24
              24 2
              2 1
              1 4
              4 3
              3 23
              23 54
              ;
set F[332] := 25 24
              24 55
              ;
set F[333] := 25 26
              26 57
              ;
set F[334] := 25 26
              26 27
              27 28
              28 59
              ;
set F[335] := 25 26
              26 30
              30 61
              ;
set F[336] := 26 7
              7 8
              8 1
              1 32
              ;
set F[337] := 26 30
              30 5
              5 36
              ;
set F[338] := 26 30
              30 5
              5 6
              6 37
              ;
set F[339] := 26 7
              7 38
              ;
set F[340] := 26 30
              30 5
              5 6
              6 17
              17 10
              10 9
              9 40
              ;
set F[341] := 26 30
              30 5
              5 6
              6 17
              17 10
              10 41
              ;
set F[342] := 26 30
              30 5
              5 16
              16 15
              15 20
              20 11
              11 12
              12 43
              ;
set F[343] := 26 30
              30 5
              5 16
              16 15
              15 20
              20 11
              11 12
              12 13
              13 44
              ;
set F[344] := 26 7
              7 8
              8 1
              1 4
              4 3
              3 14
              14 45
              ;
set F[345] := 26 30
              30 5
              5 16
              16 47
              ;
set F[346] := 26 7
              7 8
              8 1
              1 4
              4 3
              3 14
              14 21
              21 19
              19 18
              18 49
              ;
set F[347] := 26 7
              7 8
              8 1
              1 4
              4 3
              3 14
              14 21
              21 19
              19 50
              ;
set F[348] := 26 30
              30 5
              5 16
              16 15
              15 20
              20 51
              ;
set F[349] := 26 7
              7 8
              8 1
              1 4
              4 3
              3 23
              23 54
              ;
set F[350] := 26 25
              25 24
              24 55
              ;
set F[351] := 26 27
              27 28
              28 59
              ;
set F[352] := 26 30
              30 61
              ;
set F[353] := 28 29
              29 30
              30 5
              5 16
              16 15
              15 20
              20 11
              11 12
              12 13
              13 18
              18 49
              ;
set F[354] := 29 30
              30 26
              26 7
              7 8
              8 1
              1 32
              ;
set F[355] := 29 30
              30 5
              5 36
              ;
set F[356] := 29 30
              30 5
              5 6
              6 37
              ;
set F[357] := 29 30
              30 26
              26 7
              7 38
              ;
set F[358] := 29 30
              30 5
              5 6
              6 17
              17 10
              10 9
              9 40
              ;
set F[359] := 29 30
              30 5
              5 6
              6 17
              17 10
              10 41
              ;
set F[360] := 29 30
              30 5
              5 16
              16 15
              15 20
              20 11
              11 12
              12 43
              ;
set F[361] := 29 30
              30 5
              5 16
              16 15
              15 20
              20 11
              11 12
              12 13
              13 44
              ;
set F[362] := 29 30
              30 5
              5 16
              16 15
              15 20
              20 14
              14 45
              ;
set F[363] := 29 30
              30 5
              5 16
              16 47
              ;
set F[364] := 29 30
              30 5
              5 16
              16 15
              15 20
              20 11
              11 12
              12 13
              13 18
              18 49
              ;
set F[365] := 29 30
              30 5
              5 16
              16 15
              15 20
              20 14
              14 21
              21 19
              19 50
              ;
set F[366] := 29 30
              30 5
              5 16
              16 15
              15 20
              20 51
              ;
set F[367] := 29 30
              30 5
              5 16
              16 15
              15 20
              20 14
              14 3
              3 23
              23 54
              ;
set F[368] := 29 30
              30 26
              26 25
              25 24
              24 55
              ;
set F[369] := 29 30
              30 26
              26 57
              ;
set F[370] := 29 28
              28 59
              ;
set F[371] := 29 30
              30 61
              ;
set F[372] := 30 5
              5 16
              16 15
              15 20
              20 11
              11 12
              12 13
              13 18
              18 49
              ;
set Last[1] := 2 33;
set Last[2] := 5 36;
set Last[3] := 6 37;
set Last[4] := 7 38;
set Last[5] := 8 39;
set Last[6] := 9 40;
set Last[7] := 10 41;
set Last[8] := 12 43;
set Last[9] := 13 44;
set Last[10] := 14 45;
set Last[11] := 15 46;
set Last[12] := 16 47;
set Last[13] := 18 49;
set Last[14] := 19 50;
set Last[15] := 20 51;
set Last[16] := 23 54;
set Last[17] := 24 55;
set Last[18] := 26 57;
set Last[19] := 28 59;
set Last[20] := 29 60;
set Last[21] := 30 61;
set Last[22] := 18 49;
set Last[23] := 19 50;
set Last[24] := 30 61;
set Last[25] := 18 49;
set Last[26] := 19 50;
set Last[27] := 30 61;
set Last[28] := 6 37;
set Last[29] := 9 40;
set Last[30] := 13 44;
set Last[31] := 14 45;
set Last[32] := 18 49;
set Last[33] := 19 50;
set Last[34] := 23 54;
set Last[35] := 26 57;
set Last[36] := 30 61;
set Last[37] := 1 32;
set Last[38] := 2 33;
set Last[39] := 6 37;
set Last[40] := 7 38;
set Last[41] := 8 39;
set Last[42] := 9 40;
set Last[43] := 10 41;
set Last[44] := 12 43;
set Last[45] := 13 44;
set Last[46] := 14 45;
set Last[47] := 16 47;
set Last[48] := 18 49;
set Last[49] := 19 50;
set Last[50] := 20 51;
set Last[51] := 23 54;
set Last[52] := 24 55;
set Last[53] := 26 57;
set Last[54] := 28 59;
set Last[55] := 30 61;
set Last[56] := 1 32;
set Last[57] := 2 33;
set Last[58] := 5 36;
set Last[59] := 7 38;
set Last[60] := 8 39;
set Last[61] := 9 40;
set Last[62] := 10 41;
set Last[63] := 12 43;
set Last[64] := 13 44;
set Last[65] := 14 45;
set Last[66] := 16 47;
set Last[67] := 18 49;
set Last[68] := 19 50;
set Last[69] := 20 51;
set Last[70] := 23 54;
set Last[71] := 24 55;
set Last[72] := 26 57;
set Last[73] := 28 59;
set Last[74] := 30 61;
set Last[75] := 1 32;
set Last[76] := 2 33;
set Last[77] := 5 36;
set Last[78] := 6 37;
set Last[79] := 7 38;
set Last[80] := 9 40;
set Last[81] := 10 41;
set Last[82] := 12 43;
set Last[83] := 13 44;
set Last[84] := 14 45;
set Last[85] := 16 47;
set Last[86] := 18 49;
set Last[87] := 19 50;
set Last[88] := 20 51;
set Last[89] := 23 54;
set Last[90] := 24 55;
set Last[91] := 26 57;
set Last[92] := 28 59;
set Last[93] := 30 61;
set Last[94] := 6 37;
set Last[95] := 13 44;
set Last[96] := 14 45;
set Last[97] := 18 49;
set Last[98] := 19 50;
set Last[99] := 23 54;
set Last[100] := 26 57;
set Last[101] := 30 61;
set Last[102] := 1 32;
set Last[103] := 5 36;
set Last[104] := 6 37;
set Last[105] := 9 40;
set Last[106] := 13 44;
set Last[107] := 14 45;
set Last[108] := 16 47;
set Last[109] := 18 49;
set Last[110] := 19 50;
set Last[111] := 20 51;
set Last[112] := 23 54;
set Last[113] := 24 55;
set Last[114] := 26 57;
set Last[115] := 28 59;
set Last[116] := 30 61;
set Last[117] := 1 32;
set Last[118] := 2 33;
set Last[119] := 5 36;
set Last[120] := 6 37;
set Last[121] := 7 38;
set Last[122] := 8 39;
set Last[123] := 9 40;
set Last[124] := 10 41;
set Last[125] := 12 43;
set Last[126] := 13 44;
set Last[127] := 14 45;
set Last[128] := 15 46;
set Last[129] := 16 47;
set Last[130] := 18 49;
set Last[131] := 19 50;
set Last[132] := 20 51;
set Last[133] := 23 54;
set Last[134] := 24 55;
set Last[135] := 26 57;
set Last[136] := 28 59;
set Last[137] := 29 60;
set Last[138] := 30 61;
set Last[139] := 1 32;
set Last[140] := 6 37;
set Last[141] := 9 40;
set Last[142] := 13 44;
set Last[143] := 14 45;
set Last[144] := 16 47;
set Last[145] := 18 49;
set Last[146] := 19 50;
set Last[147] := 23 54;
set Last[148] := 26 57;
set Last[149] := 30 61;
set Last[150] := 6 37;
set Last[151] := 9 40;
set Last[152] := 14 45;
set Last[153] := 16 47;
set Last[154] := 18 49;
set Last[155] := 19 50;
set Last[156] := 23 54;
set Last[157] := 26 57;
set Last[158] := 30 61;
set Last[159] := 1 32;
set Last[160] := 2 33;
set Last[161] := 5 36;
set Last[162] := 6 37;
set Last[163] := 7 38;
set Last[164] := 8 39;
set Last[165] := 9 40;
set Last[166] := 10 41;
set Last[167] := 11 42;
set Last[168] := 12 43;
set Last[169] := 13 44;
set Last[170] := 15 46;
set Last[171] := 16 47;
set Last[172] := 18 49;
set Last[173] := 19 50;
set Last[174] := 20 51;
set Last[175] := 23 54;
set Last[176] := 24 55;
set Last[177] := 26 57;
set Last[178] := 28 59;
set Last[179] := 29 60;
set Last[180] := 30 61;
set Last[181] := 18 49;
set Last[182] := 1 32;
set Last[183] := 2 33;
set Last[184] := 5 36;
set Last[185] := 6 37;
set Last[186] := 7 38;
set Last[187] := 8 39;
set Last[188] := 9 40;
set Last[189] := 10 41;
set Last[190] := 12 43;
set Last[191] := 13 44;
set Last[192] := 14 45;
set Last[193] := 18 49;
set Last[194] := 19 50;
set Last[195] := 20 51;
set Last[196] := 23 54;
set Last[197] := 24 55;
set Last[198] := 26 57;
set Last[199] := 28 59;
set Last[200] := 30 61;
set Last[201] := 1 32;
set Last[202] := 2 33;
set Last[203] := 5 36;
set Last[204] := 6 37;
set Last[205] := 7 38;
set Last[206] := 8 39;
set Last[207] := 9 40;
set Last[208] := 10 41;
set Last[209] := 12 43;
set Last[210] := 13 44;
set Last[211] := 14 45;
set Last[212] := 16 47;
set Last[213] := 18 49;
set Last[214] := 19 50;
set Last[215] := 20 51;
set Last[216] := 23 54;
set Last[217] := 24 55;
set Last[218] := 26 57;
set Last[219] := 28 59;
set Last[220] := 30 61;
set Last[221] := 6 37;
set Last[222] := 9 40;
set Last[223] := 13 44;
set Last[224] := 14 45;
set Last[225] := 19 50;
set Last[226] := 23 54;
set Last[227] := 26 57;
set Last[228] := 30 61;
set Last[229] := 1 32;
set Last[230] := 5 36;
set Last[231] := 6 37;
set Last[232] := 9 40;
set Last[233] := 13 44;
set Last[234] := 14 45;
set Last[235] := 16 47;
set Last[236] := 18 49;
set Last[237] := 20 51;
set Last[238] := 23 54;
set Last[239] := 24 55;
set Last[240] := 26 57;
set Last[241] := 28 59;
set Last[242] := 30 61;
set Last[243] := 1 32;
set Last[244] := 2 33;
set Last[245] := 5 36;
set Last[246] := 6 37;
set Last[247] := 7 38;
set Last[248] := 8 39;
set Last[249] := 9 40;
set Last[250] := 10 41;
set Last[251] := 11 42;
set Last[252] := 12 43;
set Last[253] := 13 44;
set Last[254] := 14 45;
set Last[255] := 15 46;
set Last[256] := 16 47;
set Last[257] := 18 49;
set Last[258] := 19 50;
set Last[259] := 23 54;
set Last[260] := 24 55;
set Last[261] := 26 57;
set Last[262] := 28 59;
set Last[263] := 29 60;
set Last[264] := 30 61;
set Last[265] := 1 32;
set Last[266] := 2 33;
set Last[267] := 5 36;
set Last[268] := 6 37;
set Last[269] := 7 38;
set Last[270] := 9 40;
set Last[271] := 10 41;
set Last[272] := 12 43;
set Last[273] := 13 44;
set Last[274] := 14 45;
set Last[275] := 16 47;
set Last[276] := 18 49;
set Last[277] := 19 50;
set Last[278] := 20 51;
set Last[279] := 23 54;
set Last[280] := 24 55;
set Last[281] := 26 57;
set Last[282] := 28 59;
set Last[283] := 30 61;
set Last[284] := 1 32;
set Last[285] := 5 36;
set Last[286] := 6 37;
set Last[287] := 9 40;
set Last[288] := 13 44;
set Last[289] := 14 45;
set Last[290] := 16 47;
set Last[291] := 18 49;
set Last[292] := 19 50;
set Last[293] := 23 54;
set Last[294] := 24 55;
set Last[295] := 26 57;
set Last[296] := 28 59;
set Last[297] := 30 61;
set Last[298] := 1 32;
set Last[299] := 2 33;
set Last[300] := 5 36;
set Last[301] := 6 37;
set Last[302] := 7 38;
set Last[303] := 9 40;
set Last[304] := 10 41;
set Last[305] := 12 43;
set Last[306] := 13 44;
set Last[307] := 14 45;
set Last[308] := 16 47;
set Last[309] := 18 49;
set Last[310] := 19 50;
set Last[311] := 20 51;
set Last[312] := 23 54;
set Last[313] := 26 57;
set Last[314] := 28 59;
set Last[315] := 30 61;
set Last[316] := 1 32;
set Last[317] := 2 33;
set Last[318] := 5 36;
set Last[319] := 6 37;
set Last[320] := 7 38;
set Last[321] := 8 39;
set Last[322] := 9 40;
set Last[323] := 10 41;
set Last[324] := 12 43;
set Last[325] := 13 44;
set Last[326] := 14 45;
set Last[327] := 16 47;
set Last[328] := 18 49;
set Last[329] := 19 50;
set Last[330] := 20 51;
set Last[331] := 23 54;
set Last[332] := 24 55;
set Last[333] := 26 57;
set Last[334] := 28 59;
set Last[335] := 30 61;
set Last[336] := 1 32;
set Last[337] := 5 36;
set Last[338] := 6 37;
set Last[339] := 7 38;
set Last[340] := 9 40;
set Last[341] := 10 41;
set Last[342] := 12 43;
set Last[343] := 13 44;
set Last[344] := 14 45;
set Last[345] := 16 47;
set Last[346] := 18 49;
set Last[347] := 19 50;
set Last[348] := 20 51;
set Last[349] := 23 54;
set Last[350] := 24 55;
set Last[351] := 28 59;
set Last[352] := 30 61;
set Last[353] := 18 49;
set Last[354] := 1 32;
set Last[355] := 5 36;
set Last[356] := 6 37;
set Last[357] := 7 38;
set Last[358] := 9 40;
set Last[359] := 10 41;
set Last[360] := 12 43;
set Last[361] := 13 44;
set Last[362] := 14 45;
set Last[363] := 16 47;
set Last[364] := 18 49;
set Last[365] := 19 50;
set Last[366] := 20 51;
set Last[367] := 23 54;
set Last[368] := 24 55;
set Last[369] := 26 57;
set Last[370] := 28 59;
set Last[371] := 30 61;
set Last[372] := 18 49;

param q := 5;

end;
