data;

set V := 1 2 3 4 5 6 7 8 9 10 11 14 16 17 18 19 20 21 22 23 24 25 28 29 30 31 32 33 34 36 37 38 39 40 41 42 43 44 45 51 52 53 55 57 59 62 63 64 65 67 68;

set A := 1 2
         1 3
         1 5
         1 14
         2 1
         2 29
         2 36
         3 1
         3 5
         3 30
         3 31
         3 33
         3 37
         4 5
         4 6
         4 25
         4 38
         5 1
         5 3
         5 4
         5 6
         5 7
         5 9
         5 24
         5 39
         6 4
         6 5
         6 18
         6 40
         7 8
         7 41
         8 9
         8 29
         8 42
         9 5
         9 8
         9 10
         9 43
         10 9
         10 11
         10 14
         10 20
         10 24
         10 44
         11 10
         11 21
         11 24
         11 45
         14 1
         14 10
         16 21
         17 18
         17 21
         17 22
         17 51
         18 6
         18 17
         18 24
         18 52
         19 53
         20 8
         20 9
         20 10
         20 19
         21 11
         21 17
         21 55
         22 23
         23 57
         24 5
         24 10
         24 11
         24 18
         24 23
         25 4
         25 34
         25 59
         28 62
         29 2
         29 8
         29 19
         29 28
         29 63
         30 3
         30 31
         30 64
         31 3
         31 30
         31 65
         32 31
         33 3
         33 34
         33 67
         34 25
         34 33
         34 68
         ;

set S := 1 2 3 4 5 6 7 8 9 10 11 12 13 14 15 16 17 18 19 20 21 22 23 24 25 26 27 28 29 30 31 32 33 34 35 36 37 38 39 40 41 42 43 44 45 46 47 48 49 50 51 52 53 54 55 56 57 58 59 60 61 62 63 64 65 66 67 68 69 70 71 72 73 74 75 76 77 78 79 80 81 82 83 84 85 86 87 88 89 90 91 92 93 94 95 96 97 98 99 100 101 102 103 104 105 106 107 108 109 110 111 112 113 114 115 116 117 118 119 120 121 122 123 124 125 126 127 128 129 130 131 132 133 134 135 136 137 138 139 140 141 142 143 144 145 146 147 148 149 150 151 152 153 154 155 156 157 158 159 160 161 162 163 164 165 166 167 168 169 170 171 172 173 174 175 176 177 178 179 180 181 182 183 184 185 186 187 188 189 190 191 192 193 194 195 196 197 198 199 200 201 202 203 204 205 206 207 208 209 210 211 212 213 214 215 216 217 218 219 220 221 222 223 224 225;

set F[1] := 2 1
            1 5
            5 4
            4 38
            ;
set F[2] := 2 1
            1 5
            5 39
            ;
set F[3] := 2 1
            1 5
            5 6
            6 40
            ;
set F[4] := 2 29
            29 8
            8 42
            ;
set F[5] := 2 1
            1 5
            5 9
            9 43
            ;
set F[6] := 2 1
            1 14
            14 10
            10 44
            ;
set F[7] := 2 1
            1 5
            5 24
            24 11
            11 45
            ;
set F[8] := 2 1
            1 5
            5 6
            6 18
            18 17
            17 51
            ;
set F[9] := 2 1
            1 5
            5 6
            6 18
            18 52
            ;
set F[10] := 2 29
             29 63
             ;
set F[11] := 2 1
             1 3
             3 33
             33 34
             34 68
             ;
set F[12] := 3 1
             1 2
             2 36
             ;
set F[13] := 3 5
             5 4
             4 38
             ;
set F[14] := 3 5
             5 39
             ;
set F[15] := 3 5
             5 6
             6 40
             ;
set F[16] := 3 5
             5 7
             7 41
             ;
set F[17] := 3 5
             5 7
             7 8
             8 42
             ;
set F[18] := 3 5
             5 9
             9 43
             ;
set F[19] := 3 1
             1 14
             14 10
             10 44
             ;
set F[20] := 3 5
             5 24
             24 11
             11 45
             ;
set F[21] := 3 5
             5 6
             6 18
             18 17
             17 51
             ;
set F[22] := 3 5
             5 6
             6 18
             18 52
             ;
set F[23] := 3 1
             1 2
             2 29
             29 19
             19 53
             ;
set F[24] := 3 5
             5 24
             24 11
             11 21
             21 55
             ;
set F[25] := 3 5
             5 24
             24 23
             23 57
             ;
set F[26] := 3 33
             33 34
             34 25
             25 59
             ;
set F[27] := 3 1
             1 2
             2 29
             29 63
             ;
set F[28] := 3 30
             30 64
             ;
set F[29] := 3 31
             31 65
             ;
set F[30] := 3 33
             33 34
             34 68
             ;
set F[31] := 4 5
             5 9
             9 43
             ;
set F[32] := 4 5
             5 9
             9 10
             10 44
             ;
set F[33] := 6 5
             5 1
             1 2
             2 36
             ;
set F[34] := 6 4
             4 38
             ;
set F[35] := 6 5
             5 39
             ;
set F[36] := 6 5
             5 7
             7 8
             8 42
             ;
set F[37] := 6 5
             5 9
             9 43
             ;
set F[38] := 6 5
             5 9
             9 10
             10 44
             ;
set F[39] := 6 5
             5 24
             24 11
             11 45
             ;
set F[40] := 6 18
             18 17
             17 51
             ;
set F[41] := 6 18
             18 52
             ;
set F[42] := 6 4
             4 25
             25 59
             ;
set F[43] := 6 5
             5 1
             1 2
             2 29
             29 63
             ;
set F[44] := 6 5
             5 3
             3 30
             30 64
             ;
set F[45] := 6 5
             5 3
             3 31
             31 65
             ;
set F[46] := 6 4
             4 25
             25 34
             34 68
             ;
set F[47] := 9 10
             10 44
             ;
set F[48] := 10 14
             14 1
             1 2
             2 36
             ;
set F[49] := 10 9
             9 5
             5 3
             3 37
             ;
set F[50] := 10 9
             9 5
             5 4
             4 38
             ;
set F[51] := 10 9
             9 5
             5 39
             ;
set F[52] := 10 9
             9 5
             5 6
             6 40
             ;
set F[53] := 10 9
             9 5
             5 7
             7 41
             ;
set F[54] := 10 9
             9 8
             8 42
             ;
set F[55] := 10 9
             9 43
             ;
set F[56] := 10 11
             11 45
             ;
set F[57] := 10 11
             11 21
             21 17
             17 51
             ;
set F[58] := 10 24
             24 18
             18 52
             ;
set F[59] := 10 20
             20 19
             19 53
             ;
set F[60] := 10 11
             11 21
             21 55
             ;
set F[61] := 10 24
             24 23
             23 57
             ;
set F[62] := 10 9
             9 5
             5 4
             4 25
             25 59
             ;
set F[63] := 10 9
             9 8
             8 29
             29 63
             ;
set F[64] := 10 9
             9 5
             5 3
             3 30
             30 64
             ;
set F[65] := 10 9
             9 5
             5 3
             3 31
             31 65
             ;
set F[66] := 10 9
             9 5
             5 3
             3 33
             33 34
             34 68
             ;
set F[67] := 16 21
             21 11
             11 10
             10 9
             9 43
             ;
set F[68] := 16 21
             21 11
             11 10
             10 44
             ;
set F[69] := 16 21
             21 11
             11 45
             ;
set F[70] := 16 21
             21 11
             11 10
             10 9
             9 8
             8 29
             29 63
             ;
set F[71] := 17 18
             18 6
             6 5
             5 1
             1 2
             2 36
             ;
set F[72] := 17 18
             18 6
             6 5
             5 3
             3 37
             ;
set F[73] := 17 18
             18 6
             6 4
             4 38
             ;
set F[74] := 17 18
             18 6
             6 5
             5 39
             ;
set F[75] := 17 18
             18 6
             6 40
             ;
set F[76] := 17 18
             18 6
             6 5
             5 7
             7 41
             ;
set F[77] := 17 18
             18 6
             6 5
             5 7
             7 8
             8 42
             ;
set F[78] := 17 18
             18 6
             6 5
             5 9
             9 43
             ;
set F[79] := 17 18
             18 24
             24 10
             10 44
             ;
set F[80] := 17 21
             21 11
             11 45
             ;
set F[81] := 17 18
             18 52
             ;
set F[82] := 17 18
             18 24
             24 10
             10 20
             20 19
             19 53
             ;
set F[83] := 17 21
             21 55
             ;
set F[84] := 17 22
             22 23
             23 57
             ;
set F[85] := 17 18
             18 6
             6 4
             4 25
             25 59
             ;
set F[86] := 17 18
             18 6
             6 5
             5 1
             1 2
             2 29
             29 28
             28 62
             ;
set F[87] := 17 18
             18 6
             6 5
             5 1
             1 2
             2 29
             29 63
             ;
set F[88] := 17 18
             18 6
             6 5
             5 3
             3 30
             30 64
             ;
set F[89] := 17 18
             18 6
             6 5
             5 3
             3 31
             31 65
             ;
set F[90] := 17 18
             18 6
             6 5
             5 3
             3 33
             33 67
             ;
set F[91] := 17 18
             18 6
             6 4
             4 25
             25 34
             34 68
             ;
set F[92] := 18 6
             6 5
             5 1
             1 2
             2 36
             ;
set F[93] := 18 6
             6 4
             4 38
             ;
set F[94] := 18 6
             6 5
             5 39
             ;
set F[95] := 18 6
             6 40
             ;
set F[96] := 18 6
             6 5
             5 7
             7 8
             8 42
             ;
set F[97] := 18 6
             6 5
             5 9
             9 43
             ;
set F[98] := 18 24
             24 10
             10 44
             ;
set F[99] := 18 24
             24 11
             11 45
             ;
set F[100] := 18 17
              17 51
              ;
set F[101] := 18 6
              6 5
              5 1
              1 2
              2 29
              29 63
              ;
set F[102] := 18 6
              6 4
              4 25
              25 34
              34 68
              ;
set F[103] := 20 8
              8 29
              29 2
              2 36
              ;
set F[104] := 20 9
              9 5
              5 3
              3 37
              ;
set F[105] := 20 9
              9 5
              5 4
              4 38
              ;
set F[106] := 20 9
              9 5
              5 39
              ;
set F[107] := 20 9
              9 5
              5 6
              6 40
              ;
set F[108] := 20 8
              8 42
              ;
set F[109] := 20 9
              9 43
              ;
set F[110] := 20 10
              10 44
              ;
set F[111] := 20 10
              10 11
              11 45
              ;
set F[112] := 20 10
              10 11
              11 21
              21 17
              17 51
              ;
set F[113] := 20 10
              10 24
              24 18
              18 52
              ;
set F[114] := 20 19
              19 53
              ;
set F[115] := 20 9
              9 5
              5 4
              4 25
              25 59
              ;
set F[116] := 20 8
              8 29
              29 63
              ;
set F[117] := 20 9
              9 5
              5 3
              3 30
              30 64
              ;
set F[118] := 20 9
              9 5
              5 3
              3 31
              31 65
              ;
set F[119] := 20 9
              9 5
              5 3
              3 33
              33 34
              34 68
              ;
set F[120] := 21 11
              11 10
              10 14
              14 1
              1 2
              2 36
              ;
set F[121] := 21 11
              11 24
              24 5
              5 3
              3 37
              ;
set F[122] := 21 11
              11 24
              24 5
              5 4
              4 38
              ;
set F[123] := 21 11
              11 24
              24 5
              5 39
              ;
set F[124] := 21 17
              17 18
              18 6
              6 40
              ;
set F[125] := 21 11
              11 10
              10 9
              9 8
              8 42
              ;
set F[126] := 21 11
              11 10
              10 9
              9 43
              ;
set F[127] := 21 11
              11 10
              10 44
              ;
set F[128] := 21 11
              11 45
              ;
set F[129] := 21 17
              17 51
              ;
set F[130] := 21 17
              17 18
              18 52
              ;
set F[131] := 21 11
              11 24
              24 5
              5 4
              4 25
              25 59
              ;
set F[132] := 21 11
              11 10
              10 9
              9 8
              8 29
              29 63
              ;
set F[133] := 21 11
              11 24
              24 5
              5 3
              3 30
              30 64
              ;
set F[134] := 21 11
              11 24
              24 5
              5 3
              3 31
              31 65
              ;
set F[135] := 21 11
              11 24
              24 5
              5 3
              3 33
              33 34
              34 68
              ;
set F[136] := 24 5
              5 1
              1 2
              2 36
              ;
set F[137] := 24 5
              5 3
              3 37
              ;
set F[138] := 24 5
              5 4
              4 38
              ;
set F[139] := 24 5
              5 39
              ;
set F[140] := 24 5
              5 6
              6 40
              ;
set F[141] := 24 5
              5 7
              7 41
              ;
set F[142] := 24 5
              5 7
              7 8
              8 42
              ;
set F[143] := 24 5
              5 9
              9 43
              ;
set F[144] := 24 10
              10 44
              ;
set F[145] := 24 11
              11 45
              ;
set F[146] := 24 18
              18 17
              17 51
              ;
set F[147] := 24 18
              18 52
              ;
set F[148] := 24 10
              10 20
              20 19
              19 53
              ;
set F[149] := 24 11
              11 21
              21 55
              ;
set F[150] := 24 23
              23 57
              ;
set F[151] := 24 5
              5 4
              4 25
              25 59
              ;
set F[152] := 24 5
              5 1
              1 2
              2 29
              29 63
              ;
set F[153] := 24 5
              5 3
              3 30
              30 64
              ;
set F[154] := 24 5
              5 3
              3 31
              31 65
              ;
set F[155] := 24 5
              5 3
              3 33
              33 34
              34 68
              ;
set F[156] := 25 4
              4 38
              ;
set F[157] := 25 4
              4 5
              5 39
              ;
set F[158] := 25 4
              4 6
              6 40
              ;
set F[159] := 25 4
              4 5
              5 7
              7 8
              8 42
              ;
set F[160] := 25 4
              4 5
              5 9
              9 43
              ;
set F[161] := 25 4
              4 5
              5 9
              9 10
              10 44
              ;
set F[162] := 25 4
              4 5
              5 24
              24 11
              11 45
              ;
set F[163] := 25 4
              4 6
              6 18
              18 17
              17 51
              ;
set F[164] := 25 4
              4 6
              6 18
              18 52
              ;
set F[165] := 25 4
              4 5
              5 1
              1 2
              2 29
              29 63
              ;
set F[166] := 25 34
              34 68
              ;
set F[167] := 29 8
              8 9
              9 43
              ;
set F[168] := 29 8
              8 9
              9 10
              10 44
              ;
set F[169] := 30 3
              3 1
              1 2
              2 36
              ;
set F[170] := 30 3
              3 5
              5 4
              4 38
              ;
set F[171] := 30 3
              3 5
              5 39
              ;
set F[172] := 30 3
              3 5
              5 6
              6 40
              ;
set F[173] := 30 3
              3 5
              5 7
              7 8
              8 42
              ;
set F[174] := 30 3
              3 5
              5 9
              9 43
              ;
set F[175] := 30 3
              3 1
              1 14
              14 10
              10 44
              ;
set F[176] := 30 3
              3 5
              5 24
              24 11
              11 45
              ;
set F[177] := 30 3
              3 5
              5 6
              6 18
              18 17
              17 51
              ;
set F[178] := 30 3
              3 5
              5 6
              6 18
              18 52
              ;
set F[179] := 30 3
              3 33
              33 34
              34 25
              25 59
              ;
set F[180] := 30 3
              3 1
              1 2
              2 29
              29 63
              ;
set F[181] := 30 31
              31 65
              ;
set F[182] := 30 3
              3 33
              33 34
              34 68
              ;
set F[183] := 31 3
              3 1
              1 2
              2 36
              ;
set F[184] := 31 3
              3 37
              ;
set F[185] := 31 3
              3 5
              5 4
              4 38
              ;
set F[186] := 31 3
              3 5
              5 39
              ;
set F[187] := 31 3
              3 5
              5 6
              6 40
              ;
set F[188] := 31 3
              3 5
              5 7
              7 8
              8 42
              ;
set F[189] := 31 3
              3 5
              5 9
              9 43
              ;
set F[190] := 31 3
              3 1
              1 14
              14 10
              10 44
              ;
set F[191] := 31 3
              3 5
              5 24
              24 11
              11 45
              ;
set F[192] := 31 3
              3 5
              5 6
              6 18
              18 17
              17 51
              ;
set F[193] := 31 3
              3 5
              5 6
              6 18
              18 52
              ;
set F[194] := 31 3
              3 33
              33 34
              34 25
              25 59
              ;
set F[195] := 31 3
              3 1
              1 2
              2 29
              29 63
              ;
set F[196] := 31 30
              30 64
              ;
set F[197] := 31 3
              3 33
              33 34
              34 68
              ;
set F[198] := 32 31
              31 3
              3 5
              5 9
              9 43
              ;
set F[199] := 32 31
              31 3
              3 1
              1 14
              14 10
              10 44
              ;
set F[200] := 32 31
              31 3
              3 5
              5 24
              24 11
              11 45
              ;
set F[201] := 33 3
              3 1
              1 2
              2 36
              ;
set F[202] := 33 3
              3 5
              5 4
              4 38
              ;
set F[203] := 33 3
              3 5
              5 39
              ;
set F[204] := 33 3
              3 5
              5 6
              6 40
              ;
set F[205] := 33 3
              3 5
              5 7
              7 8
              8 42
              ;
set F[206] := 33 3
              3 5
              5 9
              9 43
              ;
set F[207] := 33 3
              3 1
              1 14
              14 10
              10 44
              ;
set F[208] := 33 3
              3 5
              5 24
              24 11
              11 45
              ;
set F[209] := 33 3
              3 5
              5 6
              6 18
              18 17
              17 51
              ;
set F[210] := 33 3
              3 5
              5 6
              6 18
              18 52
              ;
set F[211] := 33 34
              34 25
              25 59
              ;
set F[212] := 33 3
              3 1
              1 2
              2 29
              29 63
              ;
set F[213] := 33 3
              3 30
              30 64
              ;
set F[214] := 33 3
              3 31
              31 65
              ;
set F[215] := 33 34
              34 68
              ;
set F[216] := 34 25
              25 4
              4 38
              ;
set F[217] := 34 25
              25 4
              4 5
              5 39
              ;
set F[218] := 34 25
              25 4
              4 6
              6 40
              ;
set F[219] := 34 25
              25 4
              4 5
              5 7
              7 8
              8 42
              ;
set F[220] := 34 25
              25 4
              4 5
              5 9
              9 43
              ;
set F[221] := 34 25
              25 4
              4 5
              5 9
              9 10
              10 44
              ;
set F[222] := 34 25
              25 4
              4 5
              5 24
              24 11
              11 45
              ;
set F[223] := 34 25
              25 4
              4 6
              6 18
              18 17
              17 51
              ;
set F[224] := 34 25
              25 4
              4 6
              6 18
              18 52
              ;
set F[225] := 34 33
              33 3
              3 1
              1 2
              2 29
              29 63
              ;
set Last[1] := 4 38;
set Last[2] := 5 39;
set Last[3] := 6 40;
set Last[4] := 8 42;
set Last[5] := 9 43;
set Last[6] := 10 44;
set Last[7] := 11 45;
set Last[8] := 17 51;
set Last[9] := 18 52;
set Last[10] := 29 63;
set Last[11] := 34 68;
set Last[12] := 2 36;
set Last[13] := 4 38;
set Last[14] := 5 39;
set Last[15] := 6 40;
set Last[16] := 7 41;
set Last[17] := 8 42;
set Last[18] := 9 43;
set Last[19] := 10 44;
set Last[20] := 11 45;
set Last[21] := 17 51;
set Last[22] := 18 52;
set Last[23] := 19 53;
set Last[24] := 21 55;
set Last[25] := 23 57;
set Last[26] := 25 59;
set Last[27] := 29 63;
set Last[28] := 30 64;
set Last[29] := 31 65;
set Last[30] := 34 68;
set Last[31] := 9 43;
set Last[32] := 10 44;
set Last[33] := 2 36;
set Last[34] := 4 38;
set Last[35] := 5 39;
set Last[36] := 8 42;
set Last[37] := 9 43;
set Last[38] := 10 44;
set Last[39] := 11 45;
set Last[40] := 17 51;
set Last[41] := 18 52;
set Last[42] := 25 59;
set Last[43] := 29 63;
set Last[44] := 30 64;
set Last[45] := 31 65;
set Last[46] := 34 68;
set Last[47] := 10 44;
set Last[48] := 2 36;
set Last[49] := 3 37;
set Last[50] := 4 38;
set Last[51] := 5 39;
set Last[52] := 6 40;
set Last[53] := 7 41;
set Last[54] := 8 42;
set Last[55] := 9 43;
set Last[56] := 11 45;
set Last[57] := 17 51;
set Last[58] := 18 52;
set Last[59] := 19 53;
set Last[60] := 21 55;
set Last[61] := 23 57;
set Last[62] := 25 59;
set Last[63] := 29 63;
set Last[64] := 30 64;
set Last[65] := 31 65;
set Last[66] := 34 68;
set Last[67] := 9 43;
set Last[68] := 10 44;
set Last[69] := 11 45;
set Last[70] := 29 63;
set Last[71] := 2 36;
set Last[72] := 3 37;
set Last[73] := 4 38;
set Last[74] := 5 39;
set Last[75] := 6 40;
set Last[76] := 7 41;
set Last[77] := 8 42;
set Last[78] := 9 43;
set Last[79] := 10 44;
set Last[80] := 11 45;
set Last[81] := 18 52;
set Last[82] := 19 53;
set Last[83] := 21 55;
set Last[84] := 23 57;
set Last[85] := 25 59;
set Last[86] := 28 62;
set Last[87] := 29 63;
set Last[88] := 30 64;
set Last[89] := 31 65;
set Last[90] := 33 67;
set Last[91] := 34 68;
set Last[92] := 2 36;
set Last[93] := 4 38;
set Last[94] := 5 39;
set Last[95] := 6 40;
set Last[96] := 8 42;
set Last[97] := 9 43;
set Last[98] := 10 44;
set Last[99] := 11 45;
set Last[100] := 17 51;
set Last[101] := 29 63;
set Last[102] := 34 68;
set Last[103] := 2 36;
set Last[104] := 3 37;
set Last[105] := 4 38;
set Last[106] := 5 39;
set Last[107] := 6 40;
set Last[108] := 8 42;
set Last[109] := 9 43;
set Last[110] := 10 44;
set Last[111] := 11 45;
set Last[112] := 17 51;
set Last[113] := 18 52;
set Last[114] := 19 53;
set Last[115] := 25 59;
set Last[116] := 29 63;
set Last[117] := 30 64;
set Last[118] := 31 65;
set Last[119] := 34 68;
set Last[120] := 2 36;
set Last[121] := 3 37;
set Last[122] := 4 38;
set Last[123] := 5 39;
set Last[124] := 6 40;
set Last[125] := 8 42;
set Last[126] := 9 43;
set Last[127] := 10 44;
set Last[128] := 11 45;
set Last[129] := 17 51;
set Last[130] := 18 52;
set Last[131] := 25 59;
set Last[132] := 29 63;
set Last[133] := 30 64;
set Last[134] := 31 65;
set Last[135] := 34 68;
set Last[136] := 2 36;
set Last[137] := 3 37;
set Last[138] := 4 38;
set Last[139] := 5 39;
set Last[140] := 6 40;
set Last[141] := 7 41;
set Last[142] := 8 42;
set Last[143] := 9 43;
set Last[144] := 10 44;
set Last[145] := 11 45;
set Last[146] := 17 51;
set Last[147] := 18 52;
set Last[148] := 19 53;
set Last[149] := 21 55;
set Last[150] := 23 57;
set Last[151] := 25 59;
set Last[152] := 29 63;
set Last[153] := 30 64;
set Last[154] := 31 65;
set Last[155] := 34 68;
set Last[156] := 4 38;
set Last[157] := 5 39;
set Last[158] := 6 40;
set Last[159] := 8 42;
set Last[160] := 9 43;
set Last[161] := 10 44;
set Last[162] := 11 45;
set Last[163] := 17 51;
set Last[164] := 18 52;
set Last[165] := 29 63;
set Last[166] := 34 68;
set Last[167] := 9 43;
set Last[168] := 10 44;
set Last[169] := 2 36;
set Last[170] := 4 38;
set Last[171] := 5 39;
set Last[172] := 6 40;
set Last[173] := 8 42;
set Last[174] := 9 43;
set Last[175] := 10 44;
set Last[176] := 11 45;
set Last[177] := 17 51;
set Last[178] := 18 52;
set Last[179] := 25 59;
set Last[180] := 29 63;
set Last[181] := 31 65;
set Last[182] := 34 68;
set Last[183] := 2 36;
set Last[184] := 3 37;
set Last[185] := 4 38;
set Last[186] := 5 39;
set Last[187] := 6 40;
set Last[188] := 8 42;
set Last[189] := 9 43;
set Last[190] := 10 44;
set Last[191] := 11 45;
set Last[192] := 17 51;
set Last[193] := 18 52;
set Last[194] := 25 59;
set Last[195] := 29 63;
set Last[196] := 30 64;
set Last[197] := 34 68;
set Last[198] := 9 43;
set Last[199] := 10 44;
set Last[200] := 11 45;
set Last[201] := 2 36;
set Last[202] := 4 38;
set Last[203] := 5 39;
set Last[204] := 6 40;
set Last[205] := 8 42;
set Last[206] := 9 43;
set Last[207] := 10 44;
set Last[208] := 11 45;
set Last[209] := 17 51;
set Last[210] := 18 52;
set Last[211] := 25 59;
set Last[212] := 29 63;
set Last[213] := 30 64;
set Last[214] := 31 65;
set Last[215] := 34 68;
set Last[216] := 4 38;
set Last[217] := 5 39;
set Last[218] := 6 40;
set Last[219] := 8 42;
set Last[220] := 9 43;
set Last[221] := 10 44;
set Last[222] := 11 45;
set Last[223] := 17 51;
set Last[224] := 18 52;
set Last[225] := 29 63;

param q := 5;

end;
