data;

set V := 1 2 3 4 5 6 7 8 9 10 11 12 13 14 15 16 17 18 19 20 21 22 23 24 25 26 27 28 29 30 31 32 33 34 35 37 40 41 43 44 46 48 49 50 51 55 56 57 58 59 60 61 65 68 69;

set A := 1 2
         1 8
         2 1
         2 7
         2 37
         3 8
         4 1
         5 6
         5 8
         5 40
         6 5
         6 7
         6 18
         6 24
         6 41
         7 2
         7 6
         8 1
         8 5
         8 26
         8 43
         9 10
         9 19
         9 44
         10 9
         10 15
         11 12
         11 16
         11 46
         12 11
         12 13
         13 12
         13 14
         13 48
         14 13
         14 28
         14 49
         15 10
         15 21
         15 50
         16 11
         16 17
         16 51
         17 16
         17 22
         18 6
         18 19
         19 9
         19 18
         20 55
         21 15
         21 31
         21 56
         22 17
         22 23
         22 57
         23 22
         23 24
         23 58
         24 6
         24 23
         24 25
         24 59
         25 20
         25 24
         25 60
         26 8
         26 31
         26 61
         27 3
         28 14
         28 29
         29 28
         29 30
         30 29
         30 31
         30 65
         31 21
         31 26
         31 30
         31 32
         31 35
         32 31
         32 33
         33 32
         33 34
         33 68
         34 35
         34 69
         35 31
         35 34
         ;

set S := 1 2 3 4 5 6 7 8 9 10 11 12 13 14 15 16 17 18 19 20 21 22 23 24 25 26 27 28 29 30 31 32 33 34 35 36 37 38 39 40 41 42 43 44 45 46 47 48 49 50 51 52 53 54 55 56 57 58 59 60 61 62 63 64 65 66 67 68 69 70 71 72 73 74 75 76 77 78 79 80 81 82 83 84 85 86 87 88 89 90 91 92 93 94 95 96 97 98 99 100 101 102 103 104 105 106 107 108 109 110 111 112 113 114 115 116 117 118 119 120 121 122 123 124 125 126 127 128 129 130 131 132 133 134 135 136 137 138 139 140 141 142 143 144 145 146 147 148 149 150 151 152 153 154 155 156 157 158 159 160 161 162 163 164 165 166 167 168 169 170 171 172 173 174 175 176 177 178 179 180 181 182 183 184 185 186 187 188 189 190 191 192 193 194 195 196 197 198 199 200 201 202 203 204 205 206 207 208 209 210 211 212 213 214 215 216 217 218 219 220 221 222 223 224 225 226 227 228 229 230 231 232 233 234 235 236 237 238;

set F[1] := 2 1
            1 8
            8 5
            5 40
            ;
set F[2] := 2 7
            7 6
            6 41
            ;
set F[3] := 2 1
            1 8
            8 43
            ;
set F[4] := 2 7
            7 6
            6 18
            18 19
            19 9
            9 44
            ;
set F[5] := 2 7
            7 6
            6 24
            24 23
            23 22
            22 17
            17 16
            16 11
            11 46
            ;
set F[6] := 2 1
            1 8
            8 26
            26 31
            31 30
            30 29
            29 28
            28 14
            14 13
            13 48
            ;
set F[7] := 2 1
            1 8
            8 26
            26 31
            31 30
            30 29
            29 28
            28 14
            14 49
            ;
set F[8] := 2 1
            1 8
            8 26
            26 31
            31 21
            21 15
            15 50
            ;
set F[9] := 2 7
            7 6
            6 24
            24 23
            23 58
            ;
set F[10] := 2 7
             7 6
             6 24
             24 25
             25 60
             ;
set F[11] := 2 1
             1 8
             8 26
             26 61
             ;
set F[12] := 2 1
             1 8
             8 26
             26 31
             31 30
             30 65
             ;
set F[13] := 2 1
             1 8
             8 26
             26 31
             31 35
             35 34
             34 69
             ;
set F[14] := 3 8
             8 1
             1 2
             2 37
             ;
set F[15] := 3 8
             8 5
             5 40
             ;
set F[16] := 3 8
             8 5
             5 6
             6 41
             ;
set F[17] := 3 8
             8 43
             ;
set F[18] := 3 8
             8 5
             5 6
             6 24
             24 23
             23 22
             22 17
             17 16
             16 11
             11 46
             ;
set F[19] := 3 8
             8 26
             26 31
             31 30
             30 29
             29 28
             28 14
             14 13
             13 48
             ;
set F[20] := 3 8
             8 26
             26 31
             31 30
             30 29
             29 28
             28 14
             14 49
             ;
set F[21] := 3 8
             8 26
             26 31
             31 21
             21 15
             15 50
             ;
set F[22] := 3 8
             8 5
             5 6
             6 24
             24 23
             23 58
             ;
set F[23] := 3 8
             8 5
             5 6
             6 24
             24 25
             25 60
             ;
set F[24] := 3 8
             8 26
             26 31
             31 30
             30 65
             ;
set F[25] := 3 8
             8 26
             26 31
             31 35
             35 34
             34 69
             ;
set F[26] := 4 1
             1 2
             2 7
             7 6
             6 41
             ;
set F[27] := 5 6
             6 7
             7 2
             2 37
             ;
set F[28] := 5 6
             6 41
             ;
set F[29] := 5 8
             8 43
             ;
set F[30] := 5 6
             6 18
             18 19
             19 9
             9 44
             ;
set F[31] := 5 6
             6 24
             24 23
             23 22
             22 17
             17 16
             16 11
             11 46
             ;
set F[32] := 5 8
             8 26
             26 31
             31 30
             30 29
             29 28
             28 14
             14 13
             13 48
             ;
set F[33] := 5 8
             8 26
             26 31
             31 30
             30 29
             29 28
             28 14
             14 49
             ;
set F[34] := 5 8
             8 26
             26 31
             31 21
             21 15
             15 50
             ;
set F[35] := 5 6
             6 24
             24 23
             23 22
             22 57
             ;
set F[36] := 5 6
             6 24
             24 23
             23 58
             ;
set F[37] := 5 6
             6 24
             24 25
             25 60
             ;
set F[38] := 5 8
             8 26
             26 61
             ;
set F[39] := 5 8
             8 26
             26 31
             31 30
             30 65
             ;
set F[40] := 5 8
             8 26
             26 31
             31 35
             35 34
             34 69
             ;
set F[41] := 8 1
             1 2
             2 37
             ;
set F[42] := 8 5
             5 40
             ;
set F[43] := 8 5
             5 6
             6 41
             ;
set F[44] := 8 5
             5 6
             6 18
             18 19
             19 9
             9 44
             ;
set F[45] := 8 5
             5 6
             6 24
             24 23
             23 22
             22 17
             17 16
             16 11
             11 46
             ;
set F[46] := 8 26
             26 31
             31 30
             30 29
             29 28
             28 14
             14 13
             13 48
             ;
set F[47] := 8 26
             26 31
             31 30
             30 29
             29 28
             28 14
             14 49
             ;
set F[48] := 8 26
             26 31
             31 21
             21 15
             15 50
             ;
set F[49] := 8 5
             5 6
             6 24
             24 23
             23 22
             22 17
             17 16
             16 51
             ;
set F[50] := 8 5
             5 6
             6 24
             24 25
             25 20
             20 55
             ;
set F[51] := 8 26
             26 31
             31 21
             21 56
             ;
set F[52] := 8 5
             5 6
             6 24
             24 23
             23 22
             22 57
             ;
set F[53] := 8 5
             5 6
             6 24
             24 23
             23 58
             ;
set F[54] := 8 5
             5 6
             6 24
             24 59
             ;
set F[55] := 8 5
             5 6
             6 24
             24 25
             25 60
             ;
set F[56] := 8 26
             26 61
             ;
set F[57] := 8 26
             26 31
             31 30
             30 65
             ;
set F[58] := 8 26
             26 31
             31 32
             32 33
             33 68
             ;
set F[59] := 8 26
             26 31
             31 35
             35 34
             34 69
             ;
set F[60] := 9 19
             19 18
             18 6
             6 7
             7 2
             2 37
             ;
set F[61] := 9 19
             19 18
             18 6
             6 5
             5 40
             ;
set F[62] := 9 19
             19 18
             18 6
             6 41
             ;
set F[63] := 9 19
             19 18
             18 6
             6 5
             5 8
             8 43
             ;
set F[64] := 9 19
             19 18
             18 6
             6 24
             24 23
             23 22
             22 17
             17 16
             16 11
             11 46
             ;
set F[65] := 9 10
             10 15
             15 21
             21 31
             31 30
             30 29
             29 28
             28 14
             14 13
             13 48
             ;
set F[66] := 9 10
             10 15
             15 21
             21 31
             31 30
             30 29
             29 28
             28 14
             14 49
             ;
set F[67] := 9 10
             10 15
             15 50
             ;
set F[68] := 9 19
             19 18
             18 6
             6 24
             24 23
             23 58
             ;
set F[69] := 9 19
             19 18
             18 6
             6 24
             24 25
             25 60
             ;
set F[70] := 9 10
             10 15
             15 21
             21 31
             31 30
             30 65
             ;
set F[71] := 9 10
             10 15
             15 21
             21 31
             31 35
             35 34
             34 69
             ;
set F[72] := 10 9
             9 19
             19 18
             18 6
             6 7
             7 2
             2 37
             ;
set F[73] := 10 9
             9 19
             19 18
             18 6
             6 5
             5 40
             ;
set F[74] := 10 9
             9 19
             19 18
             18 6
             6 41
             ;
set F[75] := 10 15
             15 21
             21 31
             31 26
             26 8
             8 43
             ;
set F[76] := 10 9
             9 44
             ;
set F[77] := 10 9
             9 19
             19 18
             18 6
             6 24
             24 23
             23 22
             22 17
             17 16
             16 11
             11 46
             ;
set F[78] := 10 15
             15 21
             21 31
             31 30
             30 29
             29 28
             28 14
             14 13
             13 48
             ;
set F[79] := 10 15
             15 21
             21 31
             31 30
             30 29
             29 28
             28 14
             14 49
             ;
set F[80] := 10 15
             15 50
             ;
set F[81] := 10 15
             15 21
             21 56
             ;
set F[82] := 10 9
             9 19
             19 18
             18 6
             6 24
             24 23
             23 22
             22 57
             ;
set F[83] := 10 9
             9 19
             19 18
             18 6
             6 24
             24 23
             23 58
             ;
set F[84] := 10 9
             9 19
             19 18
             18 6
             6 24
             24 25
             25 60
             ;
set F[85] := 10 15
             15 21
             21 31
             31 26
             26 61
             ;
set F[86] := 10 15
             15 21
             21 31
             31 30
             30 65
             ;
set F[87] := 10 15
             15 21
             21 31
             31 35
             35 34
             34 69
             ;
set F[88] := 11 16
             16 17
             17 22
             22 23
             23 24
             24 6
             6 7
             7 2
             2 37
             ;
set F[89] := 11 16
             16 17
             17 22
             22 23
             23 24
             24 6
             6 5
             5 40
             ;
set F[90] := 11 16
             16 17
             17 22
             22 23
             23 24
             24 6
             6 41
             ;
set F[91] := 11 16
             16 17
             17 22
             22 23
             23 24
             24 6
             6 5
             5 8
             8 43
             ;
set F[92] := 11 16
             16 17
             17 22
             22 23
             23 24
             24 6
             6 18
             18 19
             19 9
             9 44
             ;
set F[93] := 11 12
             12 13
             13 48
             ;
set F[94] := 11 12
             12 13
             13 14
             14 49
             ;
set F[95] := 11 12
             12 13
             13 14
             14 28
             28 29
             29 30
             30 31
             31 21
             21 15
             15 50
             ;
set F[96] := 11 16
             16 17
             17 22
             22 23
             23 24
             24 25
             25 20
             20 55
             ;
set F[97] := 11 12
             12 13
             13 14
             14 28
             28 29
             29 30
             30 31
             31 21
             21 56
             ;
set F[98] := 11 16
             16 17
             17 22
             22 57
             ;
set F[99] := 11 16
             16 17
             17 22
             22 23
             23 58
             ;
set F[100] := 11 16
              16 17
              17 22
              22 23
              23 24
              24 25
              25 60
              ;
set F[101] := 11 12
              12 13
              13 14
              14 28
              28 29
              29 30
              30 31
              31 26
              26 61
              ;
set F[102] := 11 12
              12 13
              13 14
              14 28
              28 29
              29 30
              30 65
              ;
set F[103] := 11 12
              12 13
              13 14
              14 28
              28 29
              29 30
              30 31
              31 35
              35 34
              34 69
              ;
set F[104] := 12 11
              11 16
              16 17
              17 22
              22 23
              23 24
              24 6
              6 7
              7 2
              2 37
              ;
set F[105] := 12 11
              11 16
              16 17
              17 22
              22 23
              23 24
              24 6
              6 5
              5 40
              ;
set F[106] := 12 11
              11 16
              16 17
              17 22
              22 23
              23 24
              24 6
              6 41
              ;
set F[107] := 12 13
              13 14
              14 28
              28 29
              29 30
              30 31
              31 26
              26 8
              8 43
              ;
set F[108] := 12 11
              11 16
              16 17
              17 22
              22 23
              23 24
              24 6
              6 18
              18 19
              19 9
              9 44
              ;
set F[109] := 12 11
              11 46
              ;
set F[110] := 12 13
              13 48
              ;
set F[111] := 12 13
              13 14
              14 49
              ;
set F[112] := 12 13
              13 14
              14 28
              28 29
              29 30
              30 31
              31 21
              21 15
              15 50
              ;
set F[113] := 12 11
              11 16
              16 17
              17 22
              22 23
              23 24
              24 25
              25 20
              20 55
              ;
set F[114] := 12 13
              13 14
              14 28
              28 29
              29 30
              30 31
              31 21
              21 56
              ;
set F[115] := 12 11
              11 16
              16 17
              17 22
              22 57
              ;
set F[116] := 12 11
              11 16
              16 17
              17 22
              22 23
              23 58
              ;
set F[117] := 12 11
              11 16
              16 17
              17 22
              22 23
              23 24
              24 25
              25 60
              ;
set F[118] := 12 13
              13 14
              14 28
              28 29
              29 30
              30 31
              31 26
              26 61
              ;
set F[119] := 12 13
              13 14
              14 28
              28 29
              29 30
              30 65
              ;
set F[120] := 12 13
              13 14
              14 28
              28 29
              29 30
              30 31
              31 35
              35 34
              34 69
              ;
set F[121] := 14 28
              28 29
              29 30
              30 31
              31 26
              26 8
              8 5
              5 6
              6 41
              ;
set F[122] := 14 28
              28 29
              29 30
              30 31
              31 26
              26 8
              8 43
              ;
set F[123] := 14 13
              13 12
              12 11
              11 46
              ;
set F[124] := 14 13
              13 48
              ;
set F[125] := 14 13
              13 12
              12 11
              11 16
              16 17
              17 22
              22 23
              23 24
              24 25
              25 60
              ;
set F[126] := 14 28
              28 29
              29 30
              30 65
              ;
set F[127] := 14 28
              28 29
              29 30
              30 31
              31 35
              35 34
              34 69
              ;
set F[128] := 15 21
              21 31
              31 26
              26 8
              8 1
              1 2
              2 37
              ;
set F[129] := 15 21
              21 31
              31 26
              26 8
              8 5
              5 40
              ;
set F[130] := 15 10
              10 9
              9 19
              19 18
              18 6
              6 41
              ;
set F[131] := 15 21
              21 31
              31 26
              26 8
              8 43
              ;
set F[132] := 15 10
              10 9
              9 44
              ;
set F[133] := 15 21
              21 31
              31 30
              30 29
              29 28
              28 14
              14 13
              13 12
              12 11
              11 46
              ;
set F[134] := 15 21
              21 31
              31 30
              30 29
              29 28
              28 14
              14 13
              13 48
              ;
set F[135] := 15 21
              21 31
              31 30
              30 29
              29 28
              28 14
              14 49
              ;
set F[136] := 15 10
              10 9
              9 19
              19 18
              18 6
              6 24
              24 23
              23 58
              ;
set F[137] := 15 10
              10 9
              9 19
              19 18
              18 6
              6 24
              24 25
              25 60
              ;
set F[138] := 15 21
              21 31
              31 26
              26 61
              ;
set F[139] := 15 21
              21 31
              31 30
              30 65
              ;
set F[140] := 15 21
              21 31
              31 35
              35 34
              34 69
              ;
set F[141] := 19 18
              18 6
              6 7
              7 2
              2 37
              ;
set F[142] := 19 18
              18 6
              6 5
              5 40
              ;
set F[143] := 19 18
              18 6
              6 41
              ;
set F[144] := 19 18
              18 6
              6 5
              5 8
              8 43
              ;
set F[145] := 19 9
              9 44
              ;
set F[146] := 19 18
              18 6
              6 24
              24 23
              23 22
              22 17
              17 16
              16 11
              11 46
              ;
set F[147] := 19 9
              9 10
              10 15
              15 21
              21 31
              31 30
              30 29
              29 28
              28 14
              14 13
              13 48
              ;
set F[148] := 19 9
              9 10
              10 15
              15 21
              21 31
              31 30
              30 29
              29 28
              28 14
              14 49
              ;
set F[149] := 19 9
              9 10
              10 15
              15 50
              ;
set F[150] := 19 9
              9 10
              10 15
              15 21
              21 56
              ;
set F[151] := 19 18
              18 6
              6 24
              24 23
              23 22
              22 57
              ;
set F[152] := 19 18
              18 6
              6 24
              24 23
              23 58
              ;
set F[153] := 19 18
              18 6
              6 24
              24 25
              25 60
              ;
set F[154] := 19 18
              18 6
              6 5
              5 8
              8 26
              26 61
              ;
set F[155] := 19 9
              9 10
              10 15
              15 21
              21 31
              31 30
              30 65
              ;
set F[156] := 19 9
              9 10
              10 15
              15 21
              21 31
              31 35
              35 34
              34 69
              ;
set F[157] := 22 23
              23 24
              24 6
              6 41
              ;
set F[158] := 23 24
              24 6
              6 7
              7 2
              2 37
              ;
set F[159] := 23 24
              24 6
              6 5
              5 40
              ;
set F[160] := 23 24
              24 6
              6 41
              ;
set F[161] := 23 24
              24 6
              6 5
              5 8
              8 43
              ;
set F[162] := 23 22
              22 17
              17 16
              16 11
              11 46
              ;
set F[163] := 23 22
              22 17
              17 16
              16 11
              11 12
              12 13
              13 48
              ;
set F[164] := 23 22
              22 17
              17 16
              16 11
              11 12
              12 13
              13 14
              14 49
              ;
set F[165] := 23 24
              24 6
              6 18
              18 19
              19 9
              9 10
              10 15
              15 50
              ;
set F[166] := 23 24
              24 25
              25 60
              ;
set F[167] := 23 24
              24 6
              6 5
              5 8
              8 26
              26 31
              31 30
              30 65
              ;
set F[168] := 23 24
              24 6
              6 5
              5 8
              8 26
              26 31
              31 35
              35 34
              34 69
              ;
set F[169] := 25 24
              24 6
              6 7
              7 2
              2 37
              ;
set F[170] := 25 24
              24 6
              6 5
              5 40
              ;
set F[171] := 25 24
              24 6
              6 41
              ;
set F[172] := 25 24
              24 6
              6 5
              5 8
              8 43
              ;
set F[173] := 25 24
              24 6
              6 18
              18 19
              19 9
              9 44
              ;
set F[174] := 25 24
              24 23
              23 22
              22 17
              17 16
              16 11
              11 46
              ;
set F[175] := 25 24
              24 23
              23 22
              22 17
              17 16
              16 11
              11 12
              12 13
              13 48
              ;
set F[176] := 25 24
              24 23
              23 22
              22 17
              17 16
              16 11
              11 12
              12 13
              13 14
              14 49
              ;
set F[177] := 25 24
              24 6
              6 18
              18 19
              19 9
              9 10
              10 15
              15 50
              ;
set F[178] := 25 24
              24 23
              23 58
              ;
set F[179] := 25 24
              24 6
              6 5
              5 8
              8 26
              26 61
              ;
set F[180] := 25 24
              24 6
              6 5
              5 8
              8 26
              26 31
              31 30
              30 65
              ;
set F[181] := 25 24
              24 6
              6 5
              5 8
              8 26
              26 31
              31 35
              35 34
              34 69
              ;
set F[182] := 27 3
              3 8
              8 5
              5 6
              6 41
              ;
set F[183] := 27 3
              3 8
              8 5
              5 6
              6 24
              24 23
              23 22
              22 17
              17 16
              16 11
              11 46
              ;
set F[184] := 27 3
              3 8
              8 26
              26 31
              31 35
              35 34
              34 69
              ;
set F[185] := 28 29
              29 30
              30 31
              31 26
              26 8
              8 1
              1 2
              2 37
              ;
set F[186] := 28 29
              29 30
              30 31
              31 26
              26 8
              8 5
              5 40
              ;
set F[187] := 28 29
              29 30
              30 31
              31 26
              26 8
              8 5
              5 6
              6 41
              ;
set F[188] := 28 29
              29 30
              30 31
              31 26
              26 8
              8 43
              ;
set F[189] := 28 29
              29 30
              30 31
              31 21
              21 15
              15 10
              10 9
              9 44
              ;
set F[190] := 28 14
              14 13
              13 12
              12 11
              11 46
              ;
set F[191] := 28 14
              14 13
              13 48
              ;
set F[192] := 28 14
              14 49
              ;
set F[193] := 28 29
              29 30
              30 31
              31 21
              21 15
              15 50
              ;
set F[194] := 28 14
              14 13
              13 12
              12 11
              11 16
              16 17
              17 22
              22 23
              23 58
              ;
set F[195] := 28 29
              29 30
              30 31
              31 26
              26 8
              8 5
              5 6
              6 24
              24 25
              25 60
              ;
set F[196] := 28 29
              29 30
              30 31
              31 26
              26 61
              ;
set F[197] := 28 29
              29 30
              30 65
              ;
set F[198] := 28 29
              29 30
              30 31
              31 35
              35 34
              34 69
              ;
set F[199] := 30 31
              31 26
              26 8
              8 5
              5 6
              6 41
              ;
set F[200] := 30 31
              31 26
              26 8
              8 43
              ;
set F[201] := 30 29
              29 28
              28 14
              14 13
              13 12
              12 11
              11 46
              ;
set F[202] := 30 29
              29 28
              28 14
              14 13
              13 48
              ;
set F[203] := 30 29
              29 28
              28 14
              14 49
              ;
set F[204] := 30 31
              31 26
              26 8
              8 5
              5 6
              6 24
              24 25
              25 60
              ;
set F[205] := 30 31
              31 35
              35 34
              34 69
              ;
set F[206] := 32 31
              31 26
              26 8
              8 1
              1 2
              2 37
              ;
set F[207] := 32 31
              31 26
              26 8
              8 5
              5 40
              ;
set F[208] := 32 31
              31 26
              26 8
              8 5
              5 6
              6 41
              ;
set F[209] := 32 31
              31 26
              26 8
              8 43
              ;
set F[210] := 32 31
              31 30
              30 29
              29 28
              28 14
              14 13
              13 12
              12 11
              11 46
              ;
set F[211] := 32 31
              31 30
              30 29
              29 28
              28 14
              14 13
              13 48
              ;
set F[212] := 32 31
              31 30
              30 29
              29 28
              28 14
              14 49
              ;
set F[213] := 32 31
              31 26
              26 8
              8 5
              5 6
              6 24
              24 23
              23 58
              ;
set F[214] := 32 31
              31 26
              26 8
              8 5
              5 6
              6 24
              24 25
              25 60
              ;
set F[215] := 32 31
              31 30
              30 65
              ;
set F[216] := 32 33
              33 34
              34 69
              ;
set F[217] := 33 32
              32 31
              31 26
              26 8
              8 1
              1 2
              2 37
              ;
set F[218] := 33 32
              32 31
              31 26
              26 8
              8 5
              5 40
              ;
set F[219] := 33 32
              32 31
              31 26
              26 8
              8 5
              5 6
              6 41
              ;
set F[220] := 33 32
              32 31
              31 26
              26 8
              8 43
              ;
set F[221] := 33 32
              32 31
              31 30
              30 29
              29 28
              28 14
              14 13
              13 12
              12 11
              11 46
              ;
set F[222] := 33 32
              32 31
              31 30
              30 29
              29 28
              28 14
              14 13
              13 48
              ;
set F[223] := 33 32
              32 31
              31 30
              30 29
              29 28
              28 14
              14 49
              ;
set F[224] := 33 32
              32 31
              31 21
              21 15
              15 50
              ;
set F[225] := 33 32
              32 31
              31 26
              26 8
              8 5
              5 6
              6 24
              24 23
              23 58
              ;
set F[226] := 33 32
              32 31
              31 26
              26 8
              8 5
              5 6
              6 24
              24 25
              25 60
              ;
set F[227] := 33 32
              32 31
              31 30
              30 65
              ;
set F[228] := 33 34
              34 69
              ;
set F[229] := 34 35
              35 31
              31 26
              26 8
              8 1
              1 2
              2 37
              ;
set F[230] := 34 35
              35 31
              31 26
              26 8
              8 5
              5 40
              ;
set F[231] := 34 35
              35 31
              31 26
              26 8
              8 5
              5 6
              6 41
              ;
set F[232] := 34 35
              35 31
              31 26
              26 8
              8 43
              ;
set F[233] := 34 35
              35 31
              31 30
              30 29
              29 28
              28 14
              14 13
              13 12
              12 11
              11 46
              ;
set F[234] := 34 35
              35 31
              31 30
              30 29
              29 28
              28 14
              14 13
              13 48
              ;
set F[235] := 34 35
              35 31
              31 30
              30 29
              29 28
              28 14
              14 49
              ;
set F[236] := 34 35
              35 31
              31 26
              26 8
              8 5
              5 6
              6 24
              24 23
              23 58
              ;
set F[237] := 34 35
              35 31
              31 26
              26 8
              8 5
              5 6
              6 24
              24 25
              25 60
              ;
set F[238] := 34 35
              35 31
              31 30
              30 65
              ;
set Last[1] := 5 40;
set Last[2] := 6 41;
set Last[3] := 8 43;
set Last[4] := 9 44;
set Last[5] := 11 46;
set Last[6] := 13 48;
set Last[7] := 14 49;
set Last[8] := 15 50;
set Last[9] := 23 58;
set Last[10] := 25 60;
set Last[11] := 26 61;
set Last[12] := 30 65;
set Last[13] := 34 69;
set Last[14] := 2 37;
set Last[15] := 5 40;
set Last[16] := 6 41;
set Last[17] := 8 43;
set Last[18] := 11 46;
set Last[19] := 13 48;
set Last[20] := 14 49;
set Last[21] := 15 50;
set Last[22] := 23 58;
set Last[23] := 25 60;
set Last[24] := 30 65;
set Last[25] := 34 69;
set Last[26] := 6 41;
set Last[27] := 2 37;
set Last[28] := 6 41;
set Last[29] := 8 43;
set Last[30] := 9 44;
set Last[31] := 11 46;
set Last[32] := 13 48;
set Last[33] := 14 49;
set Last[34] := 15 50;
set Last[35] := 22 57;
set Last[36] := 23 58;
set Last[37] := 25 60;
set Last[38] := 26 61;
set Last[39] := 30 65;
set Last[40] := 34 69;
set Last[41] := 2 37;
set Last[42] := 5 40;
set Last[43] := 6 41;
set Last[44] := 9 44;
set Last[45] := 11 46;
set Last[46] := 13 48;
set Last[47] := 14 49;
set Last[48] := 15 50;
set Last[49] := 16 51;
set Last[50] := 20 55;
set Last[51] := 21 56;
set Last[52] := 22 57;
set Last[53] := 23 58;
set Last[54] := 24 59;
set Last[55] := 25 60;
set Last[56] := 26 61;
set Last[57] := 30 65;
set Last[58] := 33 68;
set Last[59] := 34 69;
set Last[60] := 2 37;
set Last[61] := 5 40;
set Last[62] := 6 41;
set Last[63] := 8 43;
set Last[64] := 11 46;
set Last[65] := 13 48;
set Last[66] := 14 49;
set Last[67] := 15 50;
set Last[68] := 23 58;
set Last[69] := 25 60;
set Last[70] := 30 65;
set Last[71] := 34 69;
set Last[72] := 2 37;
set Last[73] := 5 40;
set Last[74] := 6 41;
set Last[75] := 8 43;
set Last[76] := 9 44;
set Last[77] := 11 46;
set Last[78] := 13 48;
set Last[79] := 14 49;
set Last[80] := 15 50;
set Last[81] := 21 56;
set Last[82] := 22 57;
set Last[83] := 23 58;
set Last[84] := 25 60;
set Last[85] := 26 61;
set Last[86] := 30 65;
set Last[87] := 34 69;
set Last[88] := 2 37;
set Last[89] := 5 40;
set Last[90] := 6 41;
set Last[91] := 8 43;
set Last[92] := 9 44;
set Last[93] := 13 48;
set Last[94] := 14 49;
set Last[95] := 15 50;
set Last[96] := 20 55;
set Last[97] := 21 56;
set Last[98] := 22 57;
set Last[99] := 23 58;
set Last[100] := 25 60;
set Last[101] := 26 61;
set Last[102] := 30 65;
set Last[103] := 34 69;
set Last[104] := 2 37;
set Last[105] := 5 40;
set Last[106] := 6 41;
set Last[107] := 8 43;
set Last[108] := 9 44;
set Last[109] := 11 46;
set Last[110] := 13 48;
set Last[111] := 14 49;
set Last[112] := 15 50;
set Last[113] := 20 55;
set Last[114] := 21 56;
set Last[115] := 22 57;
set Last[116] := 23 58;
set Last[117] := 25 60;
set Last[118] := 26 61;
set Last[119] := 30 65;
set Last[120] := 34 69;
set Last[121] := 6 41;
set Last[122] := 8 43;
set Last[123] := 11 46;
set Last[124] := 13 48;
set Last[125] := 25 60;
set Last[126] := 30 65;
set Last[127] := 34 69;
set Last[128] := 2 37;
set Last[129] := 5 40;
set Last[130] := 6 41;
set Last[131] := 8 43;
set Last[132] := 9 44;
set Last[133] := 11 46;
set Last[134] := 13 48;
set Last[135] := 14 49;
set Last[136] := 23 58;
set Last[137] := 25 60;
set Last[138] := 26 61;
set Last[139] := 30 65;
set Last[140] := 34 69;
set Last[141] := 2 37;
set Last[142] := 5 40;
set Last[143] := 6 41;
set Last[144] := 8 43;
set Last[145] := 9 44;
set Last[146] := 11 46;
set Last[147] := 13 48;
set Last[148] := 14 49;
set Last[149] := 15 50;
set Last[150] := 21 56;
set Last[151] := 22 57;
set Last[152] := 23 58;
set Last[153] := 25 60;
set Last[154] := 26 61;
set Last[155] := 30 65;
set Last[156] := 34 69;
set Last[157] := 6 41;
set Last[158] := 2 37;
set Last[159] := 5 40;
set Last[160] := 6 41;
set Last[161] := 8 43;
set Last[162] := 11 46;
set Last[163] := 13 48;
set Last[164] := 14 49;
set Last[165] := 15 50;
set Last[166] := 25 60;
set Last[167] := 30 65;
set Last[168] := 34 69;
set Last[169] := 2 37;
set Last[170] := 5 40;
set Last[171] := 6 41;
set Last[172] := 8 43;
set Last[173] := 9 44;
set Last[174] := 11 46;
set Last[175] := 13 48;
set Last[176] := 14 49;
set Last[177] := 15 50;
set Last[178] := 23 58;
set Last[179] := 26 61;
set Last[180] := 30 65;
set Last[181] := 34 69;
set Last[182] := 6 41;
set Last[183] := 11 46;
set Last[184] := 34 69;
set Last[185] := 2 37;
set Last[186] := 5 40;
set Last[187] := 6 41;
set Last[188] := 8 43;
set Last[189] := 9 44;
set Last[190] := 11 46;
set Last[191] := 13 48;
set Last[192] := 14 49;
set Last[193] := 15 50;
set Last[194] := 23 58;
set Last[195] := 25 60;
set Last[196] := 26 61;
set Last[197] := 30 65;
set Last[198] := 34 69;
set Last[199] := 6 41;
set Last[200] := 8 43;
set Last[201] := 11 46;
set Last[202] := 13 48;
set Last[203] := 14 49;
set Last[204] := 25 60;
set Last[205] := 34 69;
set Last[206] := 2 37;
set Last[207] := 5 40;
set Last[208] := 6 41;
set Last[209] := 8 43;
set Last[210] := 11 46;
set Last[211] := 13 48;
set Last[212] := 14 49;
set Last[213] := 23 58;
set Last[214] := 25 60;
set Last[215] := 30 65;
set Last[216] := 34 69;
set Last[217] := 2 37;
set Last[218] := 5 40;
set Last[219] := 6 41;
set Last[220] := 8 43;
set Last[221] := 11 46;
set Last[222] := 13 48;
set Last[223] := 14 49;
set Last[224] := 15 50;
set Last[225] := 23 58;
set Last[226] := 25 60;
set Last[227] := 30 65;
set Last[228] := 34 69;
set Last[229] := 2 37;
set Last[230] := 5 40;
set Last[231] := 6 41;
set Last[232] := 8 43;
set Last[233] := 11 46;
set Last[234] := 13 48;
set Last[235] := 14 49;
set Last[236] := 23 58;
set Last[237] := 25 60;
set Last[238] := 30 65;

param q := 5;

end;
