data;

set V := 1 2 3 4 5 6 7 8 9 10 11 12 13 14 15 16 17 18 19 20 21 22 23 24 25 26 27 28 29 30 31 32 33 34 35 36 37 38;

set A := 1 2
         1 4
         1 20
         2 1
         2 7
         2 21
         3 4
         3 11
         3 22
         4 1
         4 3
         4 23
         5 6
         5 8
         5 24
         6 5
         6 9
         6 25
         7 2
         7 8
         7 26
         8 5
         8 7
         8 27
         9 6
         9 15
         9 19
         9 28
         10 19
         10 29
         11 3
         11 19
         11 30
         12 13
         12 16
         12 31
         13 12
         13 14
         13 15
         13 32
         14 13
         14 33
         15 9
         15 13
         15 34
         16 12
         16 17
         16 35
         17 16
         17 18
         17 36
         18 17
         18 19
         18 37
         19 9
         19 10
         19 11
         19 18
         19 38
         ;

set S := 1 2 3 4 5 6 7 8 9 10 11 12 13 14 15 16 17 18 19 20 21 22 23 24 25 26 27 28 29 30 31 32 33 34 35 36 37 38 39 40 41 42 43 44 45 46 47 48 49 50 51 52 53 54 55 56 57 58 59 60 61 62 63 64 65 66 67 68 69 70 71 72 73 74 75 76 77 78 79 80 81 82 83 84 85 86 87 88 89 90 91 92 93 94 95 96 97 98 99 100 101 102 103 104 105 106 107 108 109 110 111 112 113 114 115 116 117 118 119 120 121 122 123 124 125 126 127 128 129 130 131 132 133 134 135 136 137 138 139 140 141 142 143 144 145 146 147 148 149 150 151 152 153 154 155 156 157 158 159 160 161 162 163 164 165 166 167 168 169 170 171 172 173 174 175 176 177 178 179 180 181 182 183 184 185 186 187 188 189 190 191 192 193 194 195 196 197 198 199 200 201 202 203 204 205 206 207 208 209 210 211 212 213 214 215 216 217 218 219 220 221 222 223 224 225 226 227 228 229 230 231 232 233 234 235 236 237 238 239 240 241 242 243 244 245 246 247 248 249 250 251 252 253 254 255 256 257 258 259 260 261 262 263 264 265 266 267 268 269 270 271 272 273 274 275 276 277 278 279 280 281 282 283 284 285 286 287 288 289 290 291 292 293 294 295 296 297 298 299 300 301 302 303 304 305 306 307 308 309 310 311 312 313 314 315 316 317 318 319 320 321 322 323 324 325 326 327 328 329 330 331 332 333 334 335 336 337 338 339 340 341 342;

set F[1] := 1 2
            2 21
            ;
set F[2] := 1 4
            4 3
            3 22
            ;
set F[3] := 1 4
            4 23
            ;
set F[4] := 1 2
            2 7
            7 8
            8 5
            5 24
            ;
set F[5] := 1 2
            2 7
            7 8
            8 5
            5 6
            6 25
            ;
set F[6] := 1 2
            2 7
            7 26
            ;
set F[7] := 1 2
            2 7
            7 8
            8 27
            ;
set F[8] := 1 4
            4 3
            3 11
            11 19
            19 9
            9 28
            ;
set F[9] := 1 4
            4 3
            3 11
            11 19
            19 10
            10 29
            ;
set F[10] := 1 4
             4 3
             3 11
             11 30
             ;
set F[11] := 1 4
             4 3
             3 11
             11 19
             19 9
             9 15
             15 13
             13 12
             12 31
             ;
set F[12] := 1 4
             4 3
             3 11
             11 19
             19 9
             9 15
             15 13
             13 32
             ;
set F[13] := 1 4
             4 3
             3 11
             11 19
             19 9
             9 15
             15 13
             13 14
             14 33
             ;
set F[14] := 1 4
             4 3
             3 11
             11 19
             19 9
             9 15
             15 34
             ;
set F[15] := 1 4
             4 3
             3 11
             11 19
             19 18
             18 17
             17 16
             16 35
             ;
set F[16] := 1 4
             4 3
             3 11
             11 19
             19 18
             18 17
             17 36
             ;
set F[17] := 1 4
             4 3
             3 11
             11 19
             19 18
             18 37
             ;
set F[18] := 1 4
             4 3
             3 11
             11 19
             19 38
             ;
set F[19] := 2 1
             1 20
             ;
set F[20] := 2 1
             1 4
             4 3
             3 22
             ;
set F[21] := 2 1
             1 4
             4 23
             ;
set F[22] := 2 7
             7 8
             8 5
             5 24
             ;
set F[23] := 2 7
             7 8
             8 5
             5 6
             6 25
             ;
set F[24] := 2 7
             7 26
             ;
set F[25] := 2 7
             7 8
             8 27
             ;
set F[26] := 2 7
             7 8
             8 5
             5 6
             6 9
             9 28
             ;
set F[27] := 2 1
             1 4
             4 3
             3 11
             11 19
             19 10
             10 29
             ;
set F[28] := 2 1
             1 4
             4 3
             3 11
             11 30
             ;
set F[29] := 2 7
             7 8
             8 5
             5 6
             6 9
             9 15
             15 13
             13 12
             12 31
             ;
set F[30] := 2 7
             7 8
             8 5
             5 6
             6 9
             9 15
             15 13
             13 32
             ;
set F[31] := 2 7
             7 8
             8 5
             5 6
             6 9
             9 15
             15 13
             13 14
             14 33
             ;
set F[32] := 2 7
             7 8
             8 5
             5 6
             6 9
             9 15
             15 34
             ;
set F[33] := 2 1
             1 4
             4 3
             3 11
             11 19
             19 18
             18 17
             17 16
             16 35
             ;
set F[34] := 2 1
             1 4
             4 3
             3 11
             11 19
             19 18
             18 17
             17 36
             ;
set F[35] := 2 1
             1 4
             4 3
             3 11
             11 19
             19 18
             18 37
             ;
set F[36] := 2 1
             1 4
             4 3
             3 11
             11 19
             19 38
             ;
set F[37] := 3 4
             4 1
             1 20
             ;
set F[38] := 3 4
             4 1
             1 2
             2 21
             ;
set F[39] := 3 4
             4 23
             ;
set F[40] := 3 11
             11 19
             19 9
             9 6
             6 5
             5 24
             ;
set F[41] := 3 11
             11 19
             19 9
             9 6
             6 25
             ;
set F[42] := 3 4
             4 1
             1 2
             2 7
             7 26
             ;
set F[43] := 3 4
             4 1
             1 2
             2 7
             7 8
             8 27
             ;
set F[44] := 3 11
             11 19
             19 9
             9 28
             ;
set F[45] := 3 11
             11 19
             19 10
             10 29
             ;
set F[46] := 3 11
             11 30
             ;
set F[47] := 3 11
             11 19
             19 9
             9 15
             15 13
             13 12
             12 31
             ;
set F[48] := 3 11
             11 19
             19 9
             9 15
             15 13
             13 32
             ;
set F[49] := 3 11
             11 19
             19 9
             9 15
             15 13
             13 14
             14 33
             ;
set F[50] := 3 11
             11 19
             19 9
             9 15
             15 34
             ;
set F[51] := 3 11
             11 19
             19 18
             18 17
             17 16
             16 35
             ;
set F[52] := 3 11
             11 19
             19 18
             18 17
             17 36
             ;
set F[53] := 3 11
             11 19
             19 18
             18 37
             ;
set F[54] := 3 11
             11 19
             19 38
             ;
set F[55] := 4 1
             1 20
             ;
set F[56] := 4 1
             1 2
             2 21
             ;
set F[57] := 4 3
             3 22
             ;
set F[58] := 4 1
             1 2
             2 7
             7 8
             8 5
             5 24
             ;
set F[59] := 4 3
             3 11
             11 19
             19 9
             9 6
             6 25
             ;
set F[60] := 4 1
             1 2
             2 7
             7 26
             ;
set F[61] := 4 1
             1 2
             2 7
             7 8
             8 27
             ;
set F[62] := 4 3
             3 11
             11 19
             19 9
             9 28
             ;
set F[63] := 4 3
             3 11
             11 19
             19 10
             10 29
             ;
set F[64] := 4 3
             3 11
             11 30
             ;
set F[65] := 4 3
             3 11
             11 19
             19 9
             9 15
             15 13
             13 12
             12 31
             ;
set F[66] := 4 3
             3 11
             11 19
             19 9
             9 15
             15 13
             13 32
             ;
set F[67] := 4 3
             3 11
             11 19
             19 9
             9 15
             15 13
             13 14
             14 33
             ;
set F[68] := 4 3
             3 11
             11 19
             19 9
             9 15
             15 34
             ;
set F[69] := 4 3
             3 11
             11 19
             19 18
             18 17
             17 16
             16 35
             ;
set F[70] := 4 3
             3 11
             11 19
             19 18
             18 17
             17 36
             ;
set F[71] := 4 3
             3 11
             11 19
             19 18
             18 37
             ;
set F[72] := 4 3
             3 11
             11 19
             19 38
             ;
set F[73] := 5 8
             8 7
             7 2
             2 1
             1 20
             ;
set F[74] := 5 8
             8 7
             7 2
             2 21
             ;
set F[75] := 5 6
             6 9
             9 19
             19 11
             11 3
             3 22
             ;
set F[76] := 5 8
             8 7
             7 2
             2 1
             1 4
             4 23
             ;
set F[77] := 5 6
             6 25
             ;
set F[78] := 5 8
             8 7
             7 26
             ;
set F[79] := 5 8
             8 27
             ;
set F[80] := 5 6
             6 9
             9 28
             ;
set F[81] := 5 6
             6 9
             9 19
             19 10
             10 29
             ;
set F[82] := 5 6
             6 9
             9 19
             19 11
             11 30
             ;
set F[83] := 5 6
             6 9
             9 15
             15 13
             13 12
             12 31
             ;
set F[84] := 5 6
             6 9
             9 15
             15 13
             13 32
             ;
set F[85] := 5 6
             6 9
             9 15
             15 13
             13 14
             14 33
             ;
set F[86] := 5 6
             6 9
             9 15
             15 34
             ;
set F[87] := 5 6
             6 9
             9 19
             19 18
             18 17
             17 16
             16 35
             ;
set F[88] := 5 6
             6 9
             9 19
             19 18
             18 17
             17 36
             ;
set F[89] := 5 6
             6 9
             9 19
             19 18
             18 37
             ;
set F[90] := 5 6
             6 9
             9 19
             19 38
             ;
set F[91] := 6 5
             5 8
             8 7
             7 2
             2 1
             1 20
             ;
set F[92] := 6 5
             5 8
             8 7
             7 2
             2 21
             ;
set F[93] := 6 9
             9 19
             19 11
             11 3
             3 22
             ;
set F[94] := 6 9
             9 19
             19 11
             11 3
             3 4
             4 23
             ;
set F[95] := 6 5
             5 24
             ;
set F[96] := 6 5
             5 8
             8 7
             7 26
             ;
set F[97] := 6 5
             5 8
             8 27
             ;
set F[98] := 6 9
             9 28
             ;
set F[99] := 6 9
             9 19
             19 10
             10 29
             ;
set F[100] := 6 9
              9 19
              19 11
              11 30
              ;
set F[101] := 6 9
              9 15
              15 13
              13 12
              12 31
              ;
set F[102] := 6 9
              9 15
              15 13
              13 32
              ;
set F[103] := 6 9
              9 15
              15 13
              13 14
              14 33
              ;
set F[104] := 6 9
              9 15
              15 34
              ;
set F[105] := 6 9
              9 19
              19 18
              18 17
              17 16
              16 35
              ;
set F[106] := 6 9
              9 19
              19 18
              18 17
              17 36
              ;
set F[107] := 6 9
              9 19
              19 18
              18 37
              ;
set F[108] := 6 9
              9 19
              19 38
              ;
set F[109] := 7 2
              2 1
              1 20
              ;
set F[110] := 7 2
              2 21
              ;
set F[111] := 7 2
              2 1
              1 4
              4 3
              3 22
              ;
set F[112] := 7 2
              2 1
              1 4
              4 23
              ;
set F[113] := 7 8
              8 5
              5 24
              ;
set F[114] := 7 8
              8 5
              5 6
              6 25
              ;
set F[115] := 7 8
              8 27
              ;
set F[116] := 7 8
              8 5
              5 6
              6 9
              9 28
              ;
set F[117] := 7 8
              8 5
              5 6
              6 9
              9 19
              19 10
              10 29
              ;
set F[118] := 7 2
              2 1
              1 4
              4 3
              3 11
              11 30
              ;
set F[119] := 7 8
              8 5
              5 6
              6 9
              9 15
              15 13
              13 12
              12 31
              ;
set F[120] := 7 8
              8 5
              5 6
              6 9
              9 15
              15 13
              13 32
              ;
set F[121] := 7 8
              8 5
              5 6
              6 9
              9 15
              15 13
              13 14
              14 33
              ;
set F[122] := 7 8
              8 5
              5 6
              6 9
              9 15
              15 34
              ;
set F[123] := 7 8
              8 5
              5 6
              6 9
              9 19
              19 18
              18 17
              17 16
              16 35
              ;
set F[124] := 7 8
              8 5
              5 6
              6 9
              9 19
              19 18
              18 17
              17 36
              ;
set F[125] := 7 8
              8 5
              5 6
              6 9
              9 19
              19 18
              18 37
              ;
set F[126] := 7 8
              8 5
              5 6
              6 9
              9 19
              19 38
              ;
set F[127] := 8 7
              7 2
              2 1
              1 20
              ;
set F[128] := 8 7
              7 2
              2 21
              ;
set F[129] := 8 7
              7 2
              2 1
              1 4
              4 3
              3 22
              ;
set F[130] := 8 7
              7 2
              2 1
              1 4
              4 23
              ;
set F[131] := 8 5
              5 24
              ;
set F[132] := 8 5
              5 6
              6 25
              ;
set F[133] := 8 7
              7 26
              ;
set F[134] := 8 5
              5 6
              6 9
              9 28
              ;
set F[135] := 8 5
              5 6
              6 9
              9 19
              19 10
              10 29
              ;
set F[136] := 8 5
              5 6
              6 9
              9 19
              19 11
              11 30
              ;
set F[137] := 8 5
              5 6
              6 9
              9 15
              15 13
              13 12
              12 31
              ;
set F[138] := 8 5
              5 6
              6 9
              9 15
              15 13
              13 32
              ;
set F[139] := 8 5
              5 6
              6 9
              9 15
              15 13
              13 14
              14 33
              ;
set F[140] := 8 5
              5 6
              6 9
              9 15
              15 34
              ;
set F[141] := 8 5
              5 6
              6 9
              9 19
              19 18
              18 17
              17 16
              16 35
              ;
set F[142] := 8 5
              5 6
              6 9
              9 19
              19 18
              18 17
              17 36
              ;
set F[143] := 8 5
              5 6
              6 9
              9 19
              19 18
              18 37
              ;
set F[144] := 8 5
              5 6
              6 9
              9 19
              19 38
              ;
set F[145] := 9 19
              19 11
              11 3
              3 4
              4 1
              1 20
              ;
set F[146] := 9 6
              6 5
              5 8
              8 7
              7 2
              2 21
              ;
set F[147] := 9 19
              19 11
              11 3
              3 22
              ;
set F[148] := 9 19
              19 11
              11 3
              3 4
              4 23
              ;
set F[149] := 9 6
              6 5
              5 24
              ;
set F[150] := 9 6
              6 25
              ;
set F[151] := 9 6
              6 5
              5 8
              8 7
              7 26
              ;
set F[152] := 9 6
              6 5
              5 8
              8 27
              ;
set F[153] := 9 19
              19 10
              10 29
              ;
set F[154] := 9 19
              19 11
              11 30
              ;
set F[155] := 9 15
              15 13
              13 12
              12 31
              ;
set F[156] := 9 15
              15 13
              13 32
              ;
set F[157] := 9 15
              15 13
              13 14
              14 33
              ;
set F[158] := 9 15
              15 34
              ;
set F[159] := 9 19
              19 18
              18 17
              17 16
              16 35
              ;
set F[160] := 9 19
              19 18
              18 17
              17 36
              ;
set F[161] := 9 19
              19 18
              18 37
              ;
set F[162] := 9 19
              19 38
              ;
set F[163] := 10 19
              19 11
              11 3
              3 4
              4 1
              1 20
              ;
set F[164] := 10 19
              19 11
              11 3
              3 4
              4 1
              1 2
              2 21
              ;
set F[165] := 10 19
              19 11
              11 3
              3 22
              ;
set F[166] := 10 19
              19 11
              11 3
              3 4
              4 23
              ;
set F[167] := 10 19
              19 9
              9 6
              6 5
              5 24
              ;
set F[168] := 10 19
              19 9
              9 6
              6 25
              ;
set F[169] := 10 19
              19 9
              9 6
              6 5
              5 8
              8 7
              7 26
              ;
set F[170] := 10 19
              19 9
              9 6
              6 5
              5 8
              8 27
              ;
set F[171] := 10 19
              19 9
              9 28
              ;
set F[172] := 10 19
              19 11
              11 30
              ;
set F[173] := 10 19
              19 9
              9 15
              15 13
              13 12
              12 31
              ;
set F[174] := 10 19
              19 9
              9 15
              15 13
              13 32
              ;
set F[175] := 10 19
              19 9
              9 15
              15 13
              13 14
              14 33
              ;
set F[176] := 10 19
              19 9
              9 15
              15 34
              ;
set F[177] := 10 19
              19 18
              18 17
              17 16
              16 35
              ;
set F[178] := 10 19
              19 18
              18 17
              17 36
              ;
set F[179] := 10 19
              19 18
              18 37
              ;
set F[180] := 10 19
              19 38
              ;
set F[181] := 11 3
              3 4
              4 1
              1 20
              ;
set F[182] := 11 3
              3 4
              4 1
              1 2
              2 21
              ;
set F[183] := 11 3
              3 22
              ;
set F[184] := 11 3
              3 4
              4 23
              ;
set F[185] := 11 19
              19 9
              9 6
              6 5
              5 24
              ;
set F[186] := 11 19
              19 9
              9 6
              6 25
              ;
set F[187] := 11 3
              3 4
              4 1
              1 2
              2 7
              7 26
              ;
set F[188] := 11 19
              19 9
              9 6
              6 5
              5 8
              8 27
              ;
set F[189] := 11 19
              19 9
              9 28
              ;
set F[190] := 11 19
              19 10
              10 29
              ;
set F[191] := 11 19
              19 9
              9 15
              15 13
              13 12
              12 31
              ;
set F[192] := 11 19
              19 9
              9 15
              15 13
              13 32
              ;
set F[193] := 11 19
              19 9
              9 15
              15 13
              13 14
              14 33
              ;
set F[194] := 11 19
              19 9
              9 15
              15 34
              ;
set F[195] := 11 19
              19 18
              18 17
              17 16
              16 35
              ;
set F[196] := 11 19
              19 18
              18 17
              17 36
              ;
set F[197] := 11 19
              19 18
              18 37
              ;
set F[198] := 11 19
              19 38
              ;
set F[199] := 12 13
              13 15
              15 9
              9 19
              19 11
              11 3
              3 4
              4 1
              1 20
              ;
set F[200] := 12 13
              13 15
              15 9
              9 6
              6 5
              5 8
              8 7
              7 2
              2 21
              ;
set F[201] := 12 13
              13 15
              15 9
              9 19
              19 11
              11 3
              3 22
              ;
set F[202] := 12 13
              13 15
              15 9
              9 19
              19 11
              11 3
              3 4
              4 23
              ;
set F[203] := 12 13
              13 15
              15 9
              9 6
              6 5
              5 24
              ;
set F[204] := 12 13
              13 15
              15 9
              9 6
              6 25
              ;
set F[205] := 12 13
              13 15
              15 9
              9 6
              6 5
              5 8
              8 7
              7 26
              ;
set F[206] := 12 13
              13 15
              15 9
              9 6
              6 5
              5 8
              8 27
              ;
set F[207] := 12 13
              13 15
              15 9
              9 28
              ;
set F[208] := 12 13
              13 15
              15 9
              9 19
              19 10
              10 29
              ;
set F[209] := 12 13
              13 15
              15 9
              9 19
              19 11
              11 30
              ;
set F[210] := 12 13
              13 32
              ;
set F[211] := 12 13
              13 14
              14 33
              ;
set F[212] := 12 13
              13 15
              15 34
              ;
set F[213] := 12 16
              16 35
              ;
set F[214] := 12 16
              16 17
              17 36
              ;
set F[215] := 12 16
              16 17
              17 18
              18 37
              ;
set F[216] := 12 13
              13 15
              15 9
              9 19
              19 38
              ;
set F[217] := 13 15
              15 9
              9 19
              19 11
              11 3
              3 4
              4 1
              1 20
              ;
set F[218] := 13 15
              15 9
              9 6
              6 5
              5 8
              8 7
              7 2
              2 21
              ;
set F[219] := 13 15
              15 9
              9 19
              19 11
              11 3
              3 22
              ;
set F[220] := 13 15
              15 9
              9 19
              19 11
              11 3
              3 4
              4 23
              ;
set F[221] := 13 15
              15 9
              9 6
              6 5
              5 24
              ;
set F[222] := 13 15
              15 9
              9 6
              6 25
              ;
set F[223] := 13 15
              15 9
              9 6
              6 5
              5 8
              8 7
              7 26
              ;
set F[224] := 13 15
              15 9
              9 6
              6 5
              5 8
              8 27
              ;
set F[225] := 13 15
              15 9
              9 28
              ;
set F[226] := 13 15
              15 9
              9 19
              19 10
              10 29
              ;
set F[227] := 13 15
              15 9
              9 19
              19 11
              11 30
              ;
set F[228] := 13 12
              12 31
              ;
set F[229] := 13 14
              14 33
              ;
set F[230] := 13 15
              15 34
              ;
set F[231] := 13 12
              12 16
              16 35
              ;
set F[232] := 13 12
              12 16
              16 17
              17 36
              ;
set F[233] := 13 12
              12 16
              16 17
              17 18
              18 37
              ;
set F[234] := 13 15
              15 9
              9 19
              19 38
              ;
set F[235] := 14 13
              13 15
              15 9
              9 19
              19 11
              11 3
              3 4
              4 1
              1 20
              ;
set F[236] := 14 13
              13 15
              15 9
              9 6
              6 5
              5 8
              8 7
              7 2
              2 21
              ;
set F[237] := 14 13
              13 15
              15 9
              9 19
              19 11
              11 3
              3 22
              ;
set F[238] := 14 13
              13 15
              15 9
              9 19
              19 11
              11 3
              3 4
              4 23
              ;
set F[239] := 14 13
              13 15
              15 9
              9 6
              6 5
              5 24
              ;
set F[240] := 14 13
              13 15
              15 9
              9 6
              6 25
              ;
set F[241] := 14 13
              13 15
              15 9
              9 6
              6 5
              5 8
              8 7
              7 26
              ;
set F[242] := 14 13
              13 15
              15 9
              9 6
              6 5
              5 8
              8 27
              ;
set F[243] := 14 13
              13 15
              15 9
              9 28
              ;
set F[244] := 14 13
              13 15
              15 9
              9 19
              19 10
              10 29
              ;
set F[245] := 14 13
              13 15
              15 9
              9 19
              19 11
              11 30
              ;
set F[246] := 14 13
              13 12
              12 31
              ;
set F[247] := 14 13
              13 32
              ;
set F[248] := 14 13
              13 15
              15 34
              ;
set F[249] := 14 13
              13 12
              12 16
              16 35
              ;
set F[250] := 14 13
              13 12
              12 16
              16 17
              17 36
              ;
set F[251] := 14 13
              13 12
              12 16
              16 17
              17 18
              18 37
              ;
set F[252] := 14 13
              13 15
              15 9
              9 19
              19 38
              ;
set F[253] := 15 9
              9 19
              19 11
              11 3
              3 4
              4 1
              1 20
              ;
set F[254] := 15 9
              9 6
              6 5
              5 8
              8 7
              7 2
              2 21
              ;
set F[255] := 15 9
              9 19
              19 11
              11 3
              3 22
              ;
set F[256] := 15 9
              9 19
              19 11
              11 3
              3 4
              4 23
              ;
set F[257] := 15 9
              9 6
              6 5
              5 24
              ;
set F[258] := 15 9
              9 6
              6 25
              ;
set F[259] := 15 9
              9 6
              6 5
              5 8
              8 7
              7 26
              ;
set F[260] := 15 9
              9 6
              6 5
              5 8
              8 27
              ;
set F[261] := 15 9
              9 28
              ;
set F[262] := 15 9
              9 19
              19 10
              10 29
              ;
set F[263] := 15 9
              9 19
              19 11
              11 30
              ;
set F[264] := 15 13
              13 12
              12 31
              ;
set F[265] := 15 13
              13 32
              ;
set F[266] := 15 13
              13 14
              14 33
              ;
set F[267] := 15 13
              13 12
              12 16
              16 35
              ;
set F[268] := 15 9
              9 19
              19 18
              18 17
              17 36
              ;
set F[269] := 15 9
              9 19
              19 18
              18 37
              ;
set F[270] := 15 9
              9 19
              19 38
              ;
set F[271] := 16 17
              17 18
              18 19
              19 11
              11 3
              3 4
              4 1
              1 20
              ;
set F[272] := 16 17
              17 18
              18 19
              19 11
              11 3
              3 4
              4 1
              1 2
              2 21
              ;
set F[273] := 16 17
              17 18
              18 19
              19 11
              11 3
              3 22
              ;
set F[274] := 16 17
              17 18
              18 19
              19 11
              11 3
              3 4
              4 23
              ;
set F[275] := 16 12
              12 13
              13 15
              15 9
              9 6
              6 5
              5 24
              ;
set F[276] := 16 12
              12 13
              13 15
              15 9
              9 6
              6 25
              ;
set F[277] := 16 12
              12 13
              13 15
              15 9
              9 6
              6 5
              5 8
              8 7
              7 26
              ;
set F[278] := 16 12
              12 13
              13 15
              15 9
              9 6
              6 5
              5 8
              8 27
              ;
set F[279] := 16 12
              12 13
              13 15
              15 9
              9 28
              ;
set F[280] := 16 17
              17 18
              18 19
              19 10
              10 29
              ;
set F[281] := 16 17
              17 18
              18 19
              19 11
              11 30
              ;
set F[282] := 16 12
              12 31
              ;
set F[283] := 16 12
              12 13
              13 32
              ;
set F[284] := 16 12
              12 13
              13 14
              14 33
              ;
set F[285] := 16 12
              12 13
              13 15
              15 34
              ;
set F[286] := 16 17
              17 36
              ;
set F[287] := 16 17
              17 18
              18 37
              ;
set F[288] := 16 17
              17 18
              18 19
              19 38
              ;
set F[289] := 17 18
              18 19
              19 11
              11 3
              3 4
              4 1
              1 20
              ;
set F[290] := 17 18
              18 19
              19 11
              11 3
              3 4
              4 1
              1 2
              2 21
              ;
set F[291] := 17 18
              18 19
              19 11
              11 3
              3 22
              ;
set F[292] := 17 18
              18 19
              19 11
              11 3
              3 4
              4 23
              ;
set F[293] := 17 18
              18 19
              19 9
              9 6
              6 5
              5 24
              ;
set F[294] := 17 18
              18 19
              19 9
              9 6
              6 25
              ;
set F[295] := 17 18
              18 19
              19 9
              9 6
              6 5
              5 8
              8 7
              7 26
              ;
set F[296] := 17 18
              18 19
              19 9
              9 6
              6 5
              5 8
              8 27
              ;
set F[297] := 17 18
              18 19
              19 9
              9 28
              ;
set F[298] := 17 18
              18 19
              19 10
              10 29
              ;
set F[299] := 17 18
              18 19
              19 11
              11 30
              ;
set F[300] := 17 16
              16 12
              12 31
              ;
set F[301] := 17 16
              16 12
              12 13
              13 32
              ;
set F[302] := 17 16
              16 12
              12 13
              13 14
              14 33
              ;
set F[303] := 17 16
              16 12
              12 13
              13 15
              15 34
              ;
set F[304] := 17 16
              16 35
              ;
set F[305] := 17 18
              18 37
              ;
set F[306] := 17 18
              18 19
              19 38
              ;
set F[307] := 18 19
              19 11
              11 3
              3 4
              4 1
              1 20
              ;
set F[308] := 18 19
              19 11
              11 3
              3 4
              4 1
              1 2
              2 21
              ;
set F[309] := 18 19
              19 11
              11 3
              3 22
              ;
set F[310] := 18 19
              19 11
              11 3
              3 4
              4 23
              ;
set F[311] := 18 19
              19 9
              9 6
              6 5
              5 24
              ;
set F[312] := 18 19
              19 9
              9 6
              6 25
              ;
set F[313] := 18 19
              19 9
              9 6
              6 5
              5 8
              8 7
              7 26
              ;
set F[314] := 18 19
              19 9
              9 6
              6 5
              5 8
              8 27
              ;
set F[315] := 18 19
              19 9
              9 28
              ;
set F[316] := 18 19
              19 10
              10 29
              ;
set F[317] := 18 19
              19 11
              11 30
              ;
set F[318] := 18 17
              17 16
              16 12
              12 31
              ;
set F[319] := 18 17
              17 16
              16 12
              12 13
              13 32
              ;
set F[320] := 18 17
              17 16
              16 12
              12 13
              13 14
              14 33
              ;
set F[321] := 18 19
              19 9
              9 15
              15 34
              ;
set F[322] := 18 17
              17 16
              16 35
              ;
set F[323] := 18 17
              17 36
              ;
set F[324] := 18 19
              19 38
              ;
set F[325] := 19 11
              11 3
              3 4
              4 1
              1 20
              ;
set F[326] := 19 11
              11 3
              3 4
              4 1
              1 2
              2 21
              ;
set F[327] := 19 11
              11 3
              3 22
              ;
set F[328] := 19 11
              11 3
              3 4
              4 23
              ;
set F[329] := 19 9
              9 6
              6 5
              5 24
              ;
set F[330] := 19 9
              9 6
              6 25
              ;
set F[331] := 19 9
              9 6
              6 5
              5 8
              8 7
              7 26
              ;
set F[332] := 19 9
              9 6
              6 5
              5 8
              8 27
              ;
set F[333] := 19 9
              9 28
              ;
set F[334] := 19 10
              10 29
              ;
set F[335] := 19 11
              11 30
              ;
set F[336] := 19 9
              9 15
              15 13
              13 12
              12 31
              ;
set F[337] := 19 9
              9 15
              15 13
              13 32
              ;
set F[338] := 19 9
              9 15
              15 13
              13 14
              14 33
              ;
set F[339] := 19 9
              9 15
              15 34
              ;
set F[340] := 19 18
              18 17
              17 16
              16 35
              ;
set F[341] := 19 18
              18 17
              17 36
              ;
set F[342] := 19 18
              18 37
              ;
set Last[1] := 2 21;
set Last[2] := 3 22;
set Last[3] := 4 23;
set Last[4] := 5 24;
set Last[5] := 6 25;
set Last[6] := 7 26;
set Last[7] := 8 27;
set Last[8] := 9 28;
set Last[9] := 10 29;
set Last[10] := 11 30;
set Last[11] := 12 31;
set Last[12] := 13 32;
set Last[13] := 14 33;
set Last[14] := 15 34;
set Last[15] := 16 35;
set Last[16] := 17 36;
set Last[17] := 18 37;
set Last[18] := 19 38;
set Last[19] := 1 20;
set Last[20] := 3 22;
set Last[21] := 4 23;
set Last[22] := 5 24;
set Last[23] := 6 25;
set Last[24] := 7 26;
set Last[25] := 8 27;
set Last[26] := 9 28;
set Last[27] := 10 29;
set Last[28] := 11 30;
set Last[29] := 12 31;
set Last[30] := 13 32;
set Last[31] := 14 33;
set Last[32] := 15 34;
set Last[33] := 16 35;
set Last[34] := 17 36;
set Last[35] := 18 37;
set Last[36] := 19 38;
set Last[37] := 1 20;
set Last[38] := 2 21;
set Last[39] := 4 23;
set Last[40] := 5 24;
set Last[41] := 6 25;
set Last[42] := 7 26;
set Last[43] := 8 27;
set Last[44] := 9 28;
set Last[45] := 10 29;
set Last[46] := 11 30;
set Last[47] := 12 31;
set Last[48] := 13 32;
set Last[49] := 14 33;
set Last[50] := 15 34;
set Last[51] := 16 35;
set Last[52] := 17 36;
set Last[53] := 18 37;
set Last[54] := 19 38;
set Last[55] := 1 20;
set Last[56] := 2 21;
set Last[57] := 3 22;
set Last[58] := 5 24;
set Last[59] := 6 25;
set Last[60] := 7 26;
set Last[61] := 8 27;
set Last[62] := 9 28;
set Last[63] := 10 29;
set Last[64] := 11 30;
set Last[65] := 12 31;
set Last[66] := 13 32;
set Last[67] := 14 33;
set Last[68] := 15 34;
set Last[69] := 16 35;
set Last[70] := 17 36;
set Last[71] := 18 37;
set Last[72] := 19 38;
set Last[73] := 1 20;
set Last[74] := 2 21;
set Last[75] := 3 22;
set Last[76] := 4 23;
set Last[77] := 6 25;
set Last[78] := 7 26;
set Last[79] := 8 27;
set Last[80] := 9 28;
set Last[81] := 10 29;
set Last[82] := 11 30;
set Last[83] := 12 31;
set Last[84] := 13 32;
set Last[85] := 14 33;
set Last[86] := 15 34;
set Last[87] := 16 35;
set Last[88] := 17 36;
set Last[89] := 18 37;
set Last[90] := 19 38;
set Last[91] := 1 20;
set Last[92] := 2 21;
set Last[93] := 3 22;
set Last[94] := 4 23;
set Last[95] := 5 24;
set Last[96] := 7 26;
set Last[97] := 8 27;
set Last[98] := 9 28;
set Last[99] := 10 29;
set Last[100] := 11 30;
set Last[101] := 12 31;
set Last[102] := 13 32;
set Last[103] := 14 33;
set Last[104] := 15 34;
set Last[105] := 16 35;
set Last[106] := 17 36;
set Last[107] := 18 37;
set Last[108] := 19 38;
set Last[109] := 1 20;
set Last[110] := 2 21;
set Last[111] := 3 22;
set Last[112] := 4 23;
set Last[113] := 5 24;
set Last[114] := 6 25;
set Last[115] := 8 27;
set Last[116] := 9 28;
set Last[117] := 10 29;
set Last[118] := 11 30;
set Last[119] := 12 31;
set Last[120] := 13 32;
set Last[121] := 14 33;
set Last[122] := 15 34;
set Last[123] := 16 35;
set Last[124] := 17 36;
set Last[125] := 18 37;
set Last[126] := 19 38;
set Last[127] := 1 20;
set Last[128] := 2 21;
set Last[129] := 3 22;
set Last[130] := 4 23;
set Last[131] := 5 24;
set Last[132] := 6 25;
set Last[133] := 7 26;
set Last[134] := 9 28;
set Last[135] := 10 29;
set Last[136] := 11 30;
set Last[137] := 12 31;
set Last[138] := 13 32;
set Last[139] := 14 33;
set Last[140] := 15 34;
set Last[141] := 16 35;
set Last[142] := 17 36;
set Last[143] := 18 37;
set Last[144] := 19 38;
set Last[145] := 1 20;
set Last[146] := 2 21;
set Last[147] := 3 22;
set Last[148] := 4 23;
set Last[149] := 5 24;
set Last[150] := 6 25;
set Last[151] := 7 26;
set Last[152] := 8 27;
set Last[153] := 10 29;
set Last[154] := 11 30;
set Last[155] := 12 31;
set Last[156] := 13 32;
set Last[157] := 14 33;
set Last[158] := 15 34;
set Last[159] := 16 35;
set Last[160] := 17 36;
set Last[161] := 18 37;
set Last[162] := 19 38;
set Last[163] := 1 20;
set Last[164] := 2 21;
set Last[165] := 3 22;
set Last[166] := 4 23;
set Last[167] := 5 24;
set Last[168] := 6 25;
set Last[169] := 7 26;
set Last[170] := 8 27;
set Last[171] := 9 28;
set Last[172] := 11 30;
set Last[173] := 12 31;
set Last[174] := 13 32;
set Last[175] := 14 33;
set Last[176] := 15 34;
set Last[177] := 16 35;
set Last[178] := 17 36;
set Last[179] := 18 37;
set Last[180] := 19 38;
set Last[181] := 1 20;
set Last[182] := 2 21;
set Last[183] := 3 22;
set Last[184] := 4 23;
set Last[185] := 5 24;
set Last[186] := 6 25;
set Last[187] := 7 26;
set Last[188] := 8 27;
set Last[189] := 9 28;
set Last[190] := 10 29;
set Last[191] := 12 31;
set Last[192] := 13 32;
set Last[193] := 14 33;
set Last[194] := 15 34;
set Last[195] := 16 35;
set Last[196] := 17 36;
set Last[197] := 18 37;
set Last[198] := 19 38;
set Last[199] := 1 20;
set Last[200] := 2 21;
set Last[201] := 3 22;
set Last[202] := 4 23;
set Last[203] := 5 24;
set Last[204] := 6 25;
set Last[205] := 7 26;
set Last[206] := 8 27;
set Last[207] := 9 28;
set Last[208] := 10 29;
set Last[209] := 11 30;
set Last[210] := 13 32;
set Last[211] := 14 33;
set Last[212] := 15 34;
set Last[213] := 16 35;
set Last[214] := 17 36;
set Last[215] := 18 37;
set Last[216] := 19 38;
set Last[217] := 1 20;
set Last[218] := 2 21;
set Last[219] := 3 22;
set Last[220] := 4 23;
set Last[221] := 5 24;
set Last[222] := 6 25;
set Last[223] := 7 26;
set Last[224] := 8 27;
set Last[225] := 9 28;
set Last[226] := 10 29;
set Last[227] := 11 30;
set Last[228] := 12 31;
set Last[229] := 14 33;
set Last[230] := 15 34;
set Last[231] := 16 35;
set Last[232] := 17 36;
set Last[233] := 18 37;
set Last[234] := 19 38;
set Last[235] := 1 20;
set Last[236] := 2 21;
set Last[237] := 3 22;
set Last[238] := 4 23;
set Last[239] := 5 24;
set Last[240] := 6 25;
set Last[241] := 7 26;
set Last[242] := 8 27;
set Last[243] := 9 28;
set Last[244] := 10 29;
set Last[245] := 11 30;
set Last[246] := 12 31;
set Last[247] := 13 32;
set Last[248] := 15 34;
set Last[249] := 16 35;
set Last[250] := 17 36;
set Last[251] := 18 37;
set Last[252] := 19 38;
set Last[253] := 1 20;
set Last[254] := 2 21;
set Last[255] := 3 22;
set Last[256] := 4 23;
set Last[257] := 5 24;
set Last[258] := 6 25;
set Last[259] := 7 26;
set Last[260] := 8 27;
set Last[261] := 9 28;
set Last[262] := 10 29;
set Last[263] := 11 30;
set Last[264] := 12 31;
set Last[265] := 13 32;
set Last[266] := 14 33;
set Last[267] := 16 35;
set Last[268] := 17 36;
set Last[269] := 18 37;
set Last[270] := 19 38;
set Last[271] := 1 20;
set Last[272] := 2 21;
set Last[273] := 3 22;
set Last[274] := 4 23;
set Last[275] := 5 24;
set Last[276] := 6 25;
set Last[277] := 7 26;
set Last[278] := 8 27;
set Last[279] := 9 28;
set Last[280] := 10 29;
set Last[281] := 11 30;
set Last[282] := 12 31;
set Last[283] := 13 32;
set Last[284] := 14 33;
set Last[285] := 15 34;
set Last[286] := 17 36;
set Last[287] := 18 37;
set Last[288] := 19 38;
set Last[289] := 1 20;
set Last[290] := 2 21;
set Last[291] := 3 22;
set Last[292] := 4 23;
set Last[293] := 5 24;
set Last[294] := 6 25;
set Last[295] := 7 26;
set Last[296] := 8 27;
set Last[297] := 9 28;
set Last[298] := 10 29;
set Last[299] := 11 30;
set Last[300] := 12 31;
set Last[301] := 13 32;
set Last[302] := 14 33;
set Last[303] := 15 34;
set Last[304] := 16 35;
set Last[305] := 18 37;
set Last[306] := 19 38;
set Last[307] := 1 20;
set Last[308] := 2 21;
set Last[309] := 3 22;
set Last[310] := 4 23;
set Last[311] := 5 24;
set Last[312] := 6 25;
set Last[313] := 7 26;
set Last[314] := 8 27;
set Last[315] := 9 28;
set Last[316] := 10 29;
set Last[317] := 11 30;
set Last[318] := 12 31;
set Last[319] := 13 32;
set Last[320] := 14 33;
set Last[321] := 15 34;
set Last[322] := 16 35;
set Last[323] := 17 36;
set Last[324] := 19 38;
set Last[325] := 1 20;
set Last[326] := 2 21;
set Last[327] := 3 22;
set Last[328] := 4 23;
set Last[329] := 5 24;
set Last[330] := 6 25;
set Last[331] := 7 26;
set Last[332] := 8 27;
set Last[333] := 9 28;
set Last[334] := 10 29;
set Last[335] := 11 30;
set Last[336] := 12 31;
set Last[337] := 13 32;
set Last[338] := 14 33;
set Last[339] := 15 34;
set Last[340] := 16 35;
set Last[341] := 17 36;
set Last[342] := 18 37;

param q := 5;

end;
