data;

set V := 1 2 3 4 5 6 7 8 9 10 11 12 13 14 15 16 17 18 19 20 22 23 24 25 27 28 29 30 31 32 33 34 35 36;

set A := 1 2
         1 5
         1 19
         2 1
         2 17
         2 20
         3 4
         3 6
         4 3
         4 18
         4 22
         5 1
         5 8
         5 23
         6 3
         6 24
         7 8
         7 25
         8 5
         8 7
         9 10
         9 27
         10 28
         11 12
         11 14
         11 29
         12 9
         12 11
         12 30
         13 14
         13 16
         13 31
         14 11
         14 13
         14 32
         15 16
         15 18
         15 33
         16 13
         16 15
         16 34
         17 2
         17 18
         17 35
         18 4
         18 15
         18 17
         18 36
         ;

set S := 1 2 3 4 5 6 7 8 9 10 11 12 13 14 15 16 17 18 19 20 21 22 23 24 25 26 27 28 29 30 31 32 33 34 35 36 37 38 39 40 41 42 43 44 45 46 47 48 49 50 51 52 53 54 55 56 57 58 59 60 61 62 63 64 65 66 67 68 69 70 71 72 73 74 75 76 77 78 79 80 81 82 83 84 85 86 87 88 89 90 91 92 93 94 95 96 97 98 99 100 101 102 103 104 105 106 107 108 109 110 111 112 113 114 115 116 117 118 119 120 121 122 123 124 125 126 127 128 129 130 131 132 133 134 135 136 137 138 139 140 141 142 143 144 145 146 147 148 149 150 151 152 153 154 155 156 157 158 159 160 161 162 163 164 165 166 167 168 169 170 171 172 173 174 175 176 177 178 179 180 181 182 183 184;

set F[1] := 1 2
            2 20
            ;
set F[2] := 1 2
            2 17
            17 18
            18 4
            4 22
            ;
set F[3] := 1 5
            5 23
            ;
set F[4] := 1 2
            2 17
            17 18
            18 4
            4 3
            3 6
            6 24
            ;
set F[5] := 1 2
            2 17
            17 18
            18 15
            15 16
            16 13
            13 14
            14 11
            11 12
            12 9
            9 27
            ;
set F[6] := 1 2
            2 17
            17 18
            18 15
            15 16
            16 13
            13 14
            14 11
            11 12
            12 9
            9 10
            10 28
            ;
set F[7] := 1 2
            2 17
            17 18
            18 15
            15 16
            16 13
            13 14
            14 11
            11 29
            ;
set F[8] := 1 2
            2 17
            17 18
            18 15
            15 16
            16 13
            13 14
            14 11
            11 12
            12 30
            ;
set F[9] := 1 2
            2 17
            17 18
            18 15
            15 16
            16 13
            13 31
            ;
set F[10] := 1 2
             2 17
             17 18
             18 15
             15 16
             16 13
             13 14
             14 32
             ;
set F[11] := 1 2
             2 17
             17 18
             18 15
             15 33
             ;
set F[12] := 1 2
             2 17
             17 18
             18 15
             15 16
             16 34
             ;
set F[13] := 1 2
             2 17
             17 35
             ;
set F[14] := 1 2
             2 17
             17 18
             18 36
             ;
set F[15] := 2 1
             1 19
             ;
set F[16] := 2 17
             17 18
             18 4
             4 22
             ;
set F[17] := 2 1
             1 5
             5 23
             ;
set F[18] := 2 17
             17 18
             18 4
             4 3
             3 6
             6 24
             ;
set F[19] := 2 17
             17 18
             18 15
             15 16
             16 13
             13 14
             14 11
             11 12
             12 9
             9 27
             ;
set F[20] := 2 17
             17 18
             18 15
             15 16
             16 13
             13 14
             14 11
             11 12
             12 9
             9 10
             10 28
             ;
set F[21] := 2 17
             17 18
             18 15
             15 16
             16 13
             13 14
             14 11
             11 29
             ;
set F[22] := 2 17
             17 18
             18 15
             15 16
             16 13
             13 14
             14 11
             11 12
             12 30
             ;
set F[23] := 2 17
             17 18
             18 15
             15 16
             16 13
             13 31
             ;
set F[24] := 2 17
             17 18
             18 15
             15 16
             16 13
             13 14
             14 32
             ;
set F[25] := 2 17
             17 18
             18 15
             15 16
             16 34
             ;
set F[26] := 2 17
             17 18
             18 36
             ;
set F[27] := 3 4
             4 18
             18 17
             17 2
             2 1
             1 19
             ;
set F[28] := 3 4
             4 18
             18 17
             17 2
             2 20
             ;
set F[29] := 3 4
             4 22
             ;
set F[30] := 3 4
             4 18
             18 17
             17 2
             2 1
             1 5
             5 23
             ;
set F[31] := 3 6
             6 24
             ;
set F[32] := 3 4
             4 18
             18 17
             17 2
             2 1
             1 5
             5 8
             8 7
             7 25
             ;
set F[33] := 3 4
             4 18
             18 15
             15 16
             16 13
             13 14
             14 11
             11 12
             12 9
             9 27
             ;
set F[34] := 3 4
             4 18
             18 15
             15 16
             16 13
             13 14
             14 11
             11 12
             12 9
             9 10
             10 28
             ;
set F[35] := 3 4
             4 18
             18 15
             15 16
             16 13
             13 14
             14 11
             11 29
             ;
set F[36] := 3 4
             4 18
             18 15
             15 16
             16 13
             13 14
             14 11
             11 12
             12 30
             ;
set F[37] := 3 4
             4 18
             18 15
             15 16
             16 13
             13 31
             ;
set F[38] := 3 4
             4 18
             18 15
             15 16
             16 13
             13 14
             14 32
             ;
set F[39] := 3 4
             4 18
             18 15
             15 33
             ;
set F[40] := 3 4
             4 18
             18 15
             15 16
             16 34
             ;
set F[41] := 3 4
             4 18
             18 17
             17 35
             ;
set F[42] := 3 4
             4 18
             18 36
             ;
set F[43] := 4 18
             18 17
             17 2
             2 1
             1 19
             ;
set F[44] := 4 18
             18 17
             17 2
             2 20
             ;
set F[45] := 4 18
             18 17
             17 2
             2 1
             1 5
             5 23
             ;
set F[46] := 4 3
             3 6
             6 24
             ;
set F[47] := 4 18
             18 15
             15 16
             16 13
             13 14
             14 11
             11 12
             12 9
             9 27
             ;
set F[48] := 4 18
             18 15
             15 16
             16 13
             13 14
             14 11
             11 12
             12 9
             9 10
             10 28
             ;
set F[49] := 4 18
             18 15
             15 16
             16 13
             13 14
             14 11
             11 29
             ;
set F[50] := 4 18
             18 15
             15 16
             16 13
             13 14
             14 11
             11 12
             12 30
             ;
set F[51] := 4 18
             18 15
             15 16
             16 13
             13 31
             ;
set F[52] := 4 18
             18 15
             15 16
             16 13
             13 14
             14 32
             ;
set F[53] := 4 18
             18 15
             15 33
             ;
set F[54] := 4 18
             18 15
             15 16
             16 34
             ;
set F[55] := 4 18
             18 17
             17 35
             ;
set F[56] := 4 18
             18 36
             ;
set F[57] := 5 1
             1 19
             ;
set F[58] := 5 1
             1 2
             2 20
             ;
set F[59] := 5 1
             1 2
             2 17
             17 18
             18 4
             4 22
             ;
set F[60] := 5 1
             1 2
             2 17
             17 18
             18 4
             4 3
             3 6
             6 24
             ;
set F[61] := 5 1
             1 2
             2 17
             17 18
             18 15
             15 16
             16 13
             13 14
             14 11
             11 12
             12 9
             9 27
             ;
set F[62] := 5 1
             1 2
             2 17
             17 18
             18 15
             15 16
             16 13
             13 14
             14 11
             11 12
             12 9
             9 10
             10 28
             ;
set F[63] := 5 1
             1 2
             2 17
             17 18
             18 15
             15 16
             16 13
             13 14
             14 11
             11 29
             ;
set F[64] := 5 1
             1 2
             2 17
             17 18
             18 15
             15 16
             16 13
             13 14
             14 11
             11 12
             12 30
             ;
set F[65] := 5 1
             1 2
             2 17
             17 18
             18 15
             15 16
             16 13
             13 31
             ;
set F[66] := 5 1
             1 2
             2 17
             17 18
             18 15
             15 16
             16 13
             13 14
             14 32
             ;
set F[67] := 5 1
             1 2
             2 17
             17 18
             18 15
             15 16
             16 34
             ;
set F[68] := 5 1
             1 2
             2 17
             17 18
             18 36
             ;
set F[69] := 6 3
             3 4
             4 18
             18 17
             17 2
             2 1
             1 19
             ;
set F[70] := 6 3
             3 4
             4 18
             18 17
             17 2
             2 20
             ;
set F[71] := 6 3
             3 4
             4 22
             ;
set F[72] := 6 3
             3 4
             4 18
             18 17
             17 2
             2 1
             1 5
             5 23
             ;
set F[73] := 6 3
             3 4
             4 18
             18 15
             15 16
             16 13
             13 14
             14 11
             11 12
             12 9
             9 27
             ;
set F[74] := 6 3
             3 4
             4 18
             18 15
             15 16
             16 13
             13 14
             14 11
             11 12
             12 9
             9 10
             10 28
             ;
set F[75] := 6 3
             3 4
             4 18
             18 15
             15 16
             16 13
             13 14
             14 11
             11 12
             12 30
             ;
set F[76] := 6 3
             3 4
             4 18
             18 15
             15 16
             16 13
             13 14
             14 32
             ;
set F[77] := 6 3
             3 4
             4 18
             18 15
             15 16
             16 34
             ;
set F[78] := 6 3
             3 4
             4 18
             18 36
             ;
set F[79] := 7 8
             8 5
             5 23
             ;
set F[80] := 7 8
             8 5
             5 1
             1 2
             2 17
             17 18
             18 15
             15 16
             16 13
             13 14
             14 11
             11 12
             12 30
             ;
set F[81] := 8 5
             5 1
             1 19
             ;
set F[82] := 8 5
             5 1
             1 2
             2 20
             ;
set F[83] := 8 5
             5 1
             1 2
             2 17
             17 18
             18 4
             4 22
             ;
set F[84] := 8 5
             5 23
             ;
set F[85] := 8 5
             5 1
             1 2
             2 17
             17 18
             18 4
             4 3
             3 6
             6 24
             ;
set F[86] := 8 5
             5 1
             1 2
             2 17
             17 18
             18 15
             15 16
             16 13
             13 14
             14 11
             11 12
             12 9
             9 27
             ;
set F[87] := 8 5
             5 1
             1 2
             2 17
             17 18
             18 15
             15 16
             16 13
             13 14
             14 11
             11 12
             12 9
             9 10
             10 28
             ;
set F[88] := 8 5
             5 1
             1 2
             2 17
             17 18
             18 15
             15 16
             16 13
             13 14
             14 11
             11 29
             ;
set F[89] := 8 5
             5 1
             1 2
             2 17
             17 18
             18 15
             15 16
             16 13
             13 14
             14 11
             11 12
             12 30
             ;
set F[90] := 8 5
             5 1
             1 2
             2 17
             17 18
             18 15
             15 16
             16 13
             13 31
             ;
set F[91] := 8 5
             5 1
             1 2
             2 17
             17 18
             18 15
             15 16
             16 13
             13 14
             14 32
             ;
set F[92] := 8 5
             5 1
             1 2
             2 17
             17 18
             18 15
             15 33
             ;
set F[93] := 8 5
             5 1
             1 2
             2 17
             17 18
             18 15
             15 16
             16 34
             ;
set F[94] := 8 5
             5 1
             1 2
             2 17
             17 35
             ;
set F[95] := 8 5
             5 1
             1 2
             2 17
             17 18
             18 36
             ;
set F[96] := 11 14
             14 13
             13 16
             16 15
             15 18
             18 17
             17 2
             2 1
             1 19
             ;
set F[97] := 11 14
             14 13
             13 16
             16 15
             15 18
             18 17
             17 2
             2 20
             ;
set F[98] := 11 14
             14 13
             13 16
             16 15
             15 18
             18 4
             4 22
             ;
set F[99] := 11 14
             14 13
             13 16
             16 15
             15 18
             18 17
             17 2
             2 1
             1 5
             5 23
             ;
set F[100] := 11 14
              14 13
              13 16
              16 15
              15 18
              18 4
              4 3
              3 6
              6 24
              ;
set F[101] := 11 12
              12 9
              9 27
              ;
set F[102] := 11 12
              12 9
              9 10
              10 28
              ;
set F[103] := 11 12
              12 30
              ;
set F[104] := 11 14
              14 13
              13 31
              ;
set F[105] := 11 14
              14 32
              ;
set F[106] := 11 14
              14 13
              13 16
              16 34
              ;
set F[107] := 11 14
              14 13
              13 16
              16 15
              15 18
              18 17
              17 35
              ;
set F[108] := 11 14
              14 13
              13 16
              16 15
              15 18
              18 36
              ;
set F[109] := 12 11
              11 14
              14 13
              13 16
              16 15
              15 18
              18 17
              17 2
              2 1
              1 19
              ;
set F[110] := 12 11
              11 14
              14 13
              13 16
              16 15
              15 18
              18 17
              17 2
              2 20
              ;
set F[111] := 12 11
              11 14
              14 13
              13 16
              16 15
              15 18
              18 4
              4 22
              ;
set F[112] := 12 11
              11 14
              14 13
              13 16
              16 15
              15 18
              18 17
              17 2
              2 1
              1 5
              5 23
              ;
set F[113] := 12 9
              9 27
              ;
set F[114] := 12 9
              9 10
              10 28
              ;
set F[115] := 12 11
              11 14
              14 32
              ;
set F[116] := 12 11
              11 14
              14 13
              13 16
              16 34
              ;
set F[117] := 12 11
              11 14
              14 13
              13 16
              16 15
              15 18
              18 36
              ;
set F[118] := 13 16
              16 15
              15 18
              18 17
              17 2
              2 1
              1 19
              ;
set F[119] := 13 16
              16 15
              15 18
              18 17
              17 2
              2 20
              ;
set F[120] := 13 16
              16 15
              15 18
              18 4
              4 22
              ;
set F[121] := 13 16
              16 15
              15 18
              18 17
              17 2
              2 1
              1 5
              5 23
              ;
set F[122] := 13 16
              16 15
              15 18
              18 4
              4 3
              3 6
              6 24
              ;
set F[123] := 13 14
              14 11
              11 12
              12 9
              9 27
              ;
set F[124] := 13 14
              14 11
              11 12
              12 9
              9 10
              10 28
              ;
set F[125] := 13 14
              14 11
              11 29
              ;
set F[126] := 13 14
              14 11
              11 12
              12 30
              ;
set F[127] := 13 14
              14 32
              ;
set F[128] := 13 16
              16 34
              ;
set F[129] := 13 16
              16 15
              15 18
              18 36
              ;
set F[130] := 14 13
              13 16
              16 15
              15 18
              18 17
              17 2
              2 1
              1 19
              ;
set F[131] := 14 13
              13 16
              16 15
              15 18
              18 17
              17 2
              2 20
              ;
set F[132] := 14 13
              13 16
              16 15
              15 18
              18 4
              4 22
              ;
set F[133] := 14 13
              13 16
              16 15
              15 18
              18 17
              17 2
              2 1
              1 5
              5 23
              ;
set F[134] := 14 13
              13 16
              16 15
              15 18
              18 4
              4 3
              3 6
              6 24
              ;
set F[135] := 14 11
              11 12
              12 9
              9 27
              ;
set F[136] := 14 11
              11 12
              12 9
              9 10
              10 28
              ;
set F[137] := 14 11
              11 29
              ;
set F[138] := 14 11
              11 12
              12 30
              ;
set F[139] := 14 13
              13 31
              ;
set F[140] := 14 13
              13 16
              16 15
              15 33
              ;
set F[141] := 14 13
              13 16
              16 34
              ;
set F[142] := 14 13
              13 16
              16 15
              15 18
              18 17
              17 35
              ;
set F[143] := 14 13
              13 16
              16 15
              15 18
              18 36
              ;
set F[144] := 15 18
              18 17
              17 2
              2 1
              1 19
              ;
set F[145] := 15 18
              18 17
              17 2
              2 20
              ;
set F[146] := 15 18
              18 4
              4 22
              ;
set F[147] := 15 18
              18 17
              17 2
              2 1
              1 5
              5 23
              ;
set F[148] := 15 18
              18 4
              4 3
              3 6
              6 24
              ;
set F[149] := 15 18
              18 17
              17 2
              2 1
              1 5
              5 8
              8 7
              7 25
              ;
set F[150] := 15 16
              16 13
              13 14
              14 11
              11 12
              12 9
              9 27
              ;
set F[151] := 15 16
              16 13
              13 14
              14 11
              11 12
              12 9
              9 10
              10 28
              ;
set F[152] := 15 16
              16 13
              13 14
              14 11
              11 29
              ;
set F[153] := 15 16
              16 13
              13 14
              14 11
              11 12
              12 30
              ;
set F[154] := 15 16
              16 13
              13 31
              ;
set F[155] := 15 16
              16 13
              13 14
              14 32
              ;
set F[156] := 15 16
              16 34
              ;
set F[157] := 15 18
              18 17
              17 35
              ;
set F[158] := 15 18
              18 36
              ;
set F[159] := 16 15
              15 18
              18 17
              17 2
              2 1
              1 19
              ;
set F[160] := 16 15
              15 18
              18 17
              17 2
              2 20
              ;
set F[161] := 16 15
              15 18
              18 17
              17 2
              2 1
              1 5
              5 23
              ;
set F[162] := 16 13
              13 14
              14 11
              11 12
              12 30
              ;
set F[163] := 16 13
              13 14
              14 32
              ;
set F[164] := 16 15
              15 18
              18 36
              ;
set F[165] := 17 2
              2 1
              1 19
              ;
set F[166] := 17 2
              2 20
              ;
set F[167] := 17 18
              18 4
              4 22
              ;
set F[168] := 17 2
              2 1
              1 5
              5 23
              ;
set F[169] := 17 18
              18 4
              4 3
              3 6
              6 24
              ;
set F[170] := 17 2
              2 1
              1 5
              5 8
              8 7
              7 25
              ;
set F[171] := 17 18
              18 15
              15 16
              16 13
              13 14
              14 11
              11 12
              12 9
              9 27
              ;
set F[172] := 17 18
              18 15
              15 16
              16 13
              13 14
              14 11
              11 12
              12 9
              9 10
              10 28
              ;
set F[173] := 17 18
              18 15
              15 16
              16 13
              13 14
              14 11
              11 29
              ;
set F[174] := 17 18
              18 15
              15 16
              16 13
              13 14
              14 11
              11 12
              12 30
              ;
set F[175] := 17 18
              18 15
              15 16
              16 13
              13 31
              ;
set F[176] := 17 18
              18 15
              15 16
              16 13
              13 14
              14 32
              ;
set F[177] := 17 18
              18 15
              15 33
              ;
set F[178] := 17 18
              18 15
              15 16
              16 34
              ;
set F[179] := 17 18
              18 36
              ;
set F[180] := 18 17
              17 2
              2 20
              ;
set F[181] := 18 17
              17 2
              2 1
              1 5
              5 23
              ;
set F[182] := 18 15
              15 16
              16 13
              13 14
              14 11
              11 12
              12 30
              ;
set F[183] := 18 15
              15 16
              16 13
              13 14
              14 32
              ;
set F[184] := 18 15
              15 16
              16 34
              ;
set Last[1] := 2 20;
set Last[2] := 4 22;
set Last[3] := 5 23;
set Last[4] := 6 24;
set Last[5] := 9 27;
set Last[6] := 10 28;
set Last[7] := 11 29;
set Last[8] := 12 30;
set Last[9] := 13 31;
set Last[10] := 14 32;
set Last[11] := 15 33;
set Last[12] := 16 34;
set Last[13] := 17 35;
set Last[14] := 18 36;
set Last[15] := 1 19;
set Last[16] := 4 22;
set Last[17] := 5 23;
set Last[18] := 6 24;
set Last[19] := 9 27;
set Last[20] := 10 28;
set Last[21] := 11 29;
set Last[22] := 12 30;
set Last[23] := 13 31;
set Last[24] := 14 32;
set Last[25] := 16 34;
set Last[26] := 18 36;
set Last[27] := 1 19;
set Last[28] := 2 20;
set Last[29] := 4 22;
set Last[30] := 5 23;
set Last[31] := 6 24;
set Last[32] := 7 25;
set Last[33] := 9 27;
set Last[34] := 10 28;
set Last[35] := 11 29;
set Last[36] := 12 30;
set Last[37] := 13 31;
set Last[38] := 14 32;
set Last[39] := 15 33;
set Last[40] := 16 34;
set Last[41] := 17 35;
set Last[42] := 18 36;
set Last[43] := 1 19;
set Last[44] := 2 20;
set Last[45] := 5 23;
set Last[46] := 6 24;
set Last[47] := 9 27;
set Last[48] := 10 28;
set Last[49] := 11 29;
set Last[50] := 12 30;
set Last[51] := 13 31;
set Last[52] := 14 32;
set Last[53] := 15 33;
set Last[54] := 16 34;
set Last[55] := 17 35;
set Last[56] := 18 36;
set Last[57] := 1 19;
set Last[58] := 2 20;
set Last[59] := 4 22;
set Last[60] := 6 24;
set Last[61] := 9 27;
set Last[62] := 10 28;
set Last[63] := 11 29;
set Last[64] := 12 30;
set Last[65] := 13 31;
set Last[66] := 14 32;
set Last[67] := 16 34;
set Last[68] := 18 36;
set Last[69] := 1 19;
set Last[70] := 2 20;
set Last[71] := 4 22;
set Last[72] := 5 23;
set Last[73] := 9 27;
set Last[74] := 10 28;
set Last[75] := 12 30;
set Last[76] := 14 32;
set Last[77] := 16 34;
set Last[78] := 18 36;
set Last[79] := 5 23;
set Last[80] := 12 30;
set Last[81] := 1 19;
set Last[82] := 2 20;
set Last[83] := 4 22;
set Last[84] := 5 23;
set Last[85] := 6 24;
set Last[86] := 9 27;
set Last[87] := 10 28;
set Last[88] := 11 29;
set Last[89] := 12 30;
set Last[90] := 13 31;
set Last[91] := 14 32;
set Last[92] := 15 33;
set Last[93] := 16 34;
set Last[94] := 17 35;
set Last[95] := 18 36;
set Last[96] := 1 19;
set Last[97] := 2 20;
set Last[98] := 4 22;
set Last[99] := 5 23;
set Last[100] := 6 24;
set Last[101] := 9 27;
set Last[102] := 10 28;
set Last[103] := 12 30;
set Last[104] := 13 31;
set Last[105] := 14 32;
set Last[106] := 16 34;
set Last[107] := 17 35;
set Last[108] := 18 36;
set Last[109] := 1 19;
set Last[110] := 2 20;
set Last[111] := 4 22;
set Last[112] := 5 23;
set Last[113] := 9 27;
set Last[114] := 10 28;
set Last[115] := 14 32;
set Last[116] := 16 34;
set Last[117] := 18 36;
set Last[118] := 1 19;
set Last[119] := 2 20;
set Last[120] := 4 22;
set Last[121] := 5 23;
set Last[122] := 6 24;
set Last[123] := 9 27;
set Last[124] := 10 28;
set Last[125] := 11 29;
set Last[126] := 12 30;
set Last[127] := 14 32;
set Last[128] := 16 34;
set Last[129] := 18 36;
set Last[130] := 1 19;
set Last[131] := 2 20;
set Last[132] := 4 22;
set Last[133] := 5 23;
set Last[134] := 6 24;
set Last[135] := 9 27;
set Last[136] := 10 28;
set Last[137] := 11 29;
set Last[138] := 12 30;
set Last[139] := 13 31;
set Last[140] := 15 33;
set Last[141] := 16 34;
set Last[142] := 17 35;
set Last[143] := 18 36;
set Last[144] := 1 19;
set Last[145] := 2 20;
set Last[146] := 4 22;
set Last[147] := 5 23;
set Last[148] := 6 24;
set Last[149] := 7 25;
set Last[150] := 9 27;
set Last[151] := 10 28;
set Last[152] := 11 29;
set Last[153] := 12 30;
set Last[154] := 13 31;
set Last[155] := 14 32;
set Last[156] := 16 34;
set Last[157] := 17 35;
set Last[158] := 18 36;
set Last[159] := 1 19;
set Last[160] := 2 20;
set Last[161] := 5 23;
set Last[162] := 12 30;
set Last[163] := 14 32;
set Last[164] := 18 36;
set Last[165] := 1 19;
set Last[166] := 2 20;
set Last[167] := 4 22;
set Last[168] := 5 23;
set Last[169] := 6 24;
set Last[170] := 7 25;
set Last[171] := 9 27;
set Last[172] := 10 28;
set Last[173] := 11 29;
set Last[174] := 12 30;
set Last[175] := 13 31;
set Last[176] := 14 32;
set Last[177] := 15 33;
set Last[178] := 16 34;
set Last[179] := 18 36;
set Last[180] := 2 20;
set Last[181] := 5 23;
set Last[182] := 12 30;
set Last[183] := 14 32;
set Last[184] := 16 34;

param q := 5;

end;
