data;

set V := 1 2 3 4 5 6 7 8 9 10 11 12 13 14 15 16 17 18 19 20 21 22 23 24 25 26 27 28 29 30 31 32 33 34 35 36 37 38 39 40 41 42 43 44 45 46 47 48;

set A := 1 16
         1 25
         2 7
         2 12
         2 26
         3 12
         3 16
         3 27
         4 16
         4 28
         5 6
         5 12
         5 29
         6 5
         6 30
         7 2
         7 31
         8 11
         8 32
         9 11
         9 33
         10 13
         10 14
         10 34
         11 8
         11 9
         11 12
         11 14
         11 35
         12 2
         12 3
         12 5
         12 11
         12 18
         12 19
         12 20
         12 21
         12 22
         12 24
         12 36
         13 37
         14 10
         14 11
         14 38
         15 24
         15 39
         16 1
         16 3
         16 4
         16 40
         17 18
         17 41
         18 12
         18 17
         18 42
         19 12
         19 43
         20 12
         20 44
         21 12
         21 45
         22 12
         22 23
         22 46
         23 22
         23 47
         24 12
         24 15
         24 48
         ;

set S := 1 2 3 4 5 6 7 8 9 10 11 12 13 14 15 16 17 18 19 20 21 22 23 24 25 26 27 28 29 30 31 32 33 34 35 36 37 38 39 40 41 42 43 44 45 46 47 48 49 50 51 52 53 54 55 56 57 58 59 60 61 62 63 64 65 66 67 68 69 70 71 72 73 74 75 76 77 78 79 80 81 82 83 84 85 86 87 88 89 90 91 92 93 94 95 96 97 98 99 100 101 102 103 104 105 106 107 108 109 110 111 112 113 114 115 116 117 118 119 120 121 122 123 124 125 126 127 128 129 130 131 132 133 134 135 136 137 138 139 140 141 142 143 144 145 146 147 148 149 150 151 152 153 154 155 156 157 158 159 160 161 162 163 164 165 166 167 168 169 170 171 172 173 174 175 176 177 178 179 180 181 182 183 184 185 186 187 188 189 190 191 192 193 194 195 196 197 198 199 200 201 202 203 204 205 206 207 208 209 210 211 212 213 214 215 216 217 218 219 220 221 222 223 224 225 226 227 228 229 230 231 232 233 234 235 236 237 238 239 240 241 242 243 244 245 246 247 248 249 250 251 252 253 254 255 256 257 258 259 260 261 262 263 264 265 266 267 268 269 270 271 272 273 274 275 276 277 278 279 280 281 282 283 284 285 286 287 288 289 290 291 292 293 294 295 296 297 298 299 300 301 302 303 304 305 306 307 308 309 310 311 312 313 314 315 316 317 318 319 320 321 322 323 324 325 326 327 328 329 330 331 332 333 334 335 336 337 338 339 340 341 342 343 344 345 346 347 348 349 350 351 352 353 354 355 356 357 358 359 360 361 362 363 364 365 366 367 368 369 370 371 372 373 374 375 376 377 378 379 380 381 382 383 384 385 386 387 388 389 390 391 392 393 394 395 396 397 398 399 400 401 402 403 404 405 406 407 408 409 410 411 412 413 414 415 416 417 418 419 420 421 422 423 424 425 426 427 428 429 430 431 432 433 434 435 436 437 438 439 440 441 442;

set F[1] := 1 16
            16 3
            3 12
            12 2
            2 26
            ;
set F[2] := 1 16
            16 3
            3 27
            ;
set F[3] := 1 16
            16 4
            4 28
            ;
set F[4] := 1 16
            16 3
            3 12
            12 5
            5 29
            ;
set F[5] := 1 16
            16 3
            3 12
            12 5
            5 6
            6 30
            ;
set F[6] := 1 16
            16 3
            3 12
            12 2
            2 7
            7 31
            ;
set F[7] := 1 16
            16 3
            3 12
            12 11
            11 8
            8 32
            ;
set F[8] := 1 16
            16 3
            3 12
            12 11
            11 9
            9 33
            ;
set F[9] := 1 16
            16 3
            3 12
            12 11
            11 14
            14 10
            10 34
            ;
set F[10] := 1 16
             16 3
             3 12
             12 11
             11 35
             ;
set F[11] := 1 16
             16 3
             3 12
             12 36
             ;
set F[12] := 1 16
             16 3
             3 12
             12 11
             11 14
             14 38
             ;
set F[13] := 1 16
             16 3
             3 12
             12 24
             24 15
             15 39
             ;
set F[14] := 1 16
             16 40
             ;
set F[15] := 1 16
             16 3
             3 12
             12 18
             18 17
             17 41
             ;
set F[16] := 1 16
             16 3
             3 12
             12 18
             18 42
             ;
set F[17] := 1 16
             16 3
             3 12
             12 19
             19 43
             ;
set F[18] := 1 16
             16 3
             3 12
             12 20
             20 44
             ;
set F[19] := 1 16
             16 3
             3 12
             12 21
             21 45
             ;
set F[20] := 1 16
             16 3
             3 12
             12 22
             22 46
             ;
set F[21] := 1 16
             16 3
             3 12
             12 22
             22 23
             23 47
             ;
set F[22] := 1 16
             16 3
             3 12
             12 24
             24 48
             ;
set F[23] := 2 12
             12 3
             3 16
             16 1
             1 25
             ;
set F[24] := 2 12
             12 3
             3 27
             ;
set F[25] := 2 12
             12 3
             3 16
             16 4
             4 28
             ;
set F[26] := 2 12
             12 5
             5 29
             ;
set F[27] := 2 7
             7 31
             ;
set F[28] := 2 12
             12 11
             11 8
             8 32
             ;
set F[29] := 2 12
             12 11
             11 9
             9 33
             ;
set F[30] := 2 12
             12 11
             11 14
             14 10
             10 34
             ;
set F[31] := 2 12
             12 11
             11 35
             ;
set F[32] := 2 12
             12 36
             ;
set F[33] := 2 12
             12 11
             11 14
             14 38
             ;
set F[34] := 2 12
             12 24
             24 15
             15 39
             ;
set F[35] := 2 12
             12 3
             3 16
             16 40
             ;
set F[36] := 2 12
             12 18
             18 17
             17 41
             ;
set F[37] := 2 12
             12 18
             18 42
             ;
set F[38] := 2 12
             12 19
             19 43
             ;
set F[39] := 2 12
             12 21
             21 45
             ;
set F[40] := 2 12
             12 22
             22 46
             ;
set F[41] := 2 12
             12 24
             24 48
             ;
set F[42] := 3 16
             16 1
             1 25
             ;
set F[43] := 3 12
             12 2
             2 26
             ;
set F[44] := 3 16
             16 4
             4 28
             ;
set F[45] := 3 12
             12 5
             5 29
             ;
set F[46] := 3 12
             12 5
             5 6
             6 30
             ;
set F[47] := 3 12
             12 2
             2 7
             7 31
             ;
set F[48] := 3 12
             12 11
             11 8
             8 32
             ;
set F[49] := 3 12
             12 11
             11 9
             9 33
             ;
set F[50] := 3 12
             12 11
             11 14
             14 10
             10 34
             ;
set F[51] := 3 12
             12 11
             11 35
             ;
set F[52] := 3 12
             12 36
             ;
set F[53] := 3 12
             12 11
             11 14
             14 38
             ;
set F[54] := 3 12
             12 24
             24 15
             15 39
             ;
set F[55] := 3 16
             16 40
             ;
set F[56] := 3 12
             12 18
             18 17
             17 41
             ;
set F[57] := 3 12
             12 18
             18 42
             ;
set F[58] := 3 12
             12 19
             19 43
             ;
set F[59] := 3 12
             12 20
             20 44
             ;
set F[60] := 3 12
             12 21
             21 45
             ;
set F[61] := 3 12
             12 22
             22 46
             ;
set F[62] := 3 12
             12 22
             22 23
             23 47
             ;
set F[63] := 3 12
             12 24
             24 48
             ;
set F[64] := 4 16
             16 3
             3 12
             12 2
             2 26
             ;
set F[65] := 4 16
             16 3
             3 27
             ;
set F[66] := 4 16
             16 3
             3 12
             12 5
             5 29
             ;
set F[67] := 4 16
             16 3
             3 12
             12 2
             2 7
             7 31
             ;
set F[68] := 4 16
             16 3
             3 12
             12 11
             11 9
             9 33
             ;
set F[69] := 4 16
             16 3
             3 12
             12 11
             11 35
             ;
set F[70] := 4 16
             16 3
             3 12
             12 36
             ;
set F[71] := 4 16
             16 3
             3 12
             12 11
             11 14
             14 38
             ;
set F[72] := 4 16
             16 3
             3 12
             12 24
             24 15
             15 39
             ;
set F[73] := 4 16
             16 40
             ;
set F[74] := 4 16
             16 3
             3 12
             12 18
             18 17
             17 41
             ;
set F[75] := 4 16
             16 3
             3 12
             12 18
             18 42
             ;
set F[76] := 4 16
             16 3
             3 12
             12 22
             22 46
             ;
set F[77] := 4 16
             16 3
             3 12
             12 24
             24 48
             ;
set F[78] := 5 12
             12 3
             3 16
             16 1
             1 25
             ;
set F[79] := 5 12
             12 2
             2 26
             ;
set F[80] := 5 12
             12 3
             3 27
             ;
set F[81] := 5 12
             12 3
             3 16
             16 4
             4 28
             ;
set F[82] := 5 6
             6 30
             ;
set F[83] := 5 12
             12 2
             2 7
             7 31
             ;
set F[84] := 5 12
             12 11
             11 8
             8 32
             ;
set F[85] := 5 12
             12 11
             11 9
             9 33
             ;
set F[86] := 5 12
             12 11
             11 14
             14 10
             10 34
             ;
set F[87] := 5 12
             12 11
             11 35
             ;
set F[88] := 5 12
             12 36
             ;
set F[89] := 5 12
             12 11
             11 14
             14 38
             ;
set F[90] := 5 12
             12 24
             24 15
             15 39
             ;
set F[91] := 5 12
             12 3
             3 16
             16 40
             ;
set F[92] := 5 12
             12 18
             18 17
             17 41
             ;
set F[93] := 5 12
             12 18
             18 42
             ;
set F[94] := 5 12
             12 19
             19 43
             ;
set F[95] := 5 12
             12 21
             21 45
             ;
set F[96] := 5 12
             12 22
             22 46
             ;
set F[97] := 5 12
             12 24
             24 48
             ;
set F[98] := 6 5
             5 12
             12 3
             3 27
             ;
set F[99] := 6 5
             5 12
             12 2
             2 7
             7 31
             ;
set F[100] := 6 5
              5 12
              12 11
              11 9
              9 33
              ;
set F[101] := 6 5
              5 12
              12 11
              11 35
              ;
set F[102] := 6 5
              5 12
              12 36
              ;
set F[103] := 6 5
              5 12
              12 11
              11 14
              14 38
              ;
set F[104] := 6 5
              5 12
              12 3
              3 16
              16 40
              ;
set F[105] := 6 5
              5 12
              12 18
              18 42
              ;
set F[106] := 6 5
              5 12
              12 22
              22 46
              ;
set F[107] := 6 5
              5 12
              12 24
              24 48
              ;
set F[108] := 7 2
              2 12
              12 3
              3 16
              16 1
              1 25
              ;
set F[109] := 7 2
              2 26
              ;
set F[110] := 7 2
              2 12
              12 3
              3 27
              ;
set F[111] := 7 2
              2 12
              12 3
              3 16
              16 4
              4 28
              ;
set F[112] := 7 2
              2 12
              12 5
              5 29
              ;
set F[113] := 7 2
              2 12
              12 5
              5 6
              6 30
              ;
set F[114] := 7 2
              2 12
              12 11
              11 8
              8 32
              ;
set F[115] := 7 2
              2 12
              12 11
              11 9
              9 33
              ;
set F[116] := 7 2
              2 12
              12 11
              11 14
              14 10
              10 34
              ;
set F[117] := 7 2
              2 12
              12 11
              11 35
              ;
set F[118] := 7 2
              2 12
              12 36
              ;
set F[119] := 7 2
              2 12
              12 11
              11 14
              14 38
              ;
set F[120] := 7 2
              2 12
              12 24
              24 15
              15 39
              ;
set F[121] := 7 2
              2 12
              12 3
              3 16
              16 40
              ;
set F[122] := 7 2
              2 12
              12 18
              18 17
              17 41
              ;
set F[123] := 7 2
              2 12
              12 18
              18 42
              ;
set F[124] := 7 2
              2 12
              12 19
              19 43
              ;
set F[125] := 7 2
              2 12
              12 20
              20 44
              ;
set F[126] := 7 2
              2 12
              12 21
              21 45
              ;
set F[127] := 7 2
              2 12
              12 22
              22 46
              ;
set F[128] := 7 2
              2 12
              12 22
              22 23
              23 47
              ;
set F[129] := 7 2
              2 12
              12 24
              24 48
              ;
set F[130] := 8 11
              11 12
              12 3
              3 16
              16 1
              1 25
              ;
set F[131] := 8 11
              11 12
              12 2
              2 26
              ;
set F[132] := 8 11
              11 12
              12 3
              3 27
              ;
set F[133] := 8 11
              11 12
              12 5
              5 29
              ;
set F[134] := 8 11
              11 12
              12 2
              2 7
              7 31
              ;
set F[135] := 8 11
              11 9
              9 33
              ;
set F[136] := 8 11
              11 14
              14 10
              10 34
              ;
set F[137] := 8 11
              11 35
              ;
set F[138] := 8 11
              11 12
              12 36
              ;
set F[139] := 8 11
              11 14
              14 38
              ;
set F[140] := 8 11
              11 12
              12 24
              24 15
              15 39
              ;
set F[141] := 8 11
              11 12
              12 3
              3 16
              16 40
              ;
set F[142] := 8 11
              11 12
              12 18
              18 17
              17 41
              ;
set F[143] := 8 11
              11 12
              12 18
              18 42
              ;
set F[144] := 8 11
              11 12
              12 21
              21 45
              ;
set F[145] := 8 11
              11 12
              12 22
              22 46
              ;
set F[146] := 8 11
              11 12
              12 24
              24 48
              ;
set F[147] := 9 11
              11 12
              12 3
              3 16
              16 1
              1 25
              ;
set F[148] := 9 11
              11 12
              12 2
              2 26
              ;
set F[149] := 9 11
              11 12
              12 3
              3 27
              ;
set F[150] := 9 11
              11 12
              12 3
              3 16
              16 4
              4 28
              ;
set F[151] := 9 11
              11 12
              12 5
              5 29
              ;
set F[152] := 9 11
              11 12
              12 5
              5 6
              6 30
              ;
set F[153] := 9 11
              11 12
              12 2
              2 7
              7 31
              ;
set F[154] := 9 11
              11 8
              8 32
              ;
set F[155] := 9 11
              11 14
              14 10
              10 34
              ;
set F[156] := 9 11
              11 35
              ;
set F[157] := 9 11
              11 12
              12 36
              ;
set F[158] := 9 11
              11 14
              14 38
              ;
set F[159] := 9 11
              11 12
              12 24
              24 15
              15 39
              ;
set F[160] := 9 11
              11 12
              12 3
              3 16
              16 40
              ;
set F[161] := 9 11
              11 12
              12 18
              18 17
              17 41
              ;
set F[162] := 9 11
              11 12
              12 18
              18 42
              ;
set F[163] := 9 11
              11 12
              12 19
              19 43
              ;
set F[164] := 9 11
              11 12
              12 20
              20 44
              ;
set F[165] := 9 11
              11 12
              12 21
              21 45
              ;
set F[166] := 9 11
              11 12
              12 22
              22 46
              ;
set F[167] := 9 11
              11 12
              12 22
              22 23
              23 47
              ;
set F[168] := 9 11
              11 12
              12 24
              24 48
              ;
set F[169] := 10 14
              14 11
              11 12
              12 3
              3 16
              16 1
              1 25
              ;
set F[170] := 10 14
              14 11
              11 12
              12 2
              2 26
              ;
set F[171] := 10 14
              14 11
              11 12
              12 3
              3 27
              ;
set F[172] := 10 14
              14 11
              11 12
              12 3
              3 16
              16 4
              4 28
              ;
set F[173] := 10 14
              14 11
              11 12
              12 5
              5 29
              ;
set F[174] := 10 14
              14 11
              11 12
              12 5
              5 6
              6 30
              ;
set F[175] := 10 14
              14 11
              11 12
              12 2
              2 7
              7 31
              ;
set F[176] := 10 14
              14 11
              11 8
              8 32
              ;
set F[177] := 10 14
              14 11
              11 9
              9 33
              ;
set F[178] := 10 14
              14 11
              11 35
              ;
set F[179] := 10 14
              14 11
              11 12
              12 36
              ;
set F[180] := 10 14
              14 38
              ;
set F[181] := 10 14
              14 11
              11 12
              12 24
              24 15
              15 39
              ;
set F[182] := 10 14
              14 11
              11 12
              12 3
              3 16
              16 40
              ;
set F[183] := 10 14
              14 11
              11 12
              12 18
              18 17
              17 41
              ;
set F[184] := 10 14
              14 11
              11 12
              12 18
              18 42
              ;
set F[185] := 10 14
              14 11
              11 12
              12 19
              19 43
              ;
set F[186] := 10 14
              14 11
              11 12
              12 20
              20 44
              ;
set F[187] := 10 14
              14 11
              11 12
              12 21
              21 45
              ;
set F[188] := 10 14
              14 11
              11 12
              12 22
              22 46
              ;
set F[189] := 10 14
              14 11
              11 12
              12 22
              22 23
              23 47
              ;
set F[190] := 10 14
              14 11
              11 12
              12 24
              24 48
              ;
set F[191] := 11 12
              12 3
              3 16
              16 1
              1 25
              ;
set F[192] := 11 12
              12 2
              2 26
              ;
set F[193] := 11 12
              12 3
              3 27
              ;
set F[194] := 11 12
              12 3
              3 16
              16 4
              4 28
              ;
set F[195] := 11 12
              12 5
              5 29
              ;
set F[196] := 11 12
              12 5
              5 6
              6 30
              ;
set F[197] := 11 12
              12 2
              2 7
              7 31
              ;
set F[198] := 11 8
              8 32
              ;
set F[199] := 11 9
              9 33
              ;
set F[200] := 11 14
              14 10
              10 34
              ;
set F[201] := 11 12
              12 36
              ;
set F[202] := 11 14
              14 10
              10 13
              13 37
              ;
set F[203] := 11 14
              14 38
              ;
set F[204] := 11 12
              12 24
              24 15
              15 39
              ;
set F[205] := 11 12
              12 3
              3 16
              16 40
              ;
set F[206] := 11 12
              12 18
              18 17
              17 41
              ;
set F[207] := 11 12
              12 18
              18 42
              ;
set F[208] := 11 12
              12 19
              19 43
              ;
set F[209] := 11 12
              12 20
              20 44
              ;
set F[210] := 11 12
              12 21
              21 45
              ;
set F[211] := 11 12
              12 22
              22 46
              ;
set F[212] := 11 12
              12 22
              22 23
              23 47
              ;
set F[213] := 11 12
              12 24
              24 48
              ;
set F[214] := 12 3
              3 16
              16 1
              1 25
              ;
set F[215] := 12 2
              2 26
              ;
set F[216] := 12 3
              3 27
              ;
set F[217] := 12 3
              3 16
              16 4
              4 28
              ;
set F[218] := 12 5
              5 29
              ;
set F[219] := 12 5
              5 6
              6 30
              ;
set F[220] := 12 2
              2 7
              7 31
              ;
set F[221] := 12 11
              11 8
              8 32
              ;
set F[222] := 12 11
              11 9
              9 33
              ;
set F[223] := 12 11
              11 14
              14 10
              10 34
              ;
set F[224] := 12 11
              11 35
              ;
set F[225] := 12 11
              11 14
              14 10
              10 13
              13 37
              ;
set F[226] := 12 11
              11 14
              14 38
              ;
set F[227] := 12 24
              24 15
              15 39
              ;
set F[228] := 12 3
              3 16
              16 40
              ;
set F[229] := 12 18
              18 17
              17 41
              ;
set F[230] := 12 18
              18 42
              ;
set F[231] := 12 19
              19 43
              ;
set F[232] := 12 20
              20 44
              ;
set F[233] := 12 21
              21 45
              ;
set F[234] := 12 22
              22 46
              ;
set F[235] := 12 22
              22 23
              23 47
              ;
set F[236] := 12 24
              24 48
              ;
set F[237] := 14 11
              11 12
              12 3
              3 16
              16 1
              1 25
              ;
set F[238] := 14 11
              11 12
              12 2
              2 26
              ;
set F[239] := 14 11
              11 12
              12 3
              3 27
              ;
set F[240] := 14 11
              11 12
              12 3
              3 16
              16 4
              4 28
              ;
set F[241] := 14 11
              11 12
              12 5
              5 29
              ;
set F[242] := 14 11
              11 12
              12 5
              5 6
              6 30
              ;
set F[243] := 14 11
              11 12
              12 2
              2 7
              7 31
              ;
set F[244] := 14 11
              11 8
              8 32
              ;
set F[245] := 14 11
              11 9
              9 33
              ;
set F[246] := 14 10
              10 34
              ;
set F[247] := 14 11
              11 35
              ;
set F[248] := 14 11
              11 12
              12 36
              ;
set F[249] := 14 10
              10 13
              13 37
              ;
set F[250] := 14 11
              11 12
              12 24
              24 15
              15 39
              ;
set F[251] := 14 11
              11 12
              12 3
              3 16
              16 40
              ;
set F[252] := 14 11
              11 12
              12 18
              18 17
              17 41
              ;
set F[253] := 14 11
              11 12
              12 18
              18 42
              ;
set F[254] := 14 11
              11 12
              12 19
              19 43
              ;
set F[255] := 14 11
              11 12
              12 20
              20 44
              ;
set F[256] := 14 11
              11 12
              12 21
              21 45
              ;
set F[257] := 14 11
              11 12
              12 22
              22 46
              ;
set F[258] := 14 11
              11 12
              12 22
              22 23
              23 47
              ;
set F[259] := 14 11
              11 12
              12 24
              24 48
              ;
set F[260] := 15 24
              24 12
              12 3
              3 16
              16 1
              1 25
              ;
set F[261] := 15 24
              24 12
              12 2
              2 26
              ;
set F[262] := 15 24
              24 12
              12 3
              3 27
              ;
set F[263] := 15 24
              24 12
              12 3
              3 16
              16 4
              4 28
              ;
set F[264] := 15 24
              24 12
              12 5
              5 29
              ;
set F[265] := 15 24
              24 12
              12 5
              5 6
              6 30
              ;
set F[266] := 15 24
              24 12
              12 2
              2 7
              7 31
              ;
set F[267] := 15 24
              24 12
              12 11
              11 8
              8 32
              ;
set F[268] := 15 24
              24 12
              12 11
              11 9
              9 33
              ;
set F[269] := 15 24
              24 12
              12 11
              11 14
              14 10
              10 34
              ;
set F[270] := 15 24
              24 12
              12 11
              11 35
              ;
set F[271] := 15 24
              24 12
              12 36
              ;
set F[272] := 15 24
              24 12
              12 11
              11 14
              14 38
              ;
set F[273] := 15 24
              24 12
              12 3
              3 16
              16 40
              ;
set F[274] := 15 24
              24 12
              12 18
              18 17
              17 41
              ;
set F[275] := 15 24
              24 12
              12 18
              18 42
              ;
set F[276] := 15 24
              24 12
              12 19
              19 43
              ;
set F[277] := 15 24
              24 12
              12 20
              20 44
              ;
set F[278] := 15 24
              24 12
              12 21
              21 45
              ;
set F[279] := 15 24
              24 12
              12 22
              22 46
              ;
set F[280] := 15 24
              24 12
              12 22
              22 23
              23 47
              ;
set F[281] := 15 24
              24 48
              ;
set F[282] := 16 1
              1 25
              ;
set F[283] := 16 3
              3 12
              12 2
              2 26
              ;
set F[284] := 16 3
              3 27
              ;
set F[285] := 16 4
              4 28
              ;
set F[286] := 16 3
              3 12
              12 5
              5 29
              ;
set F[287] := 16 3
              3 12
              12 5
              5 6
              6 30
              ;
set F[288] := 16 3
              3 12
              12 2
              2 7
              7 31
              ;
set F[289] := 16 3
              3 12
              12 11
              11 8
              8 32
              ;
set F[290] := 16 3
              3 12
              12 11
              11 9
              9 33
              ;
set F[291] := 16 3
              3 12
              12 11
              11 14
              14 10
              10 34
              ;
set F[292] := 16 3
              3 12
              12 11
              11 35
              ;
set F[293] := 16 3
              3 12
              12 36
              ;
set F[294] := 16 3
              3 12
              12 11
              11 14
              14 10
              10 13
              13 37
              ;
set F[295] := 16 3
              3 12
              12 11
              11 14
              14 38
              ;
set F[296] := 16 3
              3 12
              12 24
              24 15
              15 39
              ;
set F[297] := 16 3
              3 12
              12 18
              18 17
              17 41
              ;
set F[298] := 16 3
              3 12
              12 18
              18 42
              ;
set F[299] := 16 3
              3 12
              12 19
              19 43
              ;
set F[300] := 16 3
              3 12
              12 20
              20 44
              ;
set F[301] := 16 3
              3 12
              12 21
              21 45
              ;
set F[302] := 16 3
              3 12
              12 22
              22 46
              ;
set F[303] := 16 3
              3 12
              12 22
              22 23
              23 47
              ;
set F[304] := 16 3
              3 12
              12 24
              24 48
              ;
set F[305] := 17 18
              18 12
              12 3
              3 16
              16 1
              1 25
              ;
set F[306] := 17 18
              18 12
              12 2
              2 26
              ;
set F[307] := 17 18
              18 12
              12 3
              3 27
              ;
set F[308] := 17 18
              18 12
              12 3
              3 16
              16 4
              4 28
              ;
set F[309] := 17 18
              18 12
              12 5
              5 29
              ;
set F[310] := 17 18
              18 12
              12 5
              5 6
              6 30
              ;
set F[311] := 17 18
              18 12
              12 2
              2 7
              7 31
              ;
set F[312] := 17 18
              18 12
              12 11
              11 8
              8 32
              ;
set F[313] := 17 18
              18 12
              12 11
              11 9
              9 33
              ;
set F[314] := 17 18
              18 12
              12 11
              11 14
              14 10
              10 34
              ;
set F[315] := 17 18
              18 12
              12 11
              11 35
              ;
set F[316] := 17 18
              18 12
              12 36
              ;
set F[317] := 17 18
              18 12
              12 11
              11 14
              14 38
              ;
set F[318] := 17 18
              18 12
              12 24
              24 15
              15 39
              ;
set F[319] := 17 18
              18 12
              12 3
              3 16
              16 40
              ;
set F[320] := 17 18
              18 42
              ;
set F[321] := 17 18
              18 12
              12 19
              19 43
              ;
set F[322] := 17 18
              18 12
              12 20
              20 44
              ;
set F[323] := 17 18
              18 12
              12 21
              21 45
              ;
set F[324] := 17 18
              18 12
              12 22
              22 46
              ;
set F[325] := 17 18
              18 12
              12 22
              22 23
              23 47
              ;
set F[326] := 17 18
              18 12
              12 24
              24 48
              ;
set F[327] := 18 12
              12 3
              3 16
              16 1
              1 25
              ;
set F[328] := 18 12
              12 2
              2 26
              ;
set F[329] := 18 12
              12 3
              3 27
              ;
set F[330] := 18 12
              12 3
              3 16
              16 4
              4 28
              ;
set F[331] := 18 12
              12 5
              5 29
              ;
set F[332] := 18 12
              12 5
              5 6
              6 30
              ;
set F[333] := 18 12
              12 2
              2 7
              7 31
              ;
set F[334] := 18 12
              12 11
              11 8
              8 32
              ;
set F[335] := 18 12
              12 11
              11 9
              9 33
              ;
set F[336] := 18 12
              12 11
              11 14
              14 10
              10 34
              ;
set F[337] := 18 12
              12 11
              11 35
              ;
set F[338] := 18 12
              12 36
              ;
set F[339] := 18 12
              12 11
              11 14
              14 10
              10 13
              13 37
              ;
set F[340] := 18 12
              12 11
              11 14
              14 38
              ;
set F[341] := 18 12
              12 24
              24 15
              15 39
              ;
set F[342] := 18 12
              12 3
              3 16
              16 40
              ;
set F[343] := 18 17
              17 41
              ;
set F[344] := 18 12
              12 19
              19 43
              ;
set F[345] := 18 12
              12 20
              20 44
              ;
set F[346] := 18 12
              12 21
              21 45
              ;
set F[347] := 18 12
              12 22
              22 46
              ;
set F[348] := 18 12
              12 22
              22 23
              23 47
              ;
set F[349] := 18 12
              12 24
              24 48
              ;
set F[350] := 19 12
              12 3
              3 16
              16 1
              1 25
              ;
set F[351] := 19 12
              12 2
              2 26
              ;
set F[352] := 19 12
              12 3
              3 27
              ;
set F[353] := 19 12
              12 5
              5 29
              ;
set F[354] := 19 12
              12 2
              2 7
              7 31
              ;
set F[355] := 19 12
              12 11
              11 8
              8 32
              ;
set F[356] := 19 12
              12 11
              11 9
              9 33
              ;
set F[357] := 19 12
              12 11
              11 14
              14 10
              10 34
              ;
set F[358] := 19 12
              12 11
              11 35
              ;
set F[359] := 19 12
              12 36
              ;
set F[360] := 19 12
              12 11
              11 14
              14 38
              ;
set F[361] := 19 12
              12 24
              24 15
              15 39
              ;
set F[362] := 19 12
              12 3
              3 16
              16 40
              ;
set F[363] := 19 12
              12 18
              18 17
              17 41
              ;
set F[364] := 19 12
              12 18
              18 42
              ;
set F[365] := 19 12
              12 21
              21 45
              ;
set F[366] := 19 12
              12 22
              22 46
              ;
set F[367] := 19 12
              12 24
              24 48
              ;
set F[368] := 20 12
              12 2
              2 26
              ;
set F[369] := 20 12
              12 3
              3 27
              ;
set F[370] := 20 12
              12 5
              5 29
              ;
set F[371] := 20 12
              12 2
              2 7
              7 31
              ;
set F[372] := 20 12
              12 11
              11 9
              9 33
              ;
set F[373] := 20 12
              12 11
              11 35
              ;
set F[374] := 20 12
              12 36
              ;
set F[375] := 20 12
              12 11
              11 14
              14 38
              ;
set F[376] := 20 12
              12 24
              24 15
              15 39
              ;
set F[377] := 20 12
              12 3
              3 16
              16 40
              ;
set F[378] := 20 12
              12 18
              18 17
              17 41
              ;
set F[379] := 20 12
              12 18
              18 42
              ;
set F[380] := 20 12
              12 22
              22 46
              ;
set F[381] := 20 12
              12 24
              24 48
              ;
set F[382] := 21 12
              12 3
              3 16
              16 1
              1 25
              ;
set F[383] := 21 12
              12 2
              2 26
              ;
set F[384] := 21 12
              12 3
              3 27
              ;
set F[385] := 21 12
              12 3
              3 16
              16 4
              4 28
              ;
set F[386] := 21 12
              12 5
              5 29
              ;
set F[387] := 21 12
              12 5
              5 6
              6 30
              ;
set F[388] := 21 12
              12 2
              2 7
              7 31
              ;
set F[389] := 21 12
              12 11
              11 8
              8 32
              ;
set F[390] := 21 12
              12 11
              11 9
              9 33
              ;
set F[391] := 21 12
              12 11
              11 14
              14 10
              10 34
              ;
set F[392] := 21 12
              12 11
              11 35
              ;
set F[393] := 21 12
              12 36
              ;
set F[394] := 21 12
              12 11
              11 14
              14 38
              ;
set F[395] := 21 12
              12 24
              24 15
              15 39
              ;
set F[396] := 21 12
              12 3
              3 16
              16 40
              ;
set F[397] := 21 12
              12 18
              18 17
              17 41
              ;
set F[398] := 21 12
              12 18
              18 42
              ;
set F[399] := 21 12
              12 19
              19 43
              ;
set F[400] := 21 12
              12 22
              22 46
              ;
set F[401] := 21 12
              12 24
              24 48
              ;
set F[402] := 22 12
              12 11
              11 35
              ;
set F[403] := 22 12
              12 11
              11 14
              14 38
              ;
set F[404] := 23 22
              22 12
              12 3
              3 16
              16 1
              1 25
              ;
set F[405] := 23 22
              22 12
              12 2
              2 26
              ;
set F[406] := 23 22
              22 12
              12 3
              3 27
              ;
set F[407] := 23 22
              22 12
              12 5
              5 29
              ;
set F[408] := 23 22
              22 12
              12 2
              2 7
              7 31
              ;
set F[409] := 23 22
              22 12
              12 11
              11 9
              9 33
              ;
set F[410] := 23 22
              22 12
              12 11
              11 14
              14 10
              10 34
              ;
set F[411] := 23 22
              22 12
              12 11
              11 35
              ;
set F[412] := 23 22
              22 12
              12 36
              ;
set F[413] := 23 22
              22 12
              12 11
              11 14
              14 38
              ;
set F[414] := 23 22
              22 12
              12 24
              24 15
              15 39
              ;
set F[415] := 23 22
              22 12
              12 3
              3 16
              16 40
              ;
set F[416] := 23 22
              22 12
              12 18
              18 17
              17 41
              ;
set F[417] := 23 22
              22 12
              12 18
              18 42
              ;
set F[418] := 23 22
              22 12
              12 21
              21 45
              ;
set F[419] := 23 22
              22 46
              ;
set F[420] := 23 22
              22 12
              12 24
              24 48
              ;
set F[421] := 24 12
              12 3
              3 16
              16 1
              1 25
              ;
set F[422] := 24 12
              12 2
              2 26
              ;
set F[423] := 24 12
              12 3
              3 27
              ;
set F[424] := 24 12
              12 3
              3 16
              16 4
              4 28
              ;
set F[425] := 24 12
              12 5
              5 29
              ;
set F[426] := 24 12
              12 5
              5 6
              6 30
              ;
set F[427] := 24 12
              12 2
              2 7
              7 31
              ;
set F[428] := 24 12
              12 11
              11 8
              8 32
              ;
set F[429] := 24 12
              12 11
              11 9
              9 33
              ;
set F[430] := 24 12
              12 11
              11 14
              14 10
              10 34
              ;
set F[431] := 24 12
              12 11
              11 35
              ;
set F[432] := 24 12
              12 36
              ;
set F[433] := 24 12
              12 11
              11 14
              14 38
              ;
set F[434] := 24 15
              15 39
              ;
set F[435] := 24 12
              12 3
              3 16
              16 40
              ;
set F[436] := 24 12
              12 18
              18 17
              17 41
              ;
set F[437] := 24 12
              12 18
              18 42
              ;
set F[438] := 24 12
              12 19
              19 43
              ;
set F[439] := 24 12
              12 20
              20 44
              ;
set F[440] := 24 12
              12 21
              21 45
              ;
set F[441] := 24 12
              12 22
              22 46
              ;
set F[442] := 24 12
              12 22
              22 23
              23 47
              ;
set Last[1] := 2 26;
set Last[2] := 3 27;
set Last[3] := 4 28;
set Last[4] := 5 29;
set Last[5] := 6 30;
set Last[6] := 7 31;
set Last[7] := 8 32;
set Last[8] := 9 33;
set Last[9] := 10 34;
set Last[10] := 11 35;
set Last[11] := 12 36;
set Last[12] := 14 38;
set Last[13] := 15 39;
set Last[14] := 16 40;
set Last[15] := 17 41;
set Last[16] := 18 42;
set Last[17] := 19 43;
set Last[18] := 20 44;
set Last[19] := 21 45;
set Last[20] := 22 46;
set Last[21] := 23 47;
set Last[22] := 24 48;
set Last[23] := 1 25;
set Last[24] := 3 27;
set Last[25] := 4 28;
set Last[26] := 5 29;
set Last[27] := 7 31;
set Last[28] := 8 32;
set Last[29] := 9 33;
set Last[30] := 10 34;
set Last[31] := 11 35;
set Last[32] := 12 36;
set Last[33] := 14 38;
set Last[34] := 15 39;
set Last[35] := 16 40;
set Last[36] := 17 41;
set Last[37] := 18 42;
set Last[38] := 19 43;
set Last[39] := 21 45;
set Last[40] := 22 46;
set Last[41] := 24 48;
set Last[42] := 1 25;
set Last[43] := 2 26;
set Last[44] := 4 28;
set Last[45] := 5 29;
set Last[46] := 6 30;
set Last[47] := 7 31;
set Last[48] := 8 32;
set Last[49] := 9 33;
set Last[50] := 10 34;
set Last[51] := 11 35;
set Last[52] := 12 36;
set Last[53] := 14 38;
set Last[54] := 15 39;
set Last[55] := 16 40;
set Last[56] := 17 41;
set Last[57] := 18 42;
set Last[58] := 19 43;
set Last[59] := 20 44;
set Last[60] := 21 45;
set Last[61] := 22 46;
set Last[62] := 23 47;
set Last[63] := 24 48;
set Last[64] := 2 26;
set Last[65] := 3 27;
set Last[66] := 5 29;
set Last[67] := 7 31;
set Last[68] := 9 33;
set Last[69] := 11 35;
set Last[70] := 12 36;
set Last[71] := 14 38;
set Last[72] := 15 39;
set Last[73] := 16 40;
set Last[74] := 17 41;
set Last[75] := 18 42;
set Last[76] := 22 46;
set Last[77] := 24 48;
set Last[78] := 1 25;
set Last[79] := 2 26;
set Last[80] := 3 27;
set Last[81] := 4 28;
set Last[82] := 6 30;
set Last[83] := 7 31;
set Last[84] := 8 32;
set Last[85] := 9 33;
set Last[86] := 10 34;
set Last[87] := 11 35;
set Last[88] := 12 36;
set Last[89] := 14 38;
set Last[90] := 15 39;
set Last[91] := 16 40;
set Last[92] := 17 41;
set Last[93] := 18 42;
set Last[94] := 19 43;
set Last[95] := 21 45;
set Last[96] := 22 46;
set Last[97] := 24 48;
set Last[98] := 3 27;
set Last[99] := 7 31;
set Last[100] := 9 33;
set Last[101] := 11 35;
set Last[102] := 12 36;
set Last[103] := 14 38;
set Last[104] := 16 40;
set Last[105] := 18 42;
set Last[106] := 22 46;
set Last[107] := 24 48;
set Last[108] := 1 25;
set Last[109] := 2 26;
set Last[110] := 3 27;
set Last[111] := 4 28;
set Last[112] := 5 29;
set Last[113] := 6 30;
set Last[114] := 8 32;
set Last[115] := 9 33;
set Last[116] := 10 34;
set Last[117] := 11 35;
set Last[118] := 12 36;
set Last[119] := 14 38;
set Last[120] := 15 39;
set Last[121] := 16 40;
set Last[122] := 17 41;
set Last[123] := 18 42;
set Last[124] := 19 43;
set Last[125] := 20 44;
set Last[126] := 21 45;
set Last[127] := 22 46;
set Last[128] := 23 47;
set Last[129] := 24 48;
set Last[130] := 1 25;
set Last[131] := 2 26;
set Last[132] := 3 27;
set Last[133] := 5 29;
set Last[134] := 7 31;
set Last[135] := 9 33;
set Last[136] := 10 34;
set Last[137] := 11 35;
set Last[138] := 12 36;
set Last[139] := 14 38;
set Last[140] := 15 39;
set Last[141] := 16 40;
set Last[142] := 17 41;
set Last[143] := 18 42;
set Last[144] := 21 45;
set Last[145] := 22 46;
set Last[146] := 24 48;
set Last[147] := 1 25;
set Last[148] := 2 26;
set Last[149] := 3 27;
set Last[150] := 4 28;
set Last[151] := 5 29;
set Last[152] := 6 30;
set Last[153] := 7 31;
set Last[154] := 8 32;
set Last[155] := 10 34;
set Last[156] := 11 35;
set Last[157] := 12 36;
set Last[158] := 14 38;
set Last[159] := 15 39;
set Last[160] := 16 40;
set Last[161] := 17 41;
set Last[162] := 18 42;
set Last[163] := 19 43;
set Last[164] := 20 44;
set Last[165] := 21 45;
set Last[166] := 22 46;
set Last[167] := 23 47;
set Last[168] := 24 48;
set Last[169] := 1 25;
set Last[170] := 2 26;
set Last[171] := 3 27;
set Last[172] := 4 28;
set Last[173] := 5 29;
set Last[174] := 6 30;
set Last[175] := 7 31;
set Last[176] := 8 32;
set Last[177] := 9 33;
set Last[178] := 11 35;
set Last[179] := 12 36;
set Last[180] := 14 38;
set Last[181] := 15 39;
set Last[182] := 16 40;
set Last[183] := 17 41;
set Last[184] := 18 42;
set Last[185] := 19 43;
set Last[186] := 20 44;
set Last[187] := 21 45;
set Last[188] := 22 46;
set Last[189] := 23 47;
set Last[190] := 24 48;
set Last[191] := 1 25;
set Last[192] := 2 26;
set Last[193] := 3 27;
set Last[194] := 4 28;
set Last[195] := 5 29;
set Last[196] := 6 30;
set Last[197] := 7 31;
set Last[198] := 8 32;
set Last[199] := 9 33;
set Last[200] := 10 34;
set Last[201] := 12 36;
set Last[202] := 13 37;
set Last[203] := 14 38;
set Last[204] := 15 39;
set Last[205] := 16 40;
set Last[206] := 17 41;
set Last[207] := 18 42;
set Last[208] := 19 43;
set Last[209] := 20 44;
set Last[210] := 21 45;
set Last[211] := 22 46;
set Last[212] := 23 47;
set Last[213] := 24 48;
set Last[214] := 1 25;
set Last[215] := 2 26;
set Last[216] := 3 27;
set Last[217] := 4 28;
set Last[218] := 5 29;
set Last[219] := 6 30;
set Last[220] := 7 31;
set Last[221] := 8 32;
set Last[222] := 9 33;
set Last[223] := 10 34;
set Last[224] := 11 35;
set Last[225] := 13 37;
set Last[226] := 14 38;
set Last[227] := 15 39;
set Last[228] := 16 40;
set Last[229] := 17 41;
set Last[230] := 18 42;
set Last[231] := 19 43;
set Last[232] := 20 44;
set Last[233] := 21 45;
set Last[234] := 22 46;
set Last[235] := 23 47;
set Last[236] := 24 48;
set Last[237] := 1 25;
set Last[238] := 2 26;
set Last[239] := 3 27;
set Last[240] := 4 28;
set Last[241] := 5 29;
set Last[242] := 6 30;
set Last[243] := 7 31;
set Last[244] := 8 32;
set Last[245] := 9 33;
set Last[246] := 10 34;
set Last[247] := 11 35;
set Last[248] := 12 36;
set Last[249] := 13 37;
set Last[250] := 15 39;
set Last[251] := 16 40;
set Last[252] := 17 41;
set Last[253] := 18 42;
set Last[254] := 19 43;
set Last[255] := 20 44;
set Last[256] := 21 45;
set Last[257] := 22 46;
set Last[258] := 23 47;
set Last[259] := 24 48;
set Last[260] := 1 25;
set Last[261] := 2 26;
set Last[262] := 3 27;
set Last[263] := 4 28;
set Last[264] := 5 29;
set Last[265] := 6 30;
set Last[266] := 7 31;
set Last[267] := 8 32;
set Last[268] := 9 33;
set Last[269] := 10 34;
set Last[270] := 11 35;
set Last[271] := 12 36;
set Last[272] := 14 38;
set Last[273] := 16 40;
set Last[274] := 17 41;
set Last[275] := 18 42;
set Last[276] := 19 43;
set Last[277] := 20 44;
set Last[278] := 21 45;
set Last[279] := 22 46;
set Last[280] := 23 47;
set Last[281] := 24 48;
set Last[282] := 1 25;
set Last[283] := 2 26;
set Last[284] := 3 27;
set Last[285] := 4 28;
set Last[286] := 5 29;
set Last[287] := 6 30;
set Last[288] := 7 31;
set Last[289] := 8 32;
set Last[290] := 9 33;
set Last[291] := 10 34;
set Last[292] := 11 35;
set Last[293] := 12 36;
set Last[294] := 13 37;
set Last[295] := 14 38;
set Last[296] := 15 39;
set Last[297] := 17 41;
set Last[298] := 18 42;
set Last[299] := 19 43;
set Last[300] := 20 44;
set Last[301] := 21 45;
set Last[302] := 22 46;
set Last[303] := 23 47;
set Last[304] := 24 48;
set Last[305] := 1 25;
set Last[306] := 2 26;
set Last[307] := 3 27;
set Last[308] := 4 28;
set Last[309] := 5 29;
set Last[310] := 6 30;
set Last[311] := 7 31;
set Last[312] := 8 32;
set Last[313] := 9 33;
set Last[314] := 10 34;
set Last[315] := 11 35;
set Last[316] := 12 36;
set Last[317] := 14 38;
set Last[318] := 15 39;
set Last[319] := 16 40;
set Last[320] := 18 42;
set Last[321] := 19 43;
set Last[322] := 20 44;
set Last[323] := 21 45;
set Last[324] := 22 46;
set Last[325] := 23 47;
set Last[326] := 24 48;
set Last[327] := 1 25;
set Last[328] := 2 26;
set Last[329] := 3 27;
set Last[330] := 4 28;
set Last[331] := 5 29;
set Last[332] := 6 30;
set Last[333] := 7 31;
set Last[334] := 8 32;
set Last[335] := 9 33;
set Last[336] := 10 34;
set Last[337] := 11 35;
set Last[338] := 12 36;
set Last[339] := 13 37;
set Last[340] := 14 38;
set Last[341] := 15 39;
set Last[342] := 16 40;
set Last[343] := 17 41;
set Last[344] := 19 43;
set Last[345] := 20 44;
set Last[346] := 21 45;
set Last[347] := 22 46;
set Last[348] := 23 47;
set Last[349] := 24 48;
set Last[350] := 1 25;
set Last[351] := 2 26;
set Last[352] := 3 27;
set Last[353] := 5 29;
set Last[354] := 7 31;
set Last[355] := 8 32;
set Last[356] := 9 33;
set Last[357] := 10 34;
set Last[358] := 11 35;
set Last[359] := 12 36;
set Last[360] := 14 38;
set Last[361] := 15 39;
set Last[362] := 16 40;
set Last[363] := 17 41;
set Last[364] := 18 42;
set Last[365] := 21 45;
set Last[366] := 22 46;
set Last[367] := 24 48;
set Last[368] := 2 26;
set Last[369] := 3 27;
set Last[370] := 5 29;
set Last[371] := 7 31;
set Last[372] := 9 33;
set Last[373] := 11 35;
set Last[374] := 12 36;
set Last[375] := 14 38;
set Last[376] := 15 39;
set Last[377] := 16 40;
set Last[378] := 17 41;
set Last[379] := 18 42;
set Last[380] := 22 46;
set Last[381] := 24 48;
set Last[382] := 1 25;
set Last[383] := 2 26;
set Last[384] := 3 27;
set Last[385] := 4 28;
set Last[386] := 5 29;
set Last[387] := 6 30;
set Last[388] := 7 31;
set Last[389] := 8 32;
set Last[390] := 9 33;
set Last[391] := 10 34;
set Last[392] := 11 35;
set Last[393] := 12 36;
set Last[394] := 14 38;
set Last[395] := 15 39;
set Last[396] := 16 40;
set Last[397] := 17 41;
set Last[398] := 18 42;
set Last[399] := 19 43;
set Last[400] := 22 46;
set Last[401] := 24 48;
set Last[402] := 11 35;
set Last[403] := 14 38;
set Last[404] := 1 25;
set Last[405] := 2 26;
set Last[406] := 3 27;
set Last[407] := 5 29;
set Last[408] := 7 31;
set Last[409] := 9 33;
set Last[410] := 10 34;
set Last[411] := 11 35;
set Last[412] := 12 36;
set Last[413] := 14 38;
set Last[414] := 15 39;
set Last[415] := 16 40;
set Last[416] := 17 41;
set Last[417] := 18 42;
set Last[418] := 21 45;
set Last[419] := 22 46;
set Last[420] := 24 48;
set Last[421] := 1 25;
set Last[422] := 2 26;
set Last[423] := 3 27;
set Last[424] := 4 28;
set Last[425] := 5 29;
set Last[426] := 6 30;
set Last[427] := 7 31;
set Last[428] := 8 32;
set Last[429] := 9 33;
set Last[430] := 10 34;
set Last[431] := 11 35;
set Last[432] := 12 36;
set Last[433] := 14 38;
set Last[434] := 15 39;
set Last[435] := 16 40;
set Last[436] := 17 41;
set Last[437] := 18 42;
set Last[438] := 19 43;
set Last[439] := 20 44;
set Last[440] := 21 45;
set Last[441] := 22 46;
set Last[442] := 23 47;

param q := 5;

end;
