data;

set V := 1 2 3 4 5 6 7 8 9 10 11 12 13 14 15 16 17 18 19 20 21 22 23 24 25 26 27 29 30 31 32 33 34 35 36 37 38 39 40 41 42 43 44 45 46 47 48 49 50 51 52 53 54 55;

set A := 1 14
         1 29
         2 14
         2 30
         3 21
         3 31
         4 23
         4 32
         5 15
         5 33
         6 26
         6 34
         7 14
         7 35
         8 21
         8 36
         9 12
         9 37
         10 11
         10 23
         10 38
         11 10
         11 15
         11 39
         12 9
         12 25
         12 40
         13 25
         13 41
         14 1
         14 2
         14 7
         14 17
         14 21
         14 26
         14 42
         15 5
         15 11
         15 16
         15 21
         15 25
         15 43
         16 15
         16 17
         16 19
         16 21
         16 44
         17 14
         17 16
         17 45
         18 20
         18 46
         19 16
         19 47
         20 18
         20 21
         20 48
         21 3
         21 8
         21 14
         21 15
         21 16
         21 20
         21 24
         21 25
         21 27
         21 49
         22 23
         22 50
         23 4
         23 10
         23 22
         23 51
         24 21
         24 52
         25 12
         25 13
         25 15
         25 21
         25 53
         26 6
         26 14
         26 54
         27 21
         27 55
         ;

set S := 1 2 3 4 5 6 7 8 9 10 11 12 13 14 15 16 17 18 19 20 21 22 23 24 25 26 27 28 29 30 31 32 33 34 35 36 37 38 39 40 41 42 43 44 45 46 47 48 49 50 51 52 53 54 55 56 57 58 59 60 61 62 63 64 65 66 67 68 69 70 71 72 73 74 75 76 77 78 79 80 81 82 83 84 85 86 87 88 89 90 91 92 93 94 95 96 97 98 99 100 101 102 103 104 105 106 107 108 109 110 111 112 113 114 115 116 117 118 119 120 121 122 123 124 125 126 127 128 129 130 131 132 133 134 135 136 137 138 139 140 141 142 143 144 145 146 147 148 149 150 151 152 153 154 155 156 157 158 159 160 161 162 163 164 165 166 167 168 169 170 171 172 173 174 175 176 177 178 179 180 181 182 183 184 185 186 187 188 189 190 191 192 193 194 195 196 197 198 199 200 201 202 203 204 205 206 207 208 209 210 211 212 213 214 215 216 217 218 219 220 221 222 223 224 225 226 227 228 229 230 231 232 233 234 235 236 237 238 239 240 241 242 243 244 245 246 247 248 249 250 251 252 253 254 255 256 257 258 259 260 261 262 263 264 265 266 267 268 269 270 271 272 273 274 275 276 277 278 279 280 281 282 283 284 285 286 287 288 289 290 291 292 293 294 295 296 297 298 299 300 301 302 303 304 305 306 307 308 309 310 311 312 313 314 315 316 317 318 319 320 321 322 323 324 325 326 327 328 329 330 331 332 333 334 335 336 337 338 339 340 341 342 343 344 345 346 347 348 349 350 351 352 353 354 355 356 357 358 359 360 361 362 363 364 365 366 367 368 369 370 371 372 373 374 375 376 377 378 379 380 381 382 383 384 385 386 387 388 389 390 391 392 393 394 395 396 397 398 399 400 401 402 403 404 405 406 407 408 409 410 411 412 413 414 415 416 417 418 419 420 421 422 423 424 425 426 427 428 429 430 431 432 433 434 435 436 437 438 439 440 441 442 443 444 445 446 447 448 449 450 451 452 453 454 455 456 457 458 459 460 461 462 463 464 465 466 467 468 469 470 471 472 473 474 475 476 477 478 479 480 481 482 483 484 485 486 487 488 489 490 491 492 493 494 495 496 497 498 499 500 501 502 503 504 505 506 507 508 509 510 511 512 513 514 515 516 517 518 519 520 521 522 523 524 525 526 527 528 529 530 531 532 533 534 535 536 537 538 539 540 541 542 543 544 545 546 547 548 549 550 551 552 553 554 555 556 557 558 559 560 561 562 563 564 565 566 567 568 569 570 571 572 573 574 575 576 577 578 579 580 581 582 583 584 585 586 587 588 589 590 591 592 593 594 595 596 597 598 599 600 601 602 603 604 605 606 607 608 609 610 611 612 613 614 615 616 617 618 619 620 621 622 623 624 625 626 627 628 629 630 631 632 633 634 635 636 637 638 639 640 641 642 643 644 645 646 647 648 649 650 651 652 653 654 655 656 657 658 659 660 661 662 663 664 665 666 667 668 669 670 671 672 673 674 675 676 677 678 679 680 681 682 683 684 685 686 687 688 689 690 691 692 693 694 695 696 697 698 699 700 701 702;

set F[1] := 1 14
            14 2
            2 30
            ;
set F[2] := 1 14
            14 21
            21 3
            3 31
            ;
set F[3] := 1 14
            14 21
            21 15
            15 11
            11 10
            10 23
            23 4
            4 32
            ;
set F[4] := 1 14
            14 21
            21 15
            15 5
            5 33
            ;
set F[5] := 1 14
            14 26
            26 6
            6 34
            ;
set F[6] := 1 14
            14 7
            7 35
            ;
set F[7] := 1 14
            14 21
            21 8
            8 36
            ;
set F[8] := 1 14
            14 21
            21 25
            25 12
            12 9
            9 37
            ;
set F[9] := 1 14
            14 21
            21 15
            15 11
            11 10
            10 38
            ;
set F[10] := 1 14
             14 21
             21 15
             15 11
             11 39
             ;
set F[11] := 1 14
             14 21
             21 25
             25 12
             12 40
             ;
set F[12] := 1 14
             14 21
             21 25
             25 13
             13 41
             ;
set F[13] := 1 14
             14 42
             ;
set F[14] := 1 14
             14 21
             21 15
             15 43
             ;
set F[15] := 1 14
             14 17
             17 16
             16 44
             ;
set F[16] := 1 14
             14 17
             17 45
             ;
set F[17] := 1 14
             14 21
             21 20
             20 18
             18 46
             ;
set F[18] := 1 14
             14 17
             17 16
             16 19
             19 47
             ;
set F[19] := 1 14
             14 21
             21 20
             20 48
             ;
set F[20] := 1 14
             14 21
             21 49
             ;
set F[21] := 1 14
             14 21
             21 15
             15 11
             11 10
             10 23
             23 22
             22 50
             ;
set F[22] := 1 14
             14 21
             21 15
             15 11
             11 10
             10 23
             23 51
             ;
set F[23] := 1 14
             14 21
             21 24
             24 52
             ;
set F[24] := 1 14
             14 21
             21 25
             25 53
             ;
set F[25] := 1 14
             14 26
             26 54
             ;
set F[26] := 1 14
             14 21
             21 27
             27 55
             ;
set F[27] := 2 14
             14 1
             1 29
             ;
set F[28] := 2 14
             14 21
             21 3
             3 31
             ;
set F[29] := 2 14
             14 21
             21 15
             15 11
             11 10
             10 23
             23 4
             4 32
             ;
set F[30] := 2 14
             14 21
             21 15
             15 5
             5 33
             ;
set F[31] := 2 14
             14 26
             26 6
             6 34
             ;
set F[32] := 2 14
             14 7
             7 35
             ;
set F[33] := 2 14
             14 21
             21 8
             8 36
             ;
set F[34] := 2 14
             14 21
             21 25
             25 12
             12 9
             9 37
             ;
set F[35] := 2 14
             14 21
             21 15
             15 11
             11 10
             10 38
             ;
set F[36] := 2 14
             14 21
             21 15
             15 11
             11 39
             ;
set F[37] := 2 14
             14 21
             21 25
             25 12
             12 40
             ;
set F[38] := 2 14
             14 21
             21 25
             25 13
             13 41
             ;
set F[39] := 2 14
             14 42
             ;
set F[40] := 2 14
             14 21
             21 15
             15 43
             ;
set F[41] := 2 14
             14 17
             17 16
             16 44
             ;
set F[42] := 2 14
             14 17
             17 45
             ;
set F[43] := 2 14
             14 21
             21 20
             20 18
             18 46
             ;
set F[44] := 2 14
             14 17
             17 16
             16 19
             19 47
             ;
set F[45] := 2 14
             14 21
             21 20
             20 48
             ;
set F[46] := 2 14
             14 21
             21 49
             ;
set F[47] := 2 14
             14 21
             21 15
             15 11
             11 10
             10 23
             23 22
             22 50
             ;
set F[48] := 2 14
             14 21
             21 15
             15 11
             11 10
             10 23
             23 51
             ;
set F[49] := 2 14
             14 21
             21 24
             24 52
             ;
set F[50] := 2 14
             14 21
             21 25
             25 53
             ;
set F[51] := 2 14
             14 26
             26 54
             ;
set F[52] := 2 14
             14 21
             21 27
             27 55
             ;
set F[53] := 3 21
             21 14
             14 1
             1 29
             ;
set F[54] := 3 21
             21 14
             14 2
             2 30
             ;
set F[55] := 3 21
             21 15
             15 11
             11 10
             10 23
             23 4
             4 32
             ;
set F[56] := 3 21
             21 15
             15 5
             5 33
             ;
set F[57] := 3 21
             21 14
             14 26
             26 6
             6 34
             ;
set F[58] := 3 21
             21 14
             14 7
             7 35
             ;
set F[59] := 3 21
             21 8
             8 36
             ;
set F[60] := 3 21
             21 25
             25 12
             12 9
             9 37
             ;
set F[61] := 3 21
             21 15
             15 11
             11 10
             10 38
             ;
set F[62] := 3 21
             21 15
             15 11
             11 39
             ;
set F[63] := 3 21
             21 25
             25 12
             12 40
             ;
set F[64] := 3 21
             21 25
             25 13
             13 41
             ;
set F[65] := 3 21
             21 14
             14 42
             ;
set F[66] := 3 21
             21 15
             15 43
             ;
set F[67] := 3 21
             21 16
             16 44
             ;
set F[68] := 3 21
             21 14
             14 17
             17 45
             ;
set F[69] := 3 21
             21 20
             20 18
             18 46
             ;
set F[70] := 3 21
             21 16
             16 19
             19 47
             ;
set F[71] := 3 21
             21 20
             20 48
             ;
set F[72] := 3 21
             21 49
             ;
set F[73] := 3 21
             21 15
             15 11
             11 10
             10 23
             23 22
             22 50
             ;
set F[74] := 3 21
             21 15
             15 11
             11 10
             10 23
             23 51
             ;
set F[75] := 3 21
             21 24
             24 52
             ;
set F[76] := 3 21
             21 25
             25 53
             ;
set F[77] := 3 21
             21 14
             14 26
             26 54
             ;
set F[78] := 3 21
             21 27
             27 55
             ;
set F[79] := 4 23
             23 10
             10 11
             11 15
             15 21
             21 14
             14 1
             1 29
             ;
set F[80] := 4 23
             23 10
             10 11
             11 15
             15 21
             21 14
             14 2
             2 30
             ;
set F[81] := 4 23
             23 10
             10 11
             11 15
             15 21
             21 3
             3 31
             ;
set F[82] := 4 23
             23 10
             10 11
             11 15
             15 5
             5 33
             ;
set F[83] := 4 23
             23 10
             10 11
             11 15
             15 21
             21 14
             14 26
             26 6
             6 34
             ;
set F[84] := 4 23
             23 10
             10 11
             11 15
             15 21
             21 14
             14 7
             7 35
             ;
set F[85] := 4 23
             23 10
             10 11
             11 15
             15 21
             21 8
             8 36
             ;
set F[86] := 4 23
             23 10
             10 11
             11 15
             15 25
             25 12
             12 9
             9 37
             ;
set F[87] := 4 23
             23 10
             10 38
             ;
set F[88] := 4 23
             23 10
             10 11
             11 39
             ;
set F[89] := 4 23
             23 10
             10 11
             11 15
             15 25
             25 12
             12 40
             ;
set F[90] := 4 23
             23 10
             10 11
             11 15
             15 25
             25 13
             13 41
             ;
set F[91] := 4 23
             23 10
             10 11
             11 15
             15 21
             21 14
             14 42
             ;
set F[92] := 4 23
             23 10
             10 11
             11 15
             15 43
             ;
set F[93] := 4 23
             23 10
             10 11
             11 15
             15 16
             16 44
             ;
set F[94] := 4 23
             23 10
             10 11
             11 15
             15 16
             16 17
             17 45
             ;
set F[95] := 4 23
             23 10
             10 11
             11 15
             15 21
             21 20
             20 18
             18 46
             ;
set F[96] := 4 23
             23 10
             10 11
             11 15
             15 16
             16 19
             19 47
             ;
set F[97] := 4 23
             23 10
             10 11
             11 15
             15 21
             21 20
             20 48
             ;
set F[98] := 4 23
             23 10
             10 11
             11 15
             15 21
             21 49
             ;
set F[99] := 4 23
             23 22
             22 50
             ;
set F[100] := 4 23
              23 51
              ;
set F[101] := 4 23
              23 10
              10 11
              11 15
              15 21
              21 24
              24 52
              ;
set F[102] := 4 23
              23 10
              10 11
              11 15
              15 25
              25 53
              ;
set F[103] := 4 23
              23 10
              10 11
              11 15
              15 21
              21 14
              14 26
              26 54
              ;
set F[104] := 4 23
              23 10
              10 11
              11 15
              15 21
              21 27
              27 55
              ;
set F[105] := 5 15
              15 21
              21 14
              14 1
              1 29
              ;
set F[106] := 5 15
              15 21
              21 14
              14 2
              2 30
              ;
set F[107] := 5 15
              15 21
              21 3
              3 31
              ;
set F[108] := 5 15
              15 11
              11 10
              10 23
              23 4
              4 32
              ;
set F[109] := 5 15
              15 21
              21 14
              14 26
              26 6
              6 34
              ;
set F[110] := 5 15
              15 21
              21 14
              14 7
              7 35
              ;
set F[111] := 5 15
              15 21
              21 8
              8 36
              ;
set F[112] := 5 15
              15 25
              25 12
              12 9
              9 37
              ;
set F[113] := 5 15
              15 11
              11 10
              10 38
              ;
set F[114] := 5 15
              15 11
              11 39
              ;
set F[115] := 5 15
              15 25
              25 12
              12 40
              ;
set F[116] := 5 15
              15 25
              25 13
              13 41
              ;
set F[117] := 5 15
              15 21
              21 14
              14 42
              ;
set F[118] := 5 15
              15 43
              ;
set F[119] := 5 15
              15 16
              16 44
              ;
set F[120] := 5 15
              15 16
              16 17
              17 45
              ;
set F[121] := 5 15
              15 21
              21 20
              20 18
              18 46
              ;
set F[122] := 5 15
              15 16
              16 19
              19 47
              ;
set F[123] := 5 15
              15 21
              21 20
              20 48
              ;
set F[124] := 5 15
              15 21
              21 49
              ;
set F[125] := 5 15
              15 11
              11 10
              10 23
              23 22
              22 50
              ;
set F[126] := 5 15
              15 11
              11 10
              10 23
              23 51
              ;
set F[127] := 5 15
              15 21
              21 24
              24 52
              ;
set F[128] := 5 15
              15 25
              25 53
              ;
set F[129] := 5 15
              15 21
              21 14
              14 26
              26 54
              ;
set F[130] := 5 15
              15 21
              21 27
              27 55
              ;
set F[131] := 6 26
              26 14
              14 1
              1 29
              ;
set F[132] := 6 26
              26 14
              14 2
              2 30
              ;
set F[133] := 6 26
              26 14
              14 21
              21 3
              3 31
              ;
set F[134] := 6 26
              26 14
              14 21
              21 15
              15 11
              11 10
              10 23
              23 4
              4 32
              ;
set F[135] := 6 26
              26 14
              14 21
              21 15
              15 5
              5 33
              ;
set F[136] := 6 26
              26 14
              14 7
              7 35
              ;
set F[137] := 6 26
              26 14
              14 21
              21 8
              8 36
              ;
set F[138] := 6 26
              26 14
              14 21
              21 25
              25 12
              12 9
              9 37
              ;
set F[139] := 6 26
              26 14
              14 21
              21 15
              15 11
              11 10
              10 38
              ;
set F[140] := 6 26
              26 14
              14 21
              21 15
              15 11
              11 39
              ;
set F[141] := 6 26
              26 14
              14 21
              21 25
              25 12
              12 40
              ;
set F[142] := 6 26
              26 14
              14 21
              21 25
              25 13
              13 41
              ;
set F[143] := 6 26
              26 14
              14 42
              ;
set F[144] := 6 26
              26 14
              14 21
              21 15
              15 43
              ;
set F[145] := 6 26
              26 14
              14 17
              17 16
              16 44
              ;
set F[146] := 6 26
              26 14
              14 17
              17 45
              ;
set F[147] := 6 26
              26 14
              14 21
              21 20
              20 18
              18 46
              ;
set F[148] := 6 26
              26 14
              14 17
              17 16
              16 19
              19 47
              ;
set F[149] := 6 26
              26 14
              14 21
              21 20
              20 48
              ;
set F[150] := 6 26
              26 14
              14 21
              21 49
              ;
set F[151] := 6 26
              26 14
              14 21
              21 15
              15 11
              11 10
              10 23
              23 22
              22 50
              ;
set F[152] := 6 26
              26 14
              14 21
              21 15
              15 11
              11 10
              10 23
              23 51
              ;
set F[153] := 6 26
              26 14
              14 21
              21 24
              24 52
              ;
set F[154] := 6 26
              26 14
              14 21
              21 25
              25 53
              ;
set F[155] := 6 26
              26 54
              ;
set F[156] := 6 26
              26 14
              14 21
              21 27
              27 55
              ;
set F[157] := 7 14
              14 1
              1 29
              ;
set F[158] := 7 14
              14 2
              2 30
              ;
set F[159] := 7 14
              14 21
              21 3
              3 31
              ;
set F[160] := 7 14
              14 21
              21 15
              15 11
              11 10
              10 23
              23 4
              4 32
              ;
set F[161] := 7 14
              14 21
              21 15
              15 5
              5 33
              ;
set F[162] := 7 14
              14 26
              26 6
              6 34
              ;
set F[163] := 7 14
              14 21
              21 8
              8 36
              ;
set F[164] := 7 14
              14 21
              21 25
              25 12
              12 9
              9 37
              ;
set F[165] := 7 14
              14 21
              21 15
              15 11
              11 10
              10 38
              ;
set F[166] := 7 14
              14 21
              21 15
              15 11
              11 39
              ;
set F[167] := 7 14
              14 21
              21 25
              25 12
              12 40
              ;
set F[168] := 7 14
              14 21
              21 25
              25 13
              13 41
              ;
set F[169] := 7 14
              14 42
              ;
set F[170] := 7 14
              14 21
              21 15
              15 43
              ;
set F[171] := 7 14
              14 17
              17 16
              16 44
              ;
set F[172] := 7 14
              14 17
              17 45
              ;
set F[173] := 7 14
              14 21
              21 20
              20 18
              18 46
              ;
set F[174] := 7 14
              14 17
              17 16
              16 19
              19 47
              ;
set F[175] := 7 14
              14 21
              21 20
              20 48
              ;
set F[176] := 7 14
              14 21
              21 49
              ;
set F[177] := 7 14
              14 21
              21 15
              15 11
              11 10
              10 23
              23 22
              22 50
              ;
set F[178] := 7 14
              14 21
              21 15
              15 11
              11 10
              10 23
              23 51
              ;
set F[179] := 7 14
              14 21
              21 24
              24 52
              ;
set F[180] := 7 14
              14 21
              21 25
              25 53
              ;
set F[181] := 7 14
              14 26
              26 54
              ;
set F[182] := 7 14
              14 21
              21 27
              27 55
              ;
set F[183] := 8 21
              21 14
              14 1
              1 29
              ;
set F[184] := 8 21
              21 14
              14 2
              2 30
              ;
set F[185] := 8 21
              21 3
              3 31
              ;
set F[186] := 8 21
              21 15
              15 11
              11 10
              10 23
              23 4
              4 32
              ;
set F[187] := 8 21
              21 15
              15 5
              5 33
              ;
set F[188] := 8 21
              21 14
              14 26
              26 6
              6 34
              ;
set F[189] := 8 21
              21 14
              14 7
              7 35
              ;
set F[190] := 8 21
              21 25
              25 12
              12 9
              9 37
              ;
set F[191] := 8 21
              21 15
              15 11
              11 10
              10 38
              ;
set F[192] := 8 21
              21 15
              15 11
              11 39
              ;
set F[193] := 8 21
              21 25
              25 12
              12 40
              ;
set F[194] := 8 21
              21 25
              25 13
              13 41
              ;
set F[195] := 8 21
              21 14
              14 42
              ;
set F[196] := 8 21
              21 15
              15 43
              ;
set F[197] := 8 21
              21 16
              16 44
              ;
set F[198] := 8 21
              21 14
              14 17
              17 45
              ;
set F[199] := 8 21
              21 20
              20 18
              18 46
              ;
set F[200] := 8 21
              21 16
              16 19
              19 47
              ;
set F[201] := 8 21
              21 20
              20 48
              ;
set F[202] := 8 21
              21 49
              ;
set F[203] := 8 21
              21 15
              15 11
              11 10
              10 23
              23 22
              22 50
              ;
set F[204] := 8 21
              21 15
              15 11
              11 10
              10 23
              23 51
              ;
set F[205] := 8 21
              21 24
              24 52
              ;
set F[206] := 8 21
              21 25
              25 53
              ;
set F[207] := 8 21
              21 14
              14 26
              26 54
              ;
set F[208] := 8 21
              21 27
              27 55
              ;
set F[209] := 9 12
              12 25
              25 21
              21 14
              14 1
              1 29
              ;
set F[210] := 9 12
              12 25
              25 21
              21 14
              14 2
              2 30
              ;
set F[211] := 9 12
              12 25
              25 21
              21 3
              3 31
              ;
set F[212] := 9 12
              12 25
              25 15
              15 11
              11 10
              10 23
              23 4
              4 32
              ;
set F[213] := 9 12
              12 25
              25 15
              15 5
              5 33
              ;
set F[214] := 9 12
              12 25
              25 21
              21 14
              14 26
              26 6
              6 34
              ;
set F[215] := 9 12
              12 25
              25 21
              21 14
              14 7
              7 35
              ;
set F[216] := 9 12
              12 25
              25 21
              21 8
              8 36
              ;
set F[217] := 9 12
              12 25
              25 15
              15 11
              11 10
              10 38
              ;
set F[218] := 9 12
              12 25
              25 15
              15 11
              11 39
              ;
set F[219] := 9 12
              12 40
              ;
set F[220] := 9 12
              12 25
              25 13
              13 41
              ;
set F[221] := 9 12
              12 25
              25 21
              21 14
              14 42
              ;
set F[222] := 9 12
              12 25
              25 15
              15 43
              ;
set F[223] := 9 12
              12 25
              25 15
              15 16
              16 44
              ;
set F[224] := 9 12
              12 25
              25 15
              15 16
              16 17
              17 45
              ;
set F[225] := 9 12
              12 25
              25 21
              21 20
              20 18
              18 46
              ;
set F[226] := 9 12
              12 25
              25 15
              15 16
              16 19
              19 47
              ;
set F[227] := 9 12
              12 25
              25 21
              21 20
              20 48
              ;
set F[228] := 9 12
              12 25
              25 21
              21 49
              ;
set F[229] := 9 12
              12 25
              25 15
              15 11
              11 10
              10 23
              23 22
              22 50
              ;
set F[230] := 9 12
              12 25
              25 15
              15 11
              11 10
              10 23
              23 51
              ;
set F[231] := 9 12
              12 25
              25 21
              21 24
              24 52
              ;
set F[232] := 9 12
              12 25
              25 53
              ;
set F[233] := 9 12
              12 25
              25 21
              21 14
              14 26
              26 54
              ;
set F[234] := 9 12
              12 25
              25 21
              21 27
              27 55
              ;
set F[235] := 10 11
              11 15
              15 21
              21 14
              14 1
              1 29
              ;
set F[236] := 10 11
              11 15
              15 21
              21 14
              14 2
              2 30
              ;
set F[237] := 10 11
              11 15
              15 21
              21 3
              3 31
              ;
set F[238] := 10 23
              23 4
              4 32
              ;
set F[239] := 10 11
              11 15
              15 5
              5 33
              ;
set F[240] := 10 11
              11 15
              15 21
              21 14
              14 26
              26 6
              6 34
              ;
set F[241] := 10 11
              11 15
              15 21
              21 14
              14 7
              7 35
              ;
set F[242] := 10 11
              11 15
              15 21
              21 8
              8 36
              ;
set F[243] := 10 11
              11 15
              15 25
              25 12
              12 9
              9 37
              ;
set F[244] := 10 11
              11 39
              ;
set F[245] := 10 11
              11 15
              15 25
              25 12
              12 40
              ;
set F[246] := 10 11
              11 15
              15 25
              25 13
              13 41
              ;
set F[247] := 10 11
              11 15
              15 21
              21 14
              14 42
              ;
set F[248] := 10 11
              11 15
              15 43
              ;
set F[249] := 10 11
              11 15
              15 16
              16 44
              ;
set F[250] := 10 11
              11 15
              15 16
              16 17
              17 45
              ;
set F[251] := 10 11
              11 15
              15 21
              21 20
              20 18
              18 46
              ;
set F[252] := 10 11
              11 15
              15 16
              16 19
              19 47
              ;
set F[253] := 10 11
              11 15
              15 21
              21 20
              20 48
              ;
set F[254] := 10 11
              11 15
              15 21
              21 49
              ;
set F[255] := 10 23
              23 22
              22 50
              ;
set F[256] := 10 23
              23 51
              ;
set F[257] := 10 11
              11 15
              15 21
              21 24
              24 52
              ;
set F[258] := 10 11
              11 15
              15 25
              25 53
              ;
set F[259] := 10 11
              11 15
              15 21
              21 14
              14 26
              26 54
              ;
set F[260] := 10 11
              11 15
              15 21
              21 27
              27 55
              ;
set F[261] := 11 15
              15 21
              21 14
              14 1
              1 29
              ;
set F[262] := 11 15
              15 21
              21 14
              14 2
              2 30
              ;
set F[263] := 11 15
              15 21
              21 3
              3 31
              ;
set F[264] := 11 10
              10 23
              23 4
              4 32
              ;
set F[265] := 11 15
              15 5
              5 33
              ;
set F[266] := 11 15
              15 21
              21 14
              14 26
              26 6
              6 34
              ;
set F[267] := 11 15
              15 21
              21 14
              14 7
              7 35
              ;
set F[268] := 11 15
              15 21
              21 8
              8 36
              ;
set F[269] := 11 15
              15 25
              25 12
              12 9
              9 37
              ;
set F[270] := 11 10
              10 38
              ;
set F[271] := 11 15
              15 25
              25 12
              12 40
              ;
set F[272] := 11 15
              15 25
              25 13
              13 41
              ;
set F[273] := 11 15
              15 21
              21 14
              14 42
              ;
set F[274] := 11 15
              15 43
              ;
set F[275] := 11 15
              15 16
              16 44
              ;
set F[276] := 11 15
              15 16
              16 17
              17 45
              ;
set F[277] := 11 15
              15 21
              21 20
              20 18
              18 46
              ;
set F[278] := 11 15
              15 16
              16 19
              19 47
              ;
set F[279] := 11 15
              15 21
              21 20
              20 48
              ;
set F[280] := 11 15
              15 21
              21 49
              ;
set F[281] := 11 10
              10 23
              23 22
              22 50
              ;
set F[282] := 11 10
              10 23
              23 51
              ;
set F[283] := 11 15
              15 21
              21 24
              24 52
              ;
set F[284] := 11 15
              15 25
              25 53
              ;
set F[285] := 11 15
              15 21
              21 14
              14 26
              26 54
              ;
set F[286] := 11 15
              15 21
              21 27
              27 55
              ;
set F[287] := 12 25
              25 21
              21 14
              14 1
              1 29
              ;
set F[288] := 12 25
              25 21
              21 14
              14 2
              2 30
              ;
set F[289] := 12 25
              25 21
              21 3
              3 31
              ;
set F[290] := 12 25
              25 15
              15 11
              11 10
              10 23
              23 4
              4 32
              ;
set F[291] := 12 25
              25 15
              15 5
              5 33
              ;
set F[292] := 12 25
              25 21
              21 14
              14 26
              26 6
              6 34
              ;
set F[293] := 12 25
              25 21
              21 14
              14 7
              7 35
              ;
set F[294] := 12 25
              25 21
              21 8
              8 36
              ;
set F[295] := 12 9
              9 37
              ;
set F[296] := 12 25
              25 15
              15 11
              11 10
              10 38
              ;
set F[297] := 12 25
              25 15
              15 11
              11 39
              ;
set F[298] := 12 25
              25 13
              13 41
              ;
set F[299] := 12 25
              25 21
              21 14
              14 42
              ;
set F[300] := 12 25
              25 15
              15 43
              ;
set F[301] := 12 25
              25 15
              15 16
              16 44
              ;
set F[302] := 12 25
              25 15
              15 16
              16 17
              17 45
              ;
set F[303] := 12 25
              25 21
              21 20
              20 18
              18 46
              ;
set F[304] := 12 25
              25 15
              15 16
              16 19
              19 47
              ;
set F[305] := 12 25
              25 21
              21 20
              20 48
              ;
set F[306] := 12 25
              25 21
              21 49
              ;
set F[307] := 12 25
              25 15
              15 11
              11 10
              10 23
              23 22
              22 50
              ;
set F[308] := 12 25
              25 15
              15 11
              11 10
              10 23
              23 51
              ;
set F[309] := 12 25
              25 21
              21 24
              24 52
              ;
set F[310] := 12 25
              25 53
              ;
set F[311] := 12 25
              25 21
              21 14
              14 26
              26 54
              ;
set F[312] := 12 25
              25 21
              21 27
              27 55
              ;
set F[313] := 13 25
              25 21
              21 14
              14 1
              1 29
              ;
set F[314] := 13 25
              25 21
              21 14
              14 2
              2 30
              ;
set F[315] := 13 25
              25 21
              21 3
              3 31
              ;
set F[316] := 13 25
              25 15
              15 11
              11 10
              10 23
              23 4
              4 32
              ;
set F[317] := 13 25
              25 15
              15 5
              5 33
              ;
set F[318] := 13 25
              25 21
              21 14
              14 26
              26 6
              6 34
              ;
set F[319] := 13 25
              25 21
              21 14
              14 7
              7 35
              ;
set F[320] := 13 25
              25 21
              21 8
              8 36
              ;
set F[321] := 13 25
              25 12
              12 9
              9 37
              ;
set F[322] := 13 25
              25 15
              15 11
              11 10
              10 38
              ;
set F[323] := 13 25
              25 15
              15 11
              11 39
              ;
set F[324] := 13 25
              25 12
              12 40
              ;
set F[325] := 13 25
              25 21
              21 14
              14 42
              ;
set F[326] := 13 25
              25 15
              15 43
              ;
set F[327] := 13 25
              25 15
              15 16
              16 44
              ;
set F[328] := 13 25
              25 15
              15 16
              16 17
              17 45
              ;
set F[329] := 13 25
              25 21
              21 20
              20 18
              18 46
              ;
set F[330] := 13 25
              25 15
              15 16
              16 19
              19 47
              ;
set F[331] := 13 25
              25 21
              21 20
              20 48
              ;
set F[332] := 13 25
              25 21
              21 49
              ;
set F[333] := 13 25
              25 15
              15 11
              11 10
              10 23
              23 22
              22 50
              ;
set F[334] := 13 25
              25 15
              15 11
              11 10
              10 23
              23 51
              ;
set F[335] := 13 25
              25 21
              21 24
              24 52
              ;
set F[336] := 13 25
              25 53
              ;
set F[337] := 13 25
              25 21
              21 14
              14 26
              26 54
              ;
set F[338] := 13 25
              25 21
              21 27
              27 55
              ;
set F[339] := 14 1
              1 29
              ;
set F[340] := 14 2
              2 30
              ;
set F[341] := 14 21
              21 3
              3 31
              ;
set F[342] := 14 21
              21 15
              15 11
              11 10
              10 23
              23 4
              4 32
              ;
set F[343] := 14 21
              21 15
              15 5
              5 33
              ;
set F[344] := 14 26
              26 6
              6 34
              ;
set F[345] := 14 7
              7 35
              ;
set F[346] := 14 21
              21 8
              8 36
              ;
set F[347] := 14 21
              21 25
              25 12
              12 9
              9 37
              ;
set F[348] := 14 21
              21 15
              15 11
              11 10
              10 38
              ;
set F[349] := 14 21
              21 15
              15 11
              11 39
              ;
set F[350] := 14 21
              21 25
              25 12
              12 40
              ;
set F[351] := 14 21
              21 25
              25 13
              13 41
              ;
set F[352] := 14 21
              21 15
              15 43
              ;
set F[353] := 14 17
              17 16
              16 44
              ;
set F[354] := 14 17
              17 45
              ;
set F[355] := 14 21
              21 20
              20 18
              18 46
              ;
set F[356] := 14 17
              17 16
              16 19
              19 47
              ;
set F[357] := 14 21
              21 20
              20 48
              ;
set F[358] := 14 21
              21 49
              ;
set F[359] := 14 21
              21 15
              15 11
              11 10
              10 23
              23 22
              22 50
              ;
set F[360] := 14 21
              21 15
              15 11
              11 10
              10 23
              23 51
              ;
set F[361] := 14 21
              21 24
              24 52
              ;
set F[362] := 14 21
              21 25
              25 53
              ;
set F[363] := 14 26
              26 54
              ;
set F[364] := 14 21
              21 27
              27 55
              ;
set F[365] := 15 21
              21 14
              14 1
              1 29
              ;
set F[366] := 15 21
              21 14
              14 2
              2 30
              ;
set F[367] := 15 21
              21 3
              3 31
              ;
set F[368] := 15 11
              11 10
              10 23
              23 4
              4 32
              ;
set F[369] := 15 5
              5 33
              ;
set F[370] := 15 21
              21 14
              14 26
              26 6
              6 34
              ;
set F[371] := 15 21
              21 14
              14 7
              7 35
              ;
set F[372] := 15 21
              21 8
              8 36
              ;
set F[373] := 15 25
              25 12
              12 9
              9 37
              ;
set F[374] := 15 11
              11 10
              10 38
              ;
set F[375] := 15 11
              11 39
              ;
set F[376] := 15 25
              25 12
              12 40
              ;
set F[377] := 15 25
              25 13
              13 41
              ;
set F[378] := 15 21
              21 14
              14 42
              ;
set F[379] := 15 16
              16 44
              ;
set F[380] := 15 16
              16 17
              17 45
              ;
set F[381] := 15 21
              21 20
              20 18
              18 46
              ;
set F[382] := 15 16
              16 19
              19 47
              ;
set F[383] := 15 21
              21 20
              20 48
              ;
set F[384] := 15 21
              21 49
              ;
set F[385] := 15 11
              11 10
              10 23
              23 22
              22 50
              ;
set F[386] := 15 11
              11 10
              10 23
              23 51
              ;
set F[387] := 15 21
              21 24
              24 52
              ;
set F[388] := 15 25
              25 53
              ;
set F[389] := 15 21
              21 14
              14 26
              26 54
              ;
set F[390] := 15 21
              21 27
              27 55
              ;
set F[391] := 16 17
              17 14
              14 1
              1 29
              ;
set F[392] := 16 17
              17 14
              14 2
              2 30
              ;
set F[393] := 16 21
              21 3
              3 31
              ;
set F[394] := 16 15
              15 11
              11 10
              10 23
              23 4
              4 32
              ;
set F[395] := 16 15
              15 5
              5 33
              ;
set F[396] := 16 17
              17 14
              14 26
              26 6
              6 34
              ;
set F[397] := 16 17
              17 14
              14 7
              7 35
              ;
set F[398] := 16 21
              21 8
              8 36
              ;
set F[399] := 16 15
              15 25
              25 12
              12 9
              9 37
              ;
set F[400] := 16 15
              15 11
              11 10
              10 38
              ;
set F[401] := 16 15
              15 11
              11 39
              ;
set F[402] := 16 15
              15 25
              25 12
              12 40
              ;
set F[403] := 16 15
              15 25
              25 13
              13 41
              ;
set F[404] := 16 17
              17 14
              14 42
              ;
set F[405] := 16 15
              15 43
              ;
set F[406] := 16 17
              17 45
              ;
set F[407] := 16 21
              21 20
              20 18
              18 46
              ;
set F[408] := 16 19
              19 47
              ;
set F[409] := 16 21
              21 20
              20 48
              ;
set F[410] := 16 21
              21 49
              ;
set F[411] := 16 15
              15 11
              11 10
              10 23
              23 22
              22 50
              ;
set F[412] := 16 15
              15 11
              11 10
              10 23
              23 51
              ;
set F[413] := 16 21
              21 24
              24 52
              ;
set F[414] := 16 15
              15 25
              25 53
              ;
set F[415] := 16 17
              17 14
              14 26
              26 54
              ;
set F[416] := 16 21
              21 27
              27 55
              ;
set F[417] := 17 14
              14 1
              1 29
              ;
set F[418] := 17 14
              14 2
              2 30
              ;
set F[419] := 17 14
              14 21
              21 3
              3 31
              ;
set F[420] := 17 16
              16 15
              15 11
              11 10
              10 23
              23 4
              4 32
              ;
set F[421] := 17 16
              16 15
              15 5
              5 33
              ;
set F[422] := 17 14
              14 26
              26 6
              6 34
              ;
set F[423] := 17 14
              14 7
              7 35
              ;
set F[424] := 17 14
              14 21
              21 8
              8 36
              ;
set F[425] := 17 14
              14 21
              21 25
              25 12
              12 9
              9 37
              ;
set F[426] := 17 16
              16 15
              15 11
              11 10
              10 38
              ;
set F[427] := 17 16
              16 15
              15 11
              11 39
              ;
set F[428] := 17 14
              14 21
              21 25
              25 12
              12 40
              ;
set F[429] := 17 14
              14 21
              21 25
              25 13
              13 41
              ;
set F[430] := 17 14
              14 42
              ;
set F[431] := 17 16
              16 15
              15 43
              ;
set F[432] := 17 16
              16 44
              ;
set F[433] := 17 14
              14 21
              21 20
              20 18
              18 46
              ;
set F[434] := 17 16
              16 19
              19 47
              ;
set F[435] := 17 14
              14 21
              21 20
              20 48
              ;
set F[436] := 17 14
              14 21
              21 49
              ;
set F[437] := 17 16
              16 15
              15 11
              11 10
              10 23
              23 22
              22 50
              ;
set F[438] := 17 16
              16 15
              15 11
              11 10
              10 23
              23 51
              ;
set F[439] := 17 14
              14 21
              21 24
              24 52
              ;
set F[440] := 17 14
              14 21
              21 25
              25 53
              ;
set F[441] := 17 14
              14 26
              26 54
              ;
set F[442] := 17 14
              14 21
              21 27
              27 55
              ;
set F[443] := 18 20
              20 21
              21 14
              14 1
              1 29
              ;
set F[444] := 18 20
              20 21
              21 14
              14 2
              2 30
              ;
set F[445] := 18 20
              20 21
              21 3
              3 31
              ;
set F[446] := 18 20
              20 21
              21 15
              15 11
              11 10
              10 23
              23 4
              4 32
              ;
set F[447] := 18 20
              20 21
              21 15
              15 5
              5 33
              ;
set F[448] := 18 20
              20 21
              21 14
              14 26
              26 6
              6 34
              ;
set F[449] := 18 20
              20 21
              21 14
              14 7
              7 35
              ;
set F[450] := 18 20
              20 21
              21 8
              8 36
              ;
set F[451] := 18 20
              20 21
              21 25
              25 12
              12 9
              9 37
              ;
set F[452] := 18 20
              20 21
              21 15
              15 11
              11 10
              10 38
              ;
set F[453] := 18 20
              20 21
              21 15
              15 11
              11 39
              ;
set F[454] := 18 20
              20 21
              21 25
              25 12
              12 40
              ;
set F[455] := 18 20
              20 21
              21 25
              25 13
              13 41
              ;
set F[456] := 18 20
              20 21
              21 14
              14 42
              ;
set F[457] := 18 20
              20 21
              21 15
              15 43
              ;
set F[458] := 18 20
              20 21
              21 16
              16 44
              ;
set F[459] := 18 20
              20 21
              21 14
              14 17
              17 45
              ;
set F[460] := 18 20
              20 21
              21 16
              16 19
              19 47
              ;
set F[461] := 18 20
              20 48
              ;
set F[462] := 18 20
              20 21
              21 49
              ;
set F[463] := 18 20
              20 21
              21 15
              15 11
              11 10
              10 23
              23 22
              22 50
              ;
set F[464] := 18 20
              20 21
              21 15
              15 11
              11 10
              10 23
              23 51
              ;
set F[465] := 18 20
              20 21
              21 24
              24 52
              ;
set F[466] := 18 20
              20 21
              21 25
              25 53
              ;
set F[467] := 18 20
              20 21
              21 14
              14 26
              26 54
              ;
set F[468] := 18 20
              20 21
              21 27
              27 55
              ;
set F[469] := 19 16
              16 17
              17 14
              14 1
              1 29
              ;
set F[470] := 19 16
              16 17
              17 14
              14 2
              2 30
              ;
set F[471] := 19 16
              16 21
              21 3
              3 31
              ;
set F[472] := 19 16
              16 15
              15 11
              11 10
              10 23
              23 4
              4 32
              ;
set F[473] := 19 16
              16 15
              15 5
              5 33
              ;
set F[474] := 19 16
              16 17
              17 14
              14 26
              26 6
              6 34
              ;
set F[475] := 19 16
              16 17
              17 14
              14 7
              7 35
              ;
set F[476] := 19 16
              16 21
              21 8
              8 36
              ;
set F[477] := 19 16
              16 15
              15 25
              25 12
              12 9
              9 37
              ;
set F[478] := 19 16
              16 15
              15 11
              11 10
              10 38
              ;
set F[479] := 19 16
              16 15
              15 11
              11 39
              ;
set F[480] := 19 16
              16 15
              15 25
              25 12
              12 40
              ;
set F[481] := 19 16
              16 15
              15 25
              25 13
              13 41
              ;
set F[482] := 19 16
              16 17
              17 14
              14 42
              ;
set F[483] := 19 16
              16 15
              15 43
              ;
set F[484] := 19 16
              16 44
              ;
set F[485] := 19 16
              16 17
              17 45
              ;
set F[486] := 19 16
              16 21
              21 20
              20 18
              18 46
              ;
set F[487] := 19 16
              16 21
              21 20
              20 48
              ;
set F[488] := 19 16
              16 21
              21 49
              ;
set F[489] := 19 16
              16 15
              15 11
              11 10
              10 23
              23 22
              22 50
              ;
set F[490] := 19 16
              16 15
              15 11
              11 10
              10 23
              23 51
              ;
set F[491] := 19 16
              16 21
              21 24
              24 52
              ;
set F[492] := 19 16
              16 15
              15 25
              25 53
              ;
set F[493] := 19 16
              16 17
              17 14
              14 26
              26 54
              ;
set F[494] := 19 16
              16 21
              21 27
              27 55
              ;
set F[495] := 20 21
              21 14
              14 1
              1 29
              ;
set F[496] := 20 21
              21 14
              14 2
              2 30
              ;
set F[497] := 20 21
              21 3
              3 31
              ;
set F[498] := 20 21
              21 15
              15 11
              11 10
              10 23
              23 4
              4 32
              ;
set F[499] := 20 21
              21 15
              15 5
              5 33
              ;
set F[500] := 20 21
              21 14
              14 26
              26 6
              6 34
              ;
set F[501] := 20 21
              21 14
              14 7
              7 35
              ;
set F[502] := 20 21
              21 8
              8 36
              ;
set F[503] := 20 21
              21 25
              25 12
              12 9
              9 37
              ;
set F[504] := 20 21
              21 15
              15 11
              11 10
              10 38
              ;
set F[505] := 20 21
              21 15
              15 11
              11 39
              ;
set F[506] := 20 21
              21 25
              25 12
              12 40
              ;
set F[507] := 20 21
              21 25
              25 13
              13 41
              ;
set F[508] := 20 21
              21 14
              14 42
              ;
set F[509] := 20 21
              21 15
              15 43
              ;
set F[510] := 20 21
              21 16
              16 44
              ;
set F[511] := 20 21
              21 14
              14 17
              17 45
              ;
set F[512] := 20 18
              18 46
              ;
set F[513] := 20 21
              21 16
              16 19
              19 47
              ;
set F[514] := 20 21
              21 49
              ;
set F[515] := 20 21
              21 15
              15 11
              11 10
              10 23
              23 22
              22 50
              ;
set F[516] := 20 21
              21 15
              15 11
              11 10
              10 23
              23 51
              ;
set F[517] := 20 21
              21 24
              24 52
              ;
set F[518] := 20 21
              21 25
              25 53
              ;
set F[519] := 20 21
              21 14
              14 26
              26 54
              ;
set F[520] := 20 21
              21 27
              27 55
              ;
set F[521] := 21 14
              14 1
              1 29
              ;
set F[522] := 21 14
              14 2
              2 30
              ;
set F[523] := 21 3
              3 31
              ;
set F[524] := 21 15
              15 11
              11 10
              10 23
              23 4
              4 32
              ;
set F[525] := 21 15
              15 5
              5 33
              ;
set F[526] := 21 14
              14 26
              26 6
              6 34
              ;
set F[527] := 21 14
              14 7
              7 35
              ;
set F[528] := 21 8
              8 36
              ;
set F[529] := 21 25
              25 12
              12 9
              9 37
              ;
set F[530] := 21 15
              15 11
              11 10
              10 38
              ;
set F[531] := 21 15
              15 11
              11 39
              ;
set F[532] := 21 25
              25 12
              12 40
              ;
set F[533] := 21 25
              25 13
              13 41
              ;
set F[534] := 21 14
              14 42
              ;
set F[535] := 21 15
              15 43
              ;
set F[536] := 21 16
              16 44
              ;
set F[537] := 21 14
              14 17
              17 45
              ;
set F[538] := 21 20
              20 18
              18 46
              ;
set F[539] := 21 16
              16 19
              19 47
              ;
set F[540] := 21 20
              20 48
              ;
set F[541] := 21 15
              15 11
              11 10
              10 23
              23 22
              22 50
              ;
set F[542] := 21 15
              15 11
              11 10
              10 23
              23 51
              ;
set F[543] := 21 24
              24 52
              ;
set F[544] := 21 25
              25 53
              ;
set F[545] := 21 14
              14 26
              26 54
              ;
set F[546] := 21 27
              27 55
              ;
set F[547] := 22 23
              23 10
              10 11
              11 15
              15 21
              21 14
              14 1
              1 29
              ;
set F[548] := 22 23
              23 10
              10 11
              11 15
              15 21
              21 14
              14 2
              2 30
              ;
set F[549] := 22 23
              23 10
              10 11
              11 15
              15 21
              21 3
              3 31
              ;
set F[550] := 22 23
              23 4
              4 32
              ;
set F[551] := 22 23
              23 10
              10 11
              11 15
              15 5
              5 33
              ;
set F[552] := 22 23
              23 10
              10 11
              11 15
              15 21
              21 14
              14 26
              26 6
              6 34
              ;
set F[553] := 22 23
              23 10
              10 11
              11 15
              15 21
              21 14
              14 7
              7 35
              ;
set F[554] := 22 23
              23 10
              10 11
              11 15
              15 21
              21 8
              8 36
              ;
set F[555] := 22 23
              23 10
              10 11
              11 15
              15 25
              25 12
              12 9
              9 37
              ;
set F[556] := 22 23
              23 10
              10 38
              ;
set F[557] := 22 23
              23 10
              10 11
              11 39
              ;
set F[558] := 22 23
              23 10
              10 11
              11 15
              15 25
              25 12
              12 40
              ;
set F[559] := 22 23
              23 10
              10 11
              11 15
              15 25
              25 13
              13 41
              ;
set F[560] := 22 23
              23 10
              10 11
              11 15
              15 21
              21 14
              14 42
              ;
set F[561] := 22 23
              23 10
              10 11
              11 15
              15 43
              ;
set F[562] := 22 23
              23 10
              10 11
              11 15
              15 16
              16 44
              ;
set F[563] := 22 23
              23 10
              10 11
              11 15
              15 16
              16 17
              17 45
              ;
set F[564] := 22 23
              23 10
              10 11
              11 15
              15 21
              21 20
              20 18
              18 46
              ;
set F[565] := 22 23
              23 10
              10 11
              11 15
              15 16
              16 19
              19 47
              ;
set F[566] := 22 23
              23 10
              10 11
              11 15
              15 21
              21 20
              20 48
              ;
set F[567] := 22 23
              23 10
              10 11
              11 15
              15 21
              21 49
              ;
set F[568] := 22 23
              23 51
              ;
set F[569] := 22 23
              23 10
              10 11
              11 15
              15 21
              21 24
              24 52
              ;
set F[570] := 22 23
              23 10
              10 11
              11 15
              15 25
              25 53
              ;
set F[571] := 22 23
              23 10
              10 11
              11 15
              15 21
              21 14
              14 26
              26 54
              ;
set F[572] := 22 23
              23 10
              10 11
              11 15
              15 21
              21 27
              27 55
              ;
set F[573] := 23 10
              10 11
              11 15
              15 21
              21 14
              14 1
              1 29
              ;
set F[574] := 23 10
              10 11
              11 15
              15 21
              21 14
              14 2
              2 30
              ;
set F[575] := 23 10
              10 11
              11 15
              15 21
              21 3
              3 31
              ;
set F[576] := 23 4
              4 32
              ;
set F[577] := 23 10
              10 11
              11 15
              15 5
              5 33
              ;
set F[578] := 23 10
              10 11
              11 15
              15 21
              21 14
              14 26
              26 6
              6 34
              ;
set F[579] := 23 10
              10 11
              11 15
              15 21
              21 14
              14 7
              7 35
              ;
set F[580] := 23 10
              10 11
              11 15
              15 21
              21 8
              8 36
              ;
set F[581] := 23 10
              10 11
              11 15
              15 25
              25 12
              12 9
              9 37
              ;
set F[582] := 23 10
              10 38
              ;
set F[583] := 23 10
              10 11
              11 39
              ;
set F[584] := 23 10
              10 11
              11 15
              15 25
              25 12
              12 40
              ;
set F[585] := 23 10
              10 11
              11 15
              15 25
              25 13
              13 41
              ;
set F[586] := 23 10
              10 11
              11 15
              15 21
              21 14
              14 42
              ;
set F[587] := 23 10
              10 11
              11 15
              15 43
              ;
set F[588] := 23 10
              10 11
              11 15
              15 16
              16 44
              ;
set F[589] := 23 10
              10 11
              11 15
              15 16
              16 17
              17 45
              ;
set F[590] := 23 10
              10 11
              11 15
              15 21
              21 20
              20 18
              18 46
              ;
set F[591] := 23 10
              10 11
              11 15
              15 16
              16 19
              19 47
              ;
set F[592] := 23 10
              10 11
              11 15
              15 21
              21 20
              20 48
              ;
set F[593] := 23 10
              10 11
              11 15
              15 21
              21 49
              ;
set F[594] := 23 22
              22 50
              ;
set F[595] := 23 10
              10 11
              11 15
              15 21
              21 24
              24 52
              ;
set F[596] := 23 10
              10 11
              11 15
              15 25
              25 53
              ;
set F[597] := 23 10
              10 11
              11 15
              15 21
              21 14
              14 26
              26 54
              ;
set F[598] := 23 10
              10 11
              11 15
              15 21
              21 27
              27 55
              ;
set F[599] := 24 21
              21 14
              14 1
              1 29
              ;
set F[600] := 24 21
              21 14
              14 2
              2 30
              ;
set F[601] := 24 21
              21 3
              3 31
              ;
set F[602] := 24 21
              21 15
              15 11
              11 10
              10 23
              23 4
              4 32
              ;
set F[603] := 24 21
              21 15
              15 5
              5 33
              ;
set F[604] := 24 21
              21 14
              14 26
              26 6
              6 34
              ;
set F[605] := 24 21
              21 14
              14 7
              7 35
              ;
set F[606] := 24 21
              21 8
              8 36
              ;
set F[607] := 24 21
              21 25
              25 12
              12 9
              9 37
              ;
set F[608] := 24 21
              21 15
              15 11
              11 10
              10 38
              ;
set F[609] := 24 21
              21 15
              15 11
              11 39
              ;
set F[610] := 24 21
              21 25
              25 12
              12 40
              ;
set F[611] := 24 21
              21 25
              25 13
              13 41
              ;
set F[612] := 24 21
              21 14
              14 42
              ;
set F[613] := 24 21
              21 15
              15 43
              ;
set F[614] := 24 21
              21 16
              16 44
              ;
set F[615] := 24 21
              21 14
              14 17
              17 45
              ;
set F[616] := 24 21
              21 20
              20 18
              18 46
              ;
set F[617] := 24 21
              21 16
              16 19
              19 47
              ;
set F[618] := 24 21
              21 20
              20 48
              ;
set F[619] := 24 21
              21 49
              ;
set F[620] := 24 21
              21 15
              15 11
              11 10
              10 23
              23 22
              22 50
              ;
set F[621] := 24 21
              21 15
              15 11
              11 10
              10 23
              23 51
              ;
set F[622] := 24 21
              21 25
              25 53
              ;
set F[623] := 24 21
              21 14
              14 26
              26 54
              ;
set F[624] := 24 21
              21 27
              27 55
              ;
set F[625] := 25 21
              21 14
              14 1
              1 29
              ;
set F[626] := 25 21
              21 14
              14 2
              2 30
              ;
set F[627] := 25 21
              21 3
              3 31
              ;
set F[628] := 25 15
              15 11
              11 10
              10 23
              23 4
              4 32
              ;
set F[629] := 25 15
              15 5
              5 33
              ;
set F[630] := 25 21
              21 14
              14 26
              26 6
              6 34
              ;
set F[631] := 25 21
              21 14
              14 7
              7 35
              ;
set F[632] := 25 21
              21 8
              8 36
              ;
set F[633] := 25 12
              12 9
              9 37
              ;
set F[634] := 25 15
              15 11
              11 10
              10 38
              ;
set F[635] := 25 15
              15 11
              11 39
              ;
set F[636] := 25 12
              12 40
              ;
set F[637] := 25 13
              13 41
              ;
set F[638] := 25 21
              21 14
              14 42
              ;
set F[639] := 25 15
              15 43
              ;
set F[640] := 25 15
              15 16
              16 44
              ;
set F[641] := 25 15
              15 16
              16 17
              17 45
              ;
set F[642] := 25 21
              21 20
              20 18
              18 46
              ;
set F[643] := 25 15
              15 16
              16 19
              19 47
              ;
set F[644] := 25 21
              21 20
              20 48
              ;
set F[645] := 25 21
              21 49
              ;
set F[646] := 25 15
              15 11
              11 10
              10 23
              23 22
              22 50
              ;
set F[647] := 25 15
              15 11
              11 10
              10 23
              23 51
              ;
set F[648] := 25 21
              21 24
              24 52
              ;
set F[649] := 25 21
              21 14
              14 26
              26 54
              ;
set F[650] := 25 21
              21 27
              27 55
              ;
set F[651] := 26 14
              14 1
              1 29
              ;
set F[652] := 26 14
              14 2
              2 30
              ;
set F[653] := 26 14
              14 21
              21 3
              3 31
              ;
set F[654] := 26 14
              14 21
              21 15
              15 11
              11 10
              10 23
              23 4
              4 32
              ;
set F[655] := 26 14
              14 21
              21 15
              15 5
              5 33
              ;
set F[656] := 26 6
              6 34
              ;
set F[657] := 26 14
              14 7
              7 35
              ;
set F[658] := 26 14
              14 21
              21 8
              8 36
              ;
set F[659] := 26 14
              14 21
              21 25
              25 12
              12 9
              9 37
              ;
set F[660] := 26 14
              14 21
              21 15
              15 11
              11 10
              10 38
              ;
set F[661] := 26 14
              14 21
              21 15
              15 11
              11 39
              ;
set F[662] := 26 14
              14 21
              21 25
              25 12
              12 40
              ;
set F[663] := 26 14
              14 21
              21 25
              25 13
              13 41
              ;
set F[664] := 26 14
              14 42
              ;
set F[665] := 26 14
              14 21
              21 15
              15 43
              ;
set F[666] := 26 14
              14 17
              17 16
              16 44
              ;
set F[667] := 26 14
              14 17
              17 45
              ;
set F[668] := 26 14
              14 21
              21 20
              20 18
              18 46
              ;
set F[669] := 26 14
              14 17
              17 16
              16 19
              19 47
              ;
set F[670] := 26 14
              14 21
              21 20
              20 48
              ;
set F[671] := 26 14
              14 21
              21 49
              ;
set F[672] := 26 14
              14 21
              21 15
              15 11
              11 10
              10 23
              23 22
              22 50
              ;
set F[673] := 26 14
              14 21
              21 15
              15 11
              11 10
              10 23
              23 51
              ;
set F[674] := 26 14
              14 21
              21 24
              24 52
              ;
set F[675] := 26 14
              14 21
              21 25
              25 53
              ;
set F[676] := 26 14
              14 21
              21 27
              27 55
              ;
set F[677] := 27 21
              21 14
              14 1
              1 29
              ;
set F[678] := 27 21
              21 14
              14 2
              2 30
              ;
set F[679] := 27 21
              21 3
              3 31
              ;
set F[680] := 27 21
              21 15
              15 11
              11 10
              10 23
              23 4
              4 32
              ;
set F[681] := 27 21
              21 15
              15 5
              5 33
              ;
set F[682] := 27 21
              21 14
              14 26
              26 6
              6 34
              ;
set F[683] := 27 21
              21 14
              14 7
              7 35
              ;
set F[684] := 27 21
              21 8
              8 36
              ;
set F[685] := 27 21
              21 25
              25 12
              12 9
              9 37
              ;
set F[686] := 27 21
              21 15
              15 11
              11 10
              10 38
              ;
set F[687] := 27 21
              21 15
              15 11
              11 39
              ;
set F[688] := 27 21
              21 25
              25 12
              12 40
              ;
set F[689] := 27 21
              21 25
              25 13
              13 41
              ;
set F[690] := 27 21
              21 14
              14 42
              ;
set F[691] := 27 21
              21 15
              15 43
              ;
set F[692] := 27 21
              21 16
              16 44
              ;
set F[693] := 27 21
              21 14
              14 17
              17 45
              ;
set F[694] := 27 21
              21 20
              20 18
              18 46
              ;
set F[695] := 27 21
              21 16
              16 19
              19 47
              ;
set F[696] := 27 21
              21 20
              20 48
              ;
set F[697] := 27 21
              21 49
              ;
set F[698] := 27 21
              21 15
              15 11
              11 10
              10 23
              23 22
              22 50
              ;
set F[699] := 27 21
              21 15
              15 11
              11 10
              10 23
              23 51
              ;
set F[700] := 27 21
              21 24
              24 52
              ;
set F[701] := 27 21
              21 25
              25 53
              ;
set F[702] := 27 21
              21 14
              14 26
              26 54
              ;
set Last[1] := 2 30;
set Last[2] := 3 31;
set Last[3] := 4 32;
set Last[4] := 5 33;
set Last[5] := 6 34;
set Last[6] := 7 35;
set Last[7] := 8 36;
set Last[8] := 9 37;
set Last[9] := 10 38;
set Last[10] := 11 39;
set Last[11] := 12 40;
set Last[12] := 13 41;
set Last[13] := 14 42;
set Last[14] := 15 43;
set Last[15] := 16 44;
set Last[16] := 17 45;
set Last[17] := 18 46;
set Last[18] := 19 47;
set Last[19] := 20 48;
set Last[20] := 21 49;
set Last[21] := 22 50;
set Last[22] := 23 51;
set Last[23] := 24 52;
set Last[24] := 25 53;
set Last[25] := 26 54;
set Last[26] := 27 55;
set Last[27] := 1 29;
set Last[28] := 3 31;
set Last[29] := 4 32;
set Last[30] := 5 33;
set Last[31] := 6 34;
set Last[32] := 7 35;
set Last[33] := 8 36;
set Last[34] := 9 37;
set Last[35] := 10 38;
set Last[36] := 11 39;
set Last[37] := 12 40;
set Last[38] := 13 41;
set Last[39] := 14 42;
set Last[40] := 15 43;
set Last[41] := 16 44;
set Last[42] := 17 45;
set Last[43] := 18 46;
set Last[44] := 19 47;
set Last[45] := 20 48;
set Last[46] := 21 49;
set Last[47] := 22 50;
set Last[48] := 23 51;
set Last[49] := 24 52;
set Last[50] := 25 53;
set Last[51] := 26 54;
set Last[52] := 27 55;
set Last[53] := 1 29;
set Last[54] := 2 30;
set Last[55] := 4 32;
set Last[56] := 5 33;
set Last[57] := 6 34;
set Last[58] := 7 35;
set Last[59] := 8 36;
set Last[60] := 9 37;
set Last[61] := 10 38;
set Last[62] := 11 39;
set Last[63] := 12 40;
set Last[64] := 13 41;
set Last[65] := 14 42;
set Last[66] := 15 43;
set Last[67] := 16 44;
set Last[68] := 17 45;
set Last[69] := 18 46;
set Last[70] := 19 47;
set Last[71] := 20 48;
set Last[72] := 21 49;
set Last[73] := 22 50;
set Last[74] := 23 51;
set Last[75] := 24 52;
set Last[76] := 25 53;
set Last[77] := 26 54;
set Last[78] := 27 55;
set Last[79] := 1 29;
set Last[80] := 2 30;
set Last[81] := 3 31;
set Last[82] := 5 33;
set Last[83] := 6 34;
set Last[84] := 7 35;
set Last[85] := 8 36;
set Last[86] := 9 37;
set Last[87] := 10 38;
set Last[88] := 11 39;
set Last[89] := 12 40;
set Last[90] := 13 41;
set Last[91] := 14 42;
set Last[92] := 15 43;
set Last[93] := 16 44;
set Last[94] := 17 45;
set Last[95] := 18 46;
set Last[96] := 19 47;
set Last[97] := 20 48;
set Last[98] := 21 49;
set Last[99] := 22 50;
set Last[100] := 23 51;
set Last[101] := 24 52;
set Last[102] := 25 53;
set Last[103] := 26 54;
set Last[104] := 27 55;
set Last[105] := 1 29;
set Last[106] := 2 30;
set Last[107] := 3 31;
set Last[108] := 4 32;
set Last[109] := 6 34;
set Last[110] := 7 35;
set Last[111] := 8 36;
set Last[112] := 9 37;
set Last[113] := 10 38;
set Last[114] := 11 39;
set Last[115] := 12 40;
set Last[116] := 13 41;
set Last[117] := 14 42;
set Last[118] := 15 43;
set Last[119] := 16 44;
set Last[120] := 17 45;
set Last[121] := 18 46;
set Last[122] := 19 47;
set Last[123] := 20 48;
set Last[124] := 21 49;
set Last[125] := 22 50;
set Last[126] := 23 51;
set Last[127] := 24 52;
set Last[128] := 25 53;
set Last[129] := 26 54;
set Last[130] := 27 55;
set Last[131] := 1 29;
set Last[132] := 2 30;
set Last[133] := 3 31;
set Last[134] := 4 32;
set Last[135] := 5 33;
set Last[136] := 7 35;
set Last[137] := 8 36;
set Last[138] := 9 37;
set Last[139] := 10 38;
set Last[140] := 11 39;
set Last[141] := 12 40;
set Last[142] := 13 41;
set Last[143] := 14 42;
set Last[144] := 15 43;
set Last[145] := 16 44;
set Last[146] := 17 45;
set Last[147] := 18 46;
set Last[148] := 19 47;
set Last[149] := 20 48;
set Last[150] := 21 49;
set Last[151] := 22 50;
set Last[152] := 23 51;
set Last[153] := 24 52;
set Last[154] := 25 53;
set Last[155] := 26 54;
set Last[156] := 27 55;
set Last[157] := 1 29;
set Last[158] := 2 30;
set Last[159] := 3 31;
set Last[160] := 4 32;
set Last[161] := 5 33;
set Last[162] := 6 34;
set Last[163] := 8 36;
set Last[164] := 9 37;
set Last[165] := 10 38;
set Last[166] := 11 39;
set Last[167] := 12 40;
set Last[168] := 13 41;
set Last[169] := 14 42;
set Last[170] := 15 43;
set Last[171] := 16 44;
set Last[172] := 17 45;
set Last[173] := 18 46;
set Last[174] := 19 47;
set Last[175] := 20 48;
set Last[176] := 21 49;
set Last[177] := 22 50;
set Last[178] := 23 51;
set Last[179] := 24 52;
set Last[180] := 25 53;
set Last[181] := 26 54;
set Last[182] := 27 55;
set Last[183] := 1 29;
set Last[184] := 2 30;
set Last[185] := 3 31;
set Last[186] := 4 32;
set Last[187] := 5 33;
set Last[188] := 6 34;
set Last[189] := 7 35;
set Last[190] := 9 37;
set Last[191] := 10 38;
set Last[192] := 11 39;
set Last[193] := 12 40;
set Last[194] := 13 41;
set Last[195] := 14 42;
set Last[196] := 15 43;
set Last[197] := 16 44;
set Last[198] := 17 45;
set Last[199] := 18 46;
set Last[200] := 19 47;
set Last[201] := 20 48;
set Last[202] := 21 49;
set Last[203] := 22 50;
set Last[204] := 23 51;
set Last[205] := 24 52;
set Last[206] := 25 53;
set Last[207] := 26 54;
set Last[208] := 27 55;
set Last[209] := 1 29;
set Last[210] := 2 30;
set Last[211] := 3 31;
set Last[212] := 4 32;
set Last[213] := 5 33;
set Last[214] := 6 34;
set Last[215] := 7 35;
set Last[216] := 8 36;
set Last[217] := 10 38;
set Last[218] := 11 39;
set Last[219] := 12 40;
set Last[220] := 13 41;
set Last[221] := 14 42;
set Last[222] := 15 43;
set Last[223] := 16 44;
set Last[224] := 17 45;
set Last[225] := 18 46;
set Last[226] := 19 47;
set Last[227] := 20 48;
set Last[228] := 21 49;
set Last[229] := 22 50;
set Last[230] := 23 51;
set Last[231] := 24 52;
set Last[232] := 25 53;
set Last[233] := 26 54;
set Last[234] := 27 55;
set Last[235] := 1 29;
set Last[236] := 2 30;
set Last[237] := 3 31;
set Last[238] := 4 32;
set Last[239] := 5 33;
set Last[240] := 6 34;
set Last[241] := 7 35;
set Last[242] := 8 36;
set Last[243] := 9 37;
set Last[244] := 11 39;
set Last[245] := 12 40;
set Last[246] := 13 41;
set Last[247] := 14 42;
set Last[248] := 15 43;
set Last[249] := 16 44;
set Last[250] := 17 45;
set Last[251] := 18 46;
set Last[252] := 19 47;
set Last[253] := 20 48;
set Last[254] := 21 49;
set Last[255] := 22 50;
set Last[256] := 23 51;
set Last[257] := 24 52;
set Last[258] := 25 53;
set Last[259] := 26 54;
set Last[260] := 27 55;
set Last[261] := 1 29;
set Last[262] := 2 30;
set Last[263] := 3 31;
set Last[264] := 4 32;
set Last[265] := 5 33;
set Last[266] := 6 34;
set Last[267] := 7 35;
set Last[268] := 8 36;
set Last[269] := 9 37;
set Last[270] := 10 38;
set Last[271] := 12 40;
set Last[272] := 13 41;
set Last[273] := 14 42;
set Last[274] := 15 43;
set Last[275] := 16 44;
set Last[276] := 17 45;
set Last[277] := 18 46;
set Last[278] := 19 47;
set Last[279] := 20 48;
set Last[280] := 21 49;
set Last[281] := 22 50;
set Last[282] := 23 51;
set Last[283] := 24 52;
set Last[284] := 25 53;
set Last[285] := 26 54;
set Last[286] := 27 55;
set Last[287] := 1 29;
set Last[288] := 2 30;
set Last[289] := 3 31;
set Last[290] := 4 32;
set Last[291] := 5 33;
set Last[292] := 6 34;
set Last[293] := 7 35;
set Last[294] := 8 36;
set Last[295] := 9 37;
set Last[296] := 10 38;
set Last[297] := 11 39;
set Last[298] := 13 41;
set Last[299] := 14 42;
set Last[300] := 15 43;
set Last[301] := 16 44;
set Last[302] := 17 45;
set Last[303] := 18 46;
set Last[304] := 19 47;
set Last[305] := 20 48;
set Last[306] := 21 49;
set Last[307] := 22 50;
set Last[308] := 23 51;
set Last[309] := 24 52;
set Last[310] := 25 53;
set Last[311] := 26 54;
set Last[312] := 27 55;
set Last[313] := 1 29;
set Last[314] := 2 30;
set Last[315] := 3 31;
set Last[316] := 4 32;
set Last[317] := 5 33;
set Last[318] := 6 34;
set Last[319] := 7 35;
set Last[320] := 8 36;
set Last[321] := 9 37;
set Last[322] := 10 38;
set Last[323] := 11 39;
set Last[324] := 12 40;
set Last[325] := 14 42;
set Last[326] := 15 43;
set Last[327] := 16 44;
set Last[328] := 17 45;
set Last[329] := 18 46;
set Last[330] := 19 47;
set Last[331] := 20 48;
set Last[332] := 21 49;
set Last[333] := 22 50;
set Last[334] := 23 51;
set Last[335] := 24 52;
set Last[336] := 25 53;
set Last[337] := 26 54;
set Last[338] := 27 55;
set Last[339] := 1 29;
set Last[340] := 2 30;
set Last[341] := 3 31;
set Last[342] := 4 32;
set Last[343] := 5 33;
set Last[344] := 6 34;
set Last[345] := 7 35;
set Last[346] := 8 36;
set Last[347] := 9 37;
set Last[348] := 10 38;
set Last[349] := 11 39;
set Last[350] := 12 40;
set Last[351] := 13 41;
set Last[352] := 15 43;
set Last[353] := 16 44;
set Last[354] := 17 45;
set Last[355] := 18 46;
set Last[356] := 19 47;
set Last[357] := 20 48;
set Last[358] := 21 49;
set Last[359] := 22 50;
set Last[360] := 23 51;
set Last[361] := 24 52;
set Last[362] := 25 53;
set Last[363] := 26 54;
set Last[364] := 27 55;
set Last[365] := 1 29;
set Last[366] := 2 30;
set Last[367] := 3 31;
set Last[368] := 4 32;
set Last[369] := 5 33;
set Last[370] := 6 34;
set Last[371] := 7 35;
set Last[372] := 8 36;
set Last[373] := 9 37;
set Last[374] := 10 38;
set Last[375] := 11 39;
set Last[376] := 12 40;
set Last[377] := 13 41;
set Last[378] := 14 42;
set Last[379] := 16 44;
set Last[380] := 17 45;
set Last[381] := 18 46;
set Last[382] := 19 47;
set Last[383] := 20 48;
set Last[384] := 21 49;
set Last[385] := 22 50;
set Last[386] := 23 51;
set Last[387] := 24 52;
set Last[388] := 25 53;
set Last[389] := 26 54;
set Last[390] := 27 55;
set Last[391] := 1 29;
set Last[392] := 2 30;
set Last[393] := 3 31;
set Last[394] := 4 32;
set Last[395] := 5 33;
set Last[396] := 6 34;
set Last[397] := 7 35;
set Last[398] := 8 36;
set Last[399] := 9 37;
set Last[400] := 10 38;
set Last[401] := 11 39;
set Last[402] := 12 40;
set Last[403] := 13 41;
set Last[404] := 14 42;
set Last[405] := 15 43;
set Last[406] := 17 45;
set Last[407] := 18 46;
set Last[408] := 19 47;
set Last[409] := 20 48;
set Last[410] := 21 49;
set Last[411] := 22 50;
set Last[412] := 23 51;
set Last[413] := 24 52;
set Last[414] := 25 53;
set Last[415] := 26 54;
set Last[416] := 27 55;
set Last[417] := 1 29;
set Last[418] := 2 30;
set Last[419] := 3 31;
set Last[420] := 4 32;
set Last[421] := 5 33;
set Last[422] := 6 34;
set Last[423] := 7 35;
set Last[424] := 8 36;
set Last[425] := 9 37;
set Last[426] := 10 38;
set Last[427] := 11 39;
set Last[428] := 12 40;
set Last[429] := 13 41;
set Last[430] := 14 42;
set Last[431] := 15 43;
set Last[432] := 16 44;
set Last[433] := 18 46;
set Last[434] := 19 47;
set Last[435] := 20 48;
set Last[436] := 21 49;
set Last[437] := 22 50;
set Last[438] := 23 51;
set Last[439] := 24 52;
set Last[440] := 25 53;
set Last[441] := 26 54;
set Last[442] := 27 55;
set Last[443] := 1 29;
set Last[444] := 2 30;
set Last[445] := 3 31;
set Last[446] := 4 32;
set Last[447] := 5 33;
set Last[448] := 6 34;
set Last[449] := 7 35;
set Last[450] := 8 36;
set Last[451] := 9 37;
set Last[452] := 10 38;
set Last[453] := 11 39;
set Last[454] := 12 40;
set Last[455] := 13 41;
set Last[456] := 14 42;
set Last[457] := 15 43;
set Last[458] := 16 44;
set Last[459] := 17 45;
set Last[460] := 19 47;
set Last[461] := 20 48;
set Last[462] := 21 49;
set Last[463] := 22 50;
set Last[464] := 23 51;
set Last[465] := 24 52;
set Last[466] := 25 53;
set Last[467] := 26 54;
set Last[468] := 27 55;
set Last[469] := 1 29;
set Last[470] := 2 30;
set Last[471] := 3 31;
set Last[472] := 4 32;
set Last[473] := 5 33;
set Last[474] := 6 34;
set Last[475] := 7 35;
set Last[476] := 8 36;
set Last[477] := 9 37;
set Last[478] := 10 38;
set Last[479] := 11 39;
set Last[480] := 12 40;
set Last[481] := 13 41;
set Last[482] := 14 42;
set Last[483] := 15 43;
set Last[484] := 16 44;
set Last[485] := 17 45;
set Last[486] := 18 46;
set Last[487] := 20 48;
set Last[488] := 21 49;
set Last[489] := 22 50;
set Last[490] := 23 51;
set Last[491] := 24 52;
set Last[492] := 25 53;
set Last[493] := 26 54;
set Last[494] := 27 55;
set Last[495] := 1 29;
set Last[496] := 2 30;
set Last[497] := 3 31;
set Last[498] := 4 32;
set Last[499] := 5 33;
set Last[500] := 6 34;
set Last[501] := 7 35;
set Last[502] := 8 36;
set Last[503] := 9 37;
set Last[504] := 10 38;
set Last[505] := 11 39;
set Last[506] := 12 40;
set Last[507] := 13 41;
set Last[508] := 14 42;
set Last[509] := 15 43;
set Last[510] := 16 44;
set Last[511] := 17 45;
set Last[512] := 18 46;
set Last[513] := 19 47;
set Last[514] := 21 49;
set Last[515] := 22 50;
set Last[516] := 23 51;
set Last[517] := 24 52;
set Last[518] := 25 53;
set Last[519] := 26 54;
set Last[520] := 27 55;
set Last[521] := 1 29;
set Last[522] := 2 30;
set Last[523] := 3 31;
set Last[524] := 4 32;
set Last[525] := 5 33;
set Last[526] := 6 34;
set Last[527] := 7 35;
set Last[528] := 8 36;
set Last[529] := 9 37;
set Last[530] := 10 38;
set Last[531] := 11 39;
set Last[532] := 12 40;
set Last[533] := 13 41;
set Last[534] := 14 42;
set Last[535] := 15 43;
set Last[536] := 16 44;
set Last[537] := 17 45;
set Last[538] := 18 46;
set Last[539] := 19 47;
set Last[540] := 20 48;
set Last[541] := 22 50;
set Last[542] := 23 51;
set Last[543] := 24 52;
set Last[544] := 25 53;
set Last[545] := 26 54;
set Last[546] := 27 55;
set Last[547] := 1 29;
set Last[548] := 2 30;
set Last[549] := 3 31;
set Last[550] := 4 32;
set Last[551] := 5 33;
set Last[552] := 6 34;
set Last[553] := 7 35;
set Last[554] := 8 36;
set Last[555] := 9 37;
set Last[556] := 10 38;
set Last[557] := 11 39;
set Last[558] := 12 40;
set Last[559] := 13 41;
set Last[560] := 14 42;
set Last[561] := 15 43;
set Last[562] := 16 44;
set Last[563] := 17 45;
set Last[564] := 18 46;
set Last[565] := 19 47;
set Last[566] := 20 48;
set Last[567] := 21 49;
set Last[568] := 23 51;
set Last[569] := 24 52;
set Last[570] := 25 53;
set Last[571] := 26 54;
set Last[572] := 27 55;
set Last[573] := 1 29;
set Last[574] := 2 30;
set Last[575] := 3 31;
set Last[576] := 4 32;
set Last[577] := 5 33;
set Last[578] := 6 34;
set Last[579] := 7 35;
set Last[580] := 8 36;
set Last[581] := 9 37;
set Last[582] := 10 38;
set Last[583] := 11 39;
set Last[584] := 12 40;
set Last[585] := 13 41;
set Last[586] := 14 42;
set Last[587] := 15 43;
set Last[588] := 16 44;
set Last[589] := 17 45;
set Last[590] := 18 46;
set Last[591] := 19 47;
set Last[592] := 20 48;
set Last[593] := 21 49;
set Last[594] := 22 50;
set Last[595] := 24 52;
set Last[596] := 25 53;
set Last[597] := 26 54;
set Last[598] := 27 55;
set Last[599] := 1 29;
set Last[600] := 2 30;
set Last[601] := 3 31;
set Last[602] := 4 32;
set Last[603] := 5 33;
set Last[604] := 6 34;
set Last[605] := 7 35;
set Last[606] := 8 36;
set Last[607] := 9 37;
set Last[608] := 10 38;
set Last[609] := 11 39;
set Last[610] := 12 40;
set Last[611] := 13 41;
set Last[612] := 14 42;
set Last[613] := 15 43;
set Last[614] := 16 44;
set Last[615] := 17 45;
set Last[616] := 18 46;
set Last[617] := 19 47;
set Last[618] := 20 48;
set Last[619] := 21 49;
set Last[620] := 22 50;
set Last[621] := 23 51;
set Last[622] := 25 53;
set Last[623] := 26 54;
set Last[624] := 27 55;
set Last[625] := 1 29;
set Last[626] := 2 30;
set Last[627] := 3 31;
set Last[628] := 4 32;
set Last[629] := 5 33;
set Last[630] := 6 34;
set Last[631] := 7 35;
set Last[632] := 8 36;
set Last[633] := 9 37;
set Last[634] := 10 38;
set Last[635] := 11 39;
set Last[636] := 12 40;
set Last[637] := 13 41;
set Last[638] := 14 42;
set Last[639] := 15 43;
set Last[640] := 16 44;
set Last[641] := 17 45;
set Last[642] := 18 46;
set Last[643] := 19 47;
set Last[644] := 20 48;
set Last[645] := 21 49;
set Last[646] := 22 50;
set Last[647] := 23 51;
set Last[648] := 24 52;
set Last[649] := 26 54;
set Last[650] := 27 55;
set Last[651] := 1 29;
set Last[652] := 2 30;
set Last[653] := 3 31;
set Last[654] := 4 32;
set Last[655] := 5 33;
set Last[656] := 6 34;
set Last[657] := 7 35;
set Last[658] := 8 36;
set Last[659] := 9 37;
set Last[660] := 10 38;
set Last[661] := 11 39;
set Last[662] := 12 40;
set Last[663] := 13 41;
set Last[664] := 14 42;
set Last[665] := 15 43;
set Last[666] := 16 44;
set Last[667] := 17 45;
set Last[668] := 18 46;
set Last[669] := 19 47;
set Last[670] := 20 48;
set Last[671] := 21 49;
set Last[672] := 22 50;
set Last[673] := 23 51;
set Last[674] := 24 52;
set Last[675] := 25 53;
set Last[676] := 27 55;
set Last[677] := 1 29;
set Last[678] := 2 30;
set Last[679] := 3 31;
set Last[680] := 4 32;
set Last[681] := 5 33;
set Last[682] := 6 34;
set Last[683] := 7 35;
set Last[684] := 8 36;
set Last[685] := 9 37;
set Last[686] := 10 38;
set Last[687] := 11 39;
set Last[688] := 12 40;
set Last[689] := 13 41;
set Last[690] := 14 42;
set Last[691] := 15 43;
set Last[692] := 16 44;
set Last[693] := 17 45;
set Last[694] := 18 46;
set Last[695] := 19 47;
set Last[696] := 20 48;
set Last[697] := 21 49;
set Last[698] := 22 50;
set Last[699] := 23 51;
set Last[700] := 24 52;
set Last[701] := 25 53;
set Last[702] := 26 54;

param q := 5;

end;
