data;

set V := 1 2 3 4 5 6 7 8 9 10 11 12 13 14 15 16 17 18 19 20 21 22 23 24 26 27 29 30 31 33 35 36 38 39 40 41 42 43 44 45 48 49 51 52 53 54 55 57 60 61 62;

set A := 1 2
         1 4
         1 8
         2 24
         2 33
         3 4
         3 14
         3 23
         4 1
         4 3
         4 35
         5 6
         5 16
         5 30
         5 36
         6 5
         6 17
         7 8
         7 26
         7 38
         8 1
         8 7
         8 39
         9 10
         9 31
         9 40
         10 9
         10 17
         10 41
         11 12
         11 20
         11 42
         12 11
         12 13
         12 43
         13 12
         13 18
         13 44
         14 3
         14 20
         14 21
         14 45
         15 16
         15 20
         16 5
         16 15
         17 6
         17 10
         17 48
         18 13
         18 19
         18 49
         19 18
         19 21
         20 11
         20 14
         20 15
         20 51
         21 14
         21 19
         21 52
         22 23
         22 31
         22 53
         23 3
         23 22
         23 54
         24 55
         26 7
         26 30
         26 57
         27 26
         29 60
         30 5
         30 26
         30 29
         30 61
         31 9
         31 22
         31 62
         ;

set S := 1 2 3 4 5 6 7 8 9 10 11 12 13 14 15 16 17 18 19 20 21 22 23 24 25 26 27 28 29 30 31 32 33 34 35 36 37 38 39 40 41 42 43 44 45 46 47 48 49 50 51 52 53 54 55 56 57 58 59 60 61 62 63 64 65 66 67 68 69 70 71 72 73 74 75 76 77 78 79 80 81 82 83 84 85 86 87 88 89 90 91 92 93 94 95 96 97 98 99 100 101 102 103 104 105 106 107 108 109 110 111 112 113 114 115 116 117 118 119 120 121 122 123 124 125 126 127 128 129 130 131 132 133 134 135 136 137 138 139 140 141 142 143 144 145 146 147 148 149 150 151 152 153 154 155 156 157 158 159 160 161 162 163 164 165 166 167 168 169 170 171 172 173 174 175 176 177 178 179 180 181 182 183 184 185 186;

set F[1] := 1 4
            4 3
            3 14
            14 20
            20 11
            11 42
            ;
set F[2] := 1 4
            4 3
            3 14
            14 20
            20 11
            11 12
            12 13
            13 44
            ;
set F[3] := 1 4
            4 3
            3 14
            14 21
            21 19
            19 18
            18 49
            ;
set F[4] := 1 4
            4 3
            3 14
            14 20
            20 51
            ;
set F[5] := 3 4
            4 35
            ;
set F[6] := 3 23
            23 22
            22 31
            31 9
            9 40
            ;
set F[7] := 3 14
            14 20
            20 11
            11 42
            ;
set F[8] := 3 14
            14 20
            20 11
            11 12
            12 43
            ;
set F[9] := 3 14
            14 20
            20 11
            11 12
            12 13
            13 44
            ;
set F[10] := 3 23
             23 22
             22 31
             31 9
             9 10
             10 17
             17 48
             ;
set F[11] := 3 14
             14 21
             21 19
             19 18
             18 49
             ;
set F[12] := 3 14
             14 20
             20 51
             ;
set F[13] := 3 23
             23 22
             22 53
             ;
set F[14] := 3 23
             23 54
             ;
set F[15] := 3 4
             4 1
             1 8
             8 7
             7 26
             26 30
             30 61
             ;
set F[16] := 4 3
             3 14
             14 20
             20 11
             11 42
             ;
set F[17] := 4 3
             3 14
             14 21
             21 19
             19 18
             18 49
             ;
set F[18] := 4 3
             3 14
             14 20
             20 51
             ;
set F[19] := 6 5
             5 16
             16 15
             15 20
             20 14
             14 3
             3 4
             4 35
             ;
set F[20] := 6 17
             17 10
             10 9
             9 40
             ;
set F[21] := 6 5
             5 16
             16 15
             15 20
             20 11
             11 42
             ;
set F[22] := 6 5
             5 16
             16 15
             15 20
             20 11
             11 12
             12 43
             ;
set F[23] := 6 5
             5 16
             16 15
             15 20
             20 11
             11 12
             12 13
             13 44
             ;
set F[24] := 6 17
             17 48
             ;
set F[25] := 6 5
             5 16
             16 15
             15 20
             20 11
             11 12
             12 13
             13 18
             18 49
             ;
set F[26] := 6 5
             5 16
             16 15
             15 20
             20 51
             ;
set F[27] := 6 5
             5 16
             16 15
             15 20
             20 14
             14 21
             21 52
             ;
set F[28] := 6 17
             17 10
             10 9
             9 31
             31 22
             22 53
             ;
set F[29] := 6 17
             17 10
             10 9
             9 31
             31 22
             22 23
             23 54
             ;
set F[30] := 6 5
             5 30
             30 26
             26 57
             ;
set F[31] := 6 5
             5 30
             30 61
             ;
set F[32] := 7 8
             8 1
             1 4
             4 35
             ;
set F[33] := 7 26
             26 30
             30 5
             5 6
             6 17
             17 10
             10 9
             9 40
             ;
set F[34] := 7 26
             26 30
             30 5
             5 16
             16 15
             15 20
             20 11
             11 42
             ;
set F[35] := 7 26
             26 30
             30 5
             5 16
             16 15
             15 20
             20 11
             11 12
             12 43
             ;
set F[36] := 7 26
             26 30
             30 5
             5 16
             16 15
             15 20
             20 11
             11 12
             12 13
             13 44
             ;
set F[37] := 7 26
             26 30
             30 5
             5 6
             6 17
             17 48
             ;
set F[38] := 7 8
             8 1
             1 4
             4 3
             3 14
             14 21
             21 19
             19 18
             18 49
             ;
set F[39] := 7 26
             26 30
             30 5
             5 16
             16 15
             15 20
             20 51
             ;
set F[40] := 7 8
             8 1
             1 4
             4 3
             3 14
             14 21
             21 52
             ;
set F[41] := 7 8
             8 1
             1 4
             4 3
             3 23
             23 22
             22 53
             ;
set F[42] := 7 8
             8 1
             1 4
             4 3
             3 23
             23 54
             ;
set F[43] := 7 26
             26 57
             ;
set F[44] := 7 26
             26 30
             30 61
             ;
set F[45] := 10 9
             9 31
             31 22
             22 23
             23 3
             3 4
             4 35
             ;
set F[46] := 10 9
             9 40
             ;
set F[47] := 10 17
             17 6
             6 5
             5 16
             16 15
             15 20
             20 11
             11 42
             ;
set F[48] := 10 17
             17 6
             6 5
             5 16
             16 15
             15 20
             20 11
             11 12
             12 43
             ;
set F[49] := 10 17
             17 6
             6 5
             5 16
             16 15
             15 20
             20 11
             11 12
             12 13
             13 44
             ;
set F[50] := 10 17
             17 48
             ;
set F[51] := 10 9
             9 31
             31 22
             22 23
             23 3
             3 14
             14 21
             21 19
             19 18
             18 49
             ;
set F[52] := 10 17
             17 6
             6 5
             5 16
             16 15
             15 20
             20 51
             ;
set F[53] := 10 9
             9 31
             31 22
             22 23
             23 3
             3 14
             14 21
             21 52
             ;
set F[54] := 10 9
             9 31
             31 22
             22 53
             ;
set F[55] := 10 9
             9 31
             31 22
             22 23
             23 54
             ;
set F[56] := 10 17
             17 6
             6 5
             5 30
             30 26
             26 57
             ;
set F[57] := 10 17
             17 6
             6 5
             5 30
             30 61
             ;
set F[58] := 11 12
             12 13
             13 18
             18 49
             ;
set F[59] := 11 20
             20 51
             ;
set F[60] := 12 11
             11 20
             20 14
             14 3
             3 4
             4 35
             ;
set F[61] := 12 11
             11 20
             20 14
             14 3
             3 4
             4 1
             1 8
             8 39
             ;
set F[62] := 12 11
             11 20
             20 14
             14 3
             3 23
             23 22
             22 31
             31 9
             9 40
             ;
set F[63] := 12 11
             11 42
             ;
set F[64] := 12 13
             13 44
             ;
set F[65] := 12 11
             11 20
             20 15
             15 16
             16 5
             5 6
             6 17
             17 48
             ;
set F[66] := 12 13
             13 18
             18 49
             ;
set F[67] := 12 11
             11 20
             20 51
             ;
set F[68] := 12 11
             11 20
             20 14
             14 21
             21 52
             ;
set F[69] := 12 11
             11 20
             20 14
             14 3
             3 23
             23 22
             22 53
             ;
set F[70] := 12 11
             11 20
             20 14
             14 3
             3 23
             23 54
             ;
set F[71] := 12 11
             11 20
             20 15
             15 16
             16 5
             5 30
             30 26
             26 57
             ;
set F[72] := 12 11
             11 20
             20 15
             15 16
             16 5
             5 30
             30 61
             ;
set F[73] := 13 12
             12 11
             11 20
             20 14
             14 3
             3 4
             4 35
             ;
set F[74] := 13 12
             12 11
             11 20
             20 14
             14 3
             3 23
             23 22
             22 31
             31 9
             9 40
             ;
set F[75] := 13 12
             12 11
             11 42
             ;
set F[76] := 13 12
             12 43
             ;
set F[77] := 13 12
             12 11
             11 20
             20 15
             15 16
             16 5
             5 6
             6 17
             17 48
             ;
set F[78] := 13 18
             18 49
             ;
set F[79] := 13 12
             12 11
             11 20
             20 51
             ;
set F[80] := 13 18
             18 19
             19 21
             21 52
             ;
set F[81] := 13 12
             12 11
             11 20
             20 14
             14 3
             3 23
             23 22
             22 53
             ;
set F[82] := 13 12
             12 11
             11 20
             20 14
             14 3
             3 23
             23 54
             ;
set F[83] := 13 12
             12 11
             11 20
             20 15
             15 16
             16 5
             5 30
             30 26
             26 57
             ;
set F[84] := 13 12
             12 11
             11 20
             20 15
             15 16
             16 5
             5 30
             30 61
             ;
set F[85] := 14 3
             3 4
             4 35
             ;
set F[86] := 14 3
             3 23
             23 22
             22 31
             31 9
             9 40
             ;
set F[87] := 14 20
             20 11
             11 42
             ;
set F[88] := 14 20
             20 11
             11 12
             12 43
             ;
set F[89] := 14 20
             20 11
             11 12
             12 13
             13 44
             ;
set F[90] := 14 20
             20 15
             15 16
             16 5
             5 6
             6 17
             17 48
             ;
set F[91] := 14 21
             21 19
             19 18
             18 49
             ;
set F[92] := 14 20
             20 51
             ;
set F[93] := 14 3
             3 23
             23 22
             22 53
             ;
set F[94] := 14 3
             3 23
             23 54
             ;
set F[95] := 14 20
             20 15
             15 16
             16 5
             5 30
             30 61
             ;
set F[96] := 15 20
             20 14
             14 3
             3 4
             4 35
             ;
set F[97] := 15 16
             16 5
             5 6
             6 17
             17 10
             10 9
             9 40
             ;
set F[98] := 15 20
             20 11
             11 42
             ;
set F[99] := 15 20
             20 11
             11 12
             12 43
             ;
set F[100] := 15 20
              20 11
              11 12
              12 13
              13 44
              ;
set F[101] := 15 16
              16 5
              5 6
              6 17
              17 48
              ;
set F[102] := 15 20
              20 11
              11 12
              12 13
              13 18
              18 49
              ;
set F[103] := 15 20
              20 51
              ;
set F[104] := 15 20
              20 14
              14 3
              3 23
              23 22
              22 53
              ;
set F[105] := 16 15
              15 20
              20 14
              14 3
              3 4
              4 35
              ;
set F[106] := 16 5
              5 6
              6 17
              17 10
              10 9
              9 40
              ;
set F[107] := 16 15
              15 20
              20 11
              11 42
              ;
set F[108] := 16 15
              15 20
              20 11
              11 12
              12 43
              ;
set F[109] := 16 15
              15 20
              20 11
              11 12
              12 13
              13 44
              ;
set F[110] := 16 5
              5 6
              6 17
              17 48
              ;
set F[111] := 16 15
              15 20
              20 11
              11 12
              12 13
              13 18
              18 49
              ;
set F[112] := 16 15
              15 20
              20 51
              ;
set F[113] := 16 15
              15 20
              20 14
              14 3
              3 23
              23 22
              22 53
              ;
set F[114] := 18 19
              19 21
              21 14
              14 3
              3 4
              4 35
              ;
set F[115] := 18 13
              13 12
              12 11
              11 20
              20 15
              15 16
              16 5
              5 36
              ;
set F[116] := 18 19
              19 21
              21 14
              14 3
              3 4
              4 1
              1 8
              8 39
              ;
set F[117] := 18 19
              19 21
              21 14
              14 3
              3 23
              23 22
              22 31
              31 9
              9 40
              ;
set F[118] := 18 19
              19 21
              21 14
              14 3
              3 23
              23 22
              22 31
              31 9
              9 10
              10 41
              ;
set F[119] := 18 13
              13 12
              12 11
              11 42
              ;
set F[120] := 18 13
              13 12
              12 43
              ;
set F[121] := 18 13
              13 44
              ;
set F[122] := 18 19
              19 21
              21 14
              14 45
              ;
set F[123] := 18 13
              13 12
              12 11
              11 20
              20 15
              15 16
              16 5
              5 6
              6 17
              17 48
              ;
set F[124] := 18 13
              13 12
              12 11
              11 20
              20 51
              ;
set F[125] := 18 19
              19 21
              21 52
              ;
set F[126] := 18 19
              19 21
              21 14
              14 3
              3 23
              23 22
              22 53
              ;
set F[127] := 18 19
              19 21
              21 14
              14 3
              3 23
              23 54
              ;
set F[128] := 18 13
              13 12
              12 11
              11 20
              20 15
              15 16
              16 5
              5 30
              30 26
              26 57
              ;
set F[129] := 18 13
              13 12
              12 11
              11 20
              20 15
              15 16
              16 5
              5 30
              30 29
              29 60
              ;
set F[130] := 18 13
              13 12
              12 11
              11 20
              20 15
              15 16
              16 5
              5 30
              30 61
              ;
set F[131] := 18 19
              19 21
              21 14
              14 3
              3 23
              23 22
              22 31
              31 62
              ;
set F[132] := 20 14
              14 3
              3 4
              4 1
              1 2
              2 33
              ;
set F[133] := 20 14
              14 3
              3 4
              4 35
              ;
set F[134] := 20 15
              15 16
              16 5
              5 36
              ;
set F[135] := 20 14
              14 3
              3 4
              4 1
              1 8
              8 7
              7 38
              ;
set F[136] := 20 14
              14 3
              3 4
              4 1
              1 8
              8 39
              ;
set F[137] := 20 14
              14 3
              3 23
              23 22
              22 31
              31 9
              9 40
              ;
set F[138] := 20 15
              15 16
              16 5
              5 6
              6 17
              17 10
              10 41
              ;
set F[139] := 20 11
              11 42
              ;
set F[140] := 20 11
              11 12
              12 43
              ;
set F[141] := 20 11
              11 12
              12 13
              13 44
              ;
set F[142] := 20 14
              14 45
              ;
set F[143] := 20 15
              15 16
              16 5
              5 6
              6 17
              17 48
              ;
set F[144] := 20 11
              11 12
              12 13
              13 18
              18 49
              ;
set F[145] := 20 14
              14 21
              21 52
              ;
set F[146] := 20 14
              14 3
              3 23
              23 22
              22 53
              ;
set F[147] := 20 14
              14 3
              3 23
              23 54
              ;
set F[148] := 20 14
              14 3
              3 4
              4 1
              1 2
              2 24
              24 55
              ;
set F[149] := 20 15
              15 16
              16 5
              5 30
              30 26
              26 57
              ;
set F[150] := 20 15
              15 16
              16 5
              5 30
              30 29
              29 60
              ;
set F[151] := 20 15
              15 16
              16 5
              5 30
              30 61
              ;
set F[152] := 20 14
              14 3
              3 23
              23 22
              22 31
              31 62
              ;
set F[153] := 21 14
              14 3
              3 4
              4 35
              ;
set F[154] := 21 14
              14 3
              3 23
              23 22
              22 31
              31 9
              9 40
              ;
set F[155] := 21 14
              14 20
              20 11
              11 42
              ;
set F[156] := 21 14
              14 20
              20 11
              11 12
              12 43
              ;
set F[157] := 21 19
              19 18
              18 13
              13 44
              ;
set F[158] := 21 14
              14 20
              20 15
              15 16
              16 5
              5 6
              6 17
              17 48
              ;
set F[159] := 21 19
              19 18
              18 49
              ;
set F[160] := 21 14
              14 20
              20 51
              ;
set F[161] := 21 14
              14 3
              3 23
              23 22
              22 53
              ;
set F[162] := 21 14
              14 3
              3 23
              23 54
              ;
set F[163] := 21 14
              14 3
              3 4
              4 1
              1 8
              8 7
              7 26
              26 57
              ;
set F[164] := 21 14
              14 20
              20 15
              15 16
              16 5
              5 30
              30 61
              ;
set F[165] := 23 3
              3 14
              14 20
              20 11
              11 42
              ;
set F[166] := 23 3
              3 14
              14 21
              21 19
              19 18
              18 49
              ;
set F[167] := 23 3
              3 14
              14 20
              20 51
              ;
set F[168] := 26 7
              7 8
              8 1
              1 4
              4 35
              ;
set F[169] := 26 7
              7 8
              8 39
              ;
set F[170] := 26 30
              30 5
              5 6
              6 17
              17 10
              10 9
              9 40
              ;
set F[171] := 26 30
              30 5
              5 16
              16 15
              15 20
              20 11
              11 42
              ;
set F[172] := 26 30
              30 5
              5 16
              16 15
              15 20
              20 11
              11 12
              12 43
              ;
set F[173] := 26 30
              30 5
              5 16
              16 15
              15 20
              20 11
              11 12
              12 13
              13 44
              ;
set F[174] := 26 30
              30 5
              5 6
              6 17
              17 48
              ;
set F[175] := 26 7
              7 8
              8 1
              1 4
              4 3
              3 14
              14 21
              21 19
              19 18
              18 49
              ;
set F[176] := 26 30
              30 5
              5 16
              16 15
              15 20
              20 51
              ;
set F[177] := 26 7
              7 8
              8 1
              1 4
              4 3
              3 14
              14 21
              21 52
              ;
set F[178] := 26 7
              7 8
              8 1
              1 4
              4 3
              3 23
              23 22
              22 53
              ;
set F[179] := 26 7
              7 8
              8 1
              1 4
              4 3
              3 23
              23 54
              ;
set F[180] := 26 30
              30 29
              29 60
              ;
set F[181] := 26 30
              30 61
              ;
set F[182] := 27 26
              26 30
              30 5
              5 16
              16 15
              15 20
              20 11
              11 42
              ;
set F[183] := 27 26
              26 30
              30 5
              5 16
              16 15
              15 20
              20 51
              ;
set F[184] := 30 5
              5 16
              16 15
              15 20
              20 11
              11 42
              ;
set F[185] := 30 5
              5 16
              16 15
              15 20
              20 11
              11 12
              12 13
              13 18
              18 49
              ;
set F[186] := 30 5
              5 16
              16 15
              15 20
              20 51
              ;
set Last[1] := 11 42;
set Last[2] := 13 44;
set Last[3] := 18 49;
set Last[4] := 20 51;
set Last[5] := 4 35;
set Last[6] := 9 40;
set Last[7] := 11 42;
set Last[8] := 12 43;
set Last[9] := 13 44;
set Last[10] := 17 48;
set Last[11] := 18 49;
set Last[12] := 20 51;
set Last[13] := 22 53;
set Last[14] := 23 54;
set Last[15] := 30 61;
set Last[16] := 11 42;
set Last[17] := 18 49;
set Last[18] := 20 51;
set Last[19] := 4 35;
set Last[20] := 9 40;
set Last[21] := 11 42;
set Last[22] := 12 43;
set Last[23] := 13 44;
set Last[24] := 17 48;
set Last[25] := 18 49;
set Last[26] := 20 51;
set Last[27] := 21 52;
set Last[28] := 22 53;
set Last[29] := 23 54;
set Last[30] := 26 57;
set Last[31] := 30 61;
set Last[32] := 4 35;
set Last[33] := 9 40;
set Last[34] := 11 42;
set Last[35] := 12 43;
set Last[36] := 13 44;
set Last[37] := 17 48;
set Last[38] := 18 49;
set Last[39] := 20 51;
set Last[40] := 21 52;
set Last[41] := 22 53;
set Last[42] := 23 54;
set Last[43] := 26 57;
set Last[44] := 30 61;
set Last[45] := 4 35;
set Last[46] := 9 40;
set Last[47] := 11 42;
set Last[48] := 12 43;
set Last[49] := 13 44;
set Last[50] := 17 48;
set Last[51] := 18 49;
set Last[52] := 20 51;
set Last[53] := 21 52;
set Last[54] := 22 53;
set Last[55] := 23 54;
set Last[56] := 26 57;
set Last[57] := 30 61;
set Last[58] := 18 49;
set Last[59] := 20 51;
set Last[60] := 4 35;
set Last[61] := 8 39;
set Last[62] := 9 40;
set Last[63] := 11 42;
set Last[64] := 13 44;
set Last[65] := 17 48;
set Last[66] := 18 49;
set Last[67] := 20 51;
set Last[68] := 21 52;
set Last[69] := 22 53;
set Last[70] := 23 54;
set Last[71] := 26 57;
set Last[72] := 30 61;
set Last[73] := 4 35;
set Last[74] := 9 40;
set Last[75] := 11 42;
set Last[76] := 12 43;
set Last[77] := 17 48;
set Last[78] := 18 49;
set Last[79] := 20 51;
set Last[80] := 21 52;
set Last[81] := 22 53;
set Last[82] := 23 54;
set Last[83] := 26 57;
set Last[84] := 30 61;
set Last[85] := 4 35;
set Last[86] := 9 40;
set Last[87] := 11 42;
set Last[88] := 12 43;
set Last[89] := 13 44;
set Last[90] := 17 48;
set Last[91] := 18 49;
set Last[92] := 20 51;
set Last[93] := 22 53;
set Last[94] := 23 54;
set Last[95] := 30 61;
set Last[96] := 4 35;
set Last[97] := 9 40;
set Last[98] := 11 42;
set Last[99] := 12 43;
set Last[100] := 13 44;
set Last[101] := 17 48;
set Last[102] := 18 49;
set Last[103] := 20 51;
set Last[104] := 22 53;
set Last[105] := 4 35;
set Last[106] := 9 40;
set Last[107] := 11 42;
set Last[108] := 12 43;
set Last[109] := 13 44;
set Last[110] := 17 48;
set Last[111] := 18 49;
set Last[112] := 20 51;
set Last[113] := 22 53;
set Last[114] := 4 35;
set Last[115] := 5 36;
set Last[116] := 8 39;
set Last[117] := 9 40;
set Last[118] := 10 41;
set Last[119] := 11 42;
set Last[120] := 12 43;
set Last[121] := 13 44;
set Last[122] := 14 45;
set Last[123] := 17 48;
set Last[124] := 20 51;
set Last[125] := 21 52;
set Last[126] := 22 53;
set Last[127] := 23 54;
set Last[128] := 26 57;
set Last[129] := 29 60;
set Last[130] := 30 61;
set Last[131] := 31 62;
set Last[132] := 2 33;
set Last[133] := 4 35;
set Last[134] := 5 36;
set Last[135] := 7 38;
set Last[136] := 8 39;
set Last[137] := 9 40;
set Last[138] := 10 41;
set Last[139] := 11 42;
set Last[140] := 12 43;
set Last[141] := 13 44;
set Last[142] := 14 45;
set Last[143] := 17 48;
set Last[144] := 18 49;
set Last[145] := 21 52;
set Last[146] := 22 53;
set Last[147] := 23 54;
set Last[148] := 24 55;
set Last[149] := 26 57;
set Last[150] := 29 60;
set Last[151] := 30 61;
set Last[152] := 31 62;
set Last[153] := 4 35;
set Last[154] := 9 40;
set Last[155] := 11 42;
set Last[156] := 12 43;
set Last[157] := 13 44;
set Last[158] := 17 48;
set Last[159] := 18 49;
set Last[160] := 20 51;
set Last[161] := 22 53;
set Last[162] := 23 54;
set Last[163] := 26 57;
set Last[164] := 30 61;
set Last[165] := 11 42;
set Last[166] := 18 49;
set Last[167] := 20 51;
set Last[168] := 4 35;
set Last[169] := 8 39;
set Last[170] := 9 40;
set Last[171] := 11 42;
set Last[172] := 12 43;
set Last[173] := 13 44;
set Last[174] := 17 48;
set Last[175] := 18 49;
set Last[176] := 20 51;
set Last[177] := 21 52;
set Last[178] := 22 53;
set Last[179] := 23 54;
set Last[180] := 29 60;
set Last[181] := 30 61;
set Last[182] := 11 42;
set Last[183] := 20 51;
set Last[184] := 11 42;
set Last[185] := 18 49;
set Last[186] := 20 51;

param q := 5;

end;
