data;

set V := 1 2 3 4 5 6 7 8 9 10 11 12 13 14 15 16 17 18 19 20 21 22 23 24 25 26 27 28 29 30 31 32 33 34 35 37 38 39 40 42 43 44 45 46 47 48 49 50 51 52 53 54 55 56 57 58 59 60 61 62 63 64 65 66;

set A := 1 2
         1 7
         1 25
         1 34
         2 1
         2 35
         3 22
         3 25
         4 5
         4 25
         4 37
         5 4
         5 21
         5 38
         6 21
         6 39
         7 1
         7 2
         7 8
         7 40
         8 7
         8 17
         8 21
         9 6
         9 21
         9 26
         9 42
         10 21
         10 43
         11 14
         11 21
         11 44
         12 22
         12 45
         13 22
         13 46
         14 11
         14 15
         14 22
         14 47
         15 14
         15 48
         16 17
         16 49
         17 8
         17 16
         17 23
         17 50
         18 17
         18 19
         18 51
         19 18
         19 21
         19 52
         20 21
         20 22
         20 53
         21 5
         21 6
         21 8
         21 9
         21 10
         21 11
         21 19
         21 20
         21 22
         21 54
         22 12
         22 13
         22 14
         22 20
         22 21
         22 25
         22 28
         22 29
         22 30
         22 31
         22 55
         23 17
         23 56
         24 25
         24 33
         24 57
         25 1
         25 4
         25 22
         25 24
         25 58
         26 9
         26 27
         26 59
         27 26
         27 28
         27 60
         28 22
         28 27
         28 61
         29 22
         29 62
         30 22
         30 63
         31 22
         31 32
         31 64
         32 31
         32 33
         32 65
         33 24
         33 32
         33 66
         ;

set S := 1 2 3 4 5 6 7 8 9 10 11 12 13 14 15 16 17 18 19 20 21 22 23 24 25 26 27 28 29 30 31 32 33 34 35 36 37 38 39 40 41 42 43 44 45 46 47 48 49 50 51 52 53 54 55 56 57 58 59 60 61 62 63 64 65 66 67 68 69 70 71 72 73 74 75 76 77 78 79 80 81 82 83 84 85 86 87 88 89 90 91 92 93 94 95 96 97 98 99 100 101 102 103 104 105 106 107 108 109 110 111 112 113 114 115 116 117 118 119 120 121 122 123 124 125 126 127 128 129 130 131 132 133 134 135 136 137 138 139 140 141 142 143 144 145 146 147 148 149 150 151 152 153 154 155 156 157 158 159 160 161 162 163 164 165 166 167 168 169 170 171 172 173 174 175 176 177 178 179 180 181 182 183 184 185 186 187 188 189 190 191 192 193 194 195 196 197 198 199 200 201 202 203 204 205 206 207 208 209 210 211 212 213 214 215 216 217 218 219 220 221 222 223 224 225 226 227 228 229 230 231 232 233 234 235 236 237 238 239 240 241 242 243 244 245 246 247 248 249 250 251 252 253 254 255 256 257 258 259 260 261 262 263 264 265 266 267 268 269 270 271 272 273 274 275 276 277 278 279 280 281 282 283 284 285 286 287 288 289 290 291 292 293 294 295 296 297 298 299 300 301 302 303 304 305 306 307 308 309 310 311 312 313 314 315 316 317 318 319 320 321 322 323 324 325 326 327 328 329 330 331 332 333 334 335 336 337 338 339 340 341 342 343 344 345 346 347 348 349 350 351 352 353 354 355 356 357 358 359 360 361 362 363 364 365 366 367 368 369 370 371 372 373 374 375 376 377 378 379 380 381 382 383 384 385 386 387 388 389 390 391 392 393 394 395 396 397 398 399 400 401 402 403 404 405 406 407 408 409 410 411 412 413 414 415 416 417 418 419 420 421 422 423;

set F[1] := 1 2
            2 35
            ;
set F[2] := 1 25
            25 4
            4 37
            ;
set F[3] := 1 25
            25 4
            4 5
            5 38
            ;
set F[4] := 1 25
            25 22
            22 21
            21 6
            6 39
            ;
set F[5] := 1 7
            7 40
            ;
set F[6] := 1 25
            25 22
            22 21
            21 9
            9 42
            ;
set F[7] := 1 25
            25 22
            22 14
            14 11
            11 44
            ;
set F[8] := 1 25
            25 22
            22 12
            12 45
            ;
set F[9] := 1 25
            25 22
            22 13
            13 46
            ;
set F[10] := 1 25
             25 22
             22 14
             14 47
             ;
set F[11] := 1 25
             25 22
             22 14
             14 15
             15 48
             ;
set F[12] := 1 7
             7 8
             8 17
             17 16
             16 49
             ;
set F[13] := 1 7
             7 8
             8 17
             17 50
             ;
set F[14] := 1 25
             25 22
             22 20
             20 53
             ;
set F[15] := 1 25
             25 22
             22 21
             21 54
             ;
set F[16] := 1 25
             25 22
             22 55
             ;
set F[17] := 1 25
             25 24
             24 57
             ;
set F[18] := 1 25
             25 58
             ;
set F[19] := 1 25
             25 22
             22 21
             21 9
             9 26
             26 59
             ;
set F[20] := 1 25
             25 22
             22 28
             28 27
             27 60
             ;
set F[21] := 1 25
             25 22
             22 28
             28 61
             ;
set F[22] := 1 25
             25 22
             22 29
             29 62
             ;
set F[23] := 1 25
             25 22
             22 30
             30 63
             ;
set F[24] := 1 25
             25 22
             22 31
             31 64
             ;
set F[25] := 1 25
             25 22
             22 31
             31 32
             32 65
             ;
set F[26] := 2 1
             1 25
             25 22
             22 55
             ;
set F[27] := 3 25
             25 1
             1 34
             ;
set F[28] := 3 25
             25 1
             1 2
             2 35
             ;
set F[29] := 3 25
             25 4
             4 37
             ;
set F[30] := 3 25
             25 4
             4 5
             5 38
             ;
set F[31] := 3 22
             22 21
             21 6
             6 39
             ;
set F[32] := 3 25
             25 1
             1 7
             7 40
             ;
set F[33] := 3 22
             22 21
             21 9
             9 42
             ;
set F[34] := 3 22
             22 14
             14 11
             11 44
             ;
set F[35] := 3 22
             22 12
             12 45
             ;
set F[36] := 3 22
             22 14
             14 47
             ;
set F[37] := 3 22
             22 14
             14 15
             15 48
             ;
set F[38] := 3 22
             22 21
             21 8
             8 17
             17 16
             16 49
             ;
set F[39] := 3 22
             22 21
             21 8
             8 17
             17 50
             ;
set F[40] := 3 22
             22 20
             20 53
             ;
set F[41] := 3 22
             22 21
             21 54
             ;
set F[42] := 3 22
             22 55
             ;
set F[43] := 3 25
             25 24
             24 57
             ;
set F[44] := 3 25
             25 58
             ;
set F[45] := 3 22
             22 21
             21 9
             9 26
             26 59
             ;
set F[46] := 3 22
             22 28
             28 27
             27 60
             ;
set F[47] := 3 22
             22 28
             28 61
             ;
set F[48] := 3 22
             22 29
             29 62
             ;
set F[49] := 3 22
             22 31
             31 64
             ;
set F[50] := 3 22
             22 31
             31 32
             32 65
             ;
set F[51] := 4 25
             25 1
             1 34
             ;
set F[52] := 4 25
             25 1
             1 2
             2 35
             ;
set F[53] := 4 5
             5 38
             ;
set F[54] := 4 5
             5 21
             21 9
             9 42
             ;
set F[55] := 4 5
             5 21
             21 8
             8 17
             17 50
             ;
set F[56] := 4 5
             5 21
             21 54
             ;
set F[57] := 4 25
             25 22
             22 55
             ;
set F[58] := 4 25
             25 24
             24 57
             ;
set F[59] := 4 25
             25 58
             ;
set F[60] := 4 5
             5 21
             21 9
             9 26
             26 59
             ;
set F[61] := 4 25
             25 22
             22 28
             28 27
             27 60
             ;
set F[62] := 4 25
             25 22
             22 28
             28 61
             ;
set F[63] := 4 25
             25 22
             22 29
             29 62
             ;
set F[64] := 4 25
             25 22
             22 31
             31 64
             ;
set F[65] := 4 25
             25 22
             22 31
             31 32
             32 65
             ;
set F[66] := 5 4
             4 25
             25 1
             1 34
             ;
set F[67] := 5 4
             4 25
             25 1
             1 2
             2 35
             ;
set F[68] := 5 4
             4 37
             ;
set F[69] := 5 21
             21 6
             6 39
             ;
set F[70] := 5 21
             21 8
             8 7
             7 40
             ;
set F[71] := 5 21
             21 9
             9 42
             ;
set F[72] := 5 21
             21 11
             11 44
             ;
set F[73] := 5 21
             21 22
             22 12
             12 45
             ;
set F[74] := 5 21
             21 11
             11 14
             14 47
             ;
set F[75] := 5 21
             21 11
             11 14
             14 15
             15 48
             ;
set F[76] := 5 21
             21 8
             8 17
             17 16
             16 49
             ;
set F[77] := 5 21
             21 8
             8 17
             17 50
             ;
set F[78] := 5 21
             21 20
             20 53
             ;
set F[79] := 5 21
             21 54
             ;
set F[80] := 5 21
             21 22
             22 55
             ;
set F[81] := 5 4
             4 25
             25 24
             24 57
             ;
set F[82] := 5 4
             4 25
             25 58
             ;
set F[83] := 5 21
             21 9
             9 26
             26 59
             ;
set F[84] := 5 21
             21 9
             9 26
             26 27
             27 60
             ;
set F[85] := 5 21
             21 22
             22 28
             28 61
             ;
set F[86] := 5 21
             21 22
             22 29
             29 62
             ;
set F[87] := 5 21
             21 22
             22 31
             31 64
             ;
set F[88] := 5 21
             21 22
             22 31
             31 32
             32 65
             ;
set F[89] := 6 21
             21 8
             8 7
             7 1
             1 34
             ;
set F[90] := 6 21
             21 8
             8 17
             17 50
             ;
set F[91] := 6 21
             21 22
             22 55
             ;
set F[92] := 6 21
             21 22
             22 25
             25 24
             24 57
             ;
set F[93] := 6 21
             21 22
             22 25
             25 58
             ;
set F[94] := 6 21
             21 22
             22 31
             31 64
             ;
set F[95] := 7 1
             1 34
             ;
set F[96] := 7 2
             2 35
             ;
set F[97] := 7 8
             8 21
             21 5
             5 38
             ;
set F[98] := 7 8
             8 21
             21 9
             9 42
             ;
set F[99] := 7 8
             8 17
             17 50
             ;
set F[100] := 7 8
              8 21
              21 54
              ;
set F[101] := 7 1
              1 25
              25 22
              22 55
              ;
set F[102] := 7 1
              1 25
              25 24
              24 57
              ;
set F[103] := 7 1
              1 25
              25 58
              ;
set F[104] := 7 8
              8 21
              21 9
              9 26
              26 59
              ;
set F[105] := 7 1
              1 25
              25 22
              22 28
              28 27
              27 60
              ;
set F[106] := 7 1
              1 25
              25 22
              22 28
              28 61
              ;
set F[107] := 7 1
              1 25
              25 22
              22 29
              29 62
              ;
set F[108] := 7 1
              1 25
              25 22
              22 31
              31 64
              ;
set F[109] := 9 21
              21 8
              8 7
              7 1
              1 34
              ;
set F[110] := 9 21
              21 8
              8 7
              7 2
              2 35
              ;
set F[111] := 9 21
              21 5
              5 4
              4 37
              ;
set F[112] := 9 21
              21 5
              5 38
              ;
set F[113] := 9 6
              6 39
              ;
set F[114] := 9 21
              21 11
              11 44
              ;
set F[115] := 9 21
              21 11
              11 14
              14 47
              ;
set F[116] := 9 21
              21 11
              11 14
              14 15
              15 48
              ;
set F[117] := 9 21
              21 8
              8 17
              17 16
              16 49
              ;
set F[118] := 9 21
              21 8
              8 17
              17 50
              ;
set F[119] := 9 21
              21 20
              20 53
              ;
set F[120] := 9 21
              21 54
              ;
set F[121] := 9 21
              21 22
              22 55
              ;
set F[122] := 9 21
              21 22
              22 25
              25 24
              24 57
              ;
set F[123] := 9 21
              21 22
              22 25
              25 58
              ;
set F[124] := 9 26
              26 59
              ;
set F[125] := 9 26
              26 27
              27 60
              ;
set F[126] := 9 26
              26 27
              27 28
              28 61
              ;
set F[127] := 9 21
              21 22
              22 29
              29 62
              ;
set F[128] := 9 21
              21 22
              22 31
              31 64
              ;
set F[129] := 9 21
              21 22
              22 31
              31 32
              32 65
              ;
set F[130] := 10 21
              21 8
              8 7
              7 1
              1 34
              ;
set F[131] := 10 21
              21 8
              8 17
              17 50
              ;
set F[132] := 10 21
              21 22
              22 55
              ;
set F[133] := 10 21
              21 22
              22 25
              25 24
              24 57
              ;
set F[134] := 10 21
              21 22
              22 25
              25 58
              ;
set F[135] := 11 21
              21 8
              8 7
              7 1
              1 34
              ;
set F[136] := 11 21
              21 8
              8 7
              7 2
              2 35
              ;
set F[137] := 11 21
              21 5
              5 4
              4 37
              ;
set F[138] := 11 21
              21 5
              5 38
              ;
set F[139] := 11 21
              21 9
              9 42
              ;
set F[140] := 11 14
              14 15
              15 48
              ;
set F[141] := 11 21
              21 8
              8 17
              17 16
              16 49
              ;
set F[142] := 11 21
              21 8
              8 17
              17 50
              ;
set F[143] := 11 21
              21 20
              20 53
              ;
set F[144] := 11 21
              21 54
              ;
set F[145] := 11 21
              21 22
              22 55
              ;
set F[146] := 11 21
              21 22
              22 25
              25 24
              24 57
              ;
set F[147] := 11 21
              21 22
              22 25
              25 58
              ;
set F[148] := 11 21
              21 9
              9 26
              26 59
              ;
set F[149] := 11 21
              21 9
              9 26
              26 27
              27 60
              ;
set F[150] := 11 21
              21 22
              22 28
              28 61
              ;
set F[151] := 11 21
              21 22
              22 29
              29 62
              ;
set F[152] := 11 21
              21 22
              22 31
              31 64
              ;
set F[153] := 11 21
              21 22
              22 31
              31 32
              32 65
              ;
set F[154] := 12 22
              22 55
              ;
set F[155] := 13 22
              22 25
              25 1
              1 34
              ;
set F[156] := 13 22
              22 21
              21 8
              8 17
              17 50
              ;
set F[157] := 13 22
              22 55
              ;
set F[158] := 14 22
              22 25
              25 1
              1 34
              ;
set F[159] := 14 22
              22 25
              25 1
              1 2
              2 35
              ;
set F[160] := 14 22
              22 25
              25 4
              4 37
              ;
set F[161] := 14 11
              11 21
              21 5
              5 38
              ;
set F[162] := 14 11
              11 21
              21 9
              9 42
              ;
set F[163] := 14 15
              15 48
              ;
set F[164] := 14 11
              11 21
              21 8
              8 17
              17 16
              16 49
              ;
set F[165] := 14 11
              11 21
              21 8
              8 17
              17 50
              ;
set F[166] := 14 22
              22 20
              20 53
              ;
set F[167] := 14 11
              11 21
              21 54
              ;
set F[168] := 14 22
              22 55
              ;
set F[169] := 14 22
              22 25
              25 24
              24 57
              ;
set F[170] := 14 22
              22 25
              25 58
              ;
set F[171] := 14 11
              11 21
              21 9
              9 26
              26 59
              ;
set F[172] := 14 22
              22 28
              28 27
              27 60
              ;
set F[173] := 14 22
              22 28
              28 61
              ;
set F[174] := 14 22
              22 29
              29 62
              ;
set F[175] := 14 22
              22 31
              31 64
              ;
set F[176] := 14 22
              22 31
              31 32
              32 65
              ;
set F[177] := 15 14
              14 22
              22 25
              25 1
              1 34
              ;
set F[178] := 15 14
              14 11
              11 21
              21 8
              8 17
              17 50
              ;
set F[179] := 15 14
              14 22
              22 55
              ;
set F[180] := 15 14
              14 22
              22 25
              25 24
              24 57
              ;
set F[181] := 15 14
              14 22
              22 25
              25 58
              ;
set F[182] := 15 14
              14 22
              22 31
              31 64
              ;
set F[183] := 16 17
              17 8
              8 7
              7 1
              1 34
              ;
set F[184] := 16 17
              17 50
              ;
set F[185] := 16 17
              17 8
              8 21
              21 22
              22 55
              ;
set F[186] := 16 17
              17 8
              8 7
              7 1
              1 25
              25 24
              24 57
              ;
set F[187] := 16 17
              17 8
              8 7
              7 1
              1 25
              25 58
              ;
set F[188] := 17 8
              8 7
              7 1
              1 34
              ;
set F[189] := 17 8
              8 7
              7 2
              2 35
              ;
set F[190] := 17 8
              8 21
              21 5
              5 4
              4 37
              ;
set F[191] := 17 8
              8 21
              21 5
              5 38
              ;
set F[192] := 17 8
              8 21
              21 6
              6 39
              ;
set F[193] := 17 8
              8 7
              7 40
              ;
set F[194] := 17 8
              8 21
              21 9
              9 42
              ;
set F[195] := 17 8
              8 21
              21 11
              11 44
              ;
set F[196] := 17 8
              8 21
              21 22
              22 12
              12 45
              ;
set F[197] := 17 8
              8 21
              21 22
              22 13
              13 46
              ;
set F[198] := 17 8
              8 21
              21 11
              11 14
              14 47
              ;
set F[199] := 17 8
              8 21
              21 11
              11 14
              14 15
              15 48
              ;
set F[200] := 17 16
              16 49
              ;
set F[201] := 17 8
              8 21
              21 20
              20 53
              ;
set F[202] := 17 8
              8 21
              21 54
              ;
set F[203] := 17 8
              8 21
              21 22
              22 55
              ;
set F[204] := 17 8
              8 7
              7 1
              1 25
              25 24
              24 57
              ;
set F[205] := 17 8
              8 7
              7 1
              1 25
              25 58
              ;
set F[206] := 17 8
              8 21
              21 9
              9 26
              26 59
              ;
set F[207] := 17 8
              8 21
              21 9
              9 26
              26 27
              27 60
              ;
set F[208] := 17 8
              8 21
              21 22
              22 28
              28 61
              ;
set F[209] := 17 8
              8 21
              21 22
              22 29
              29 62
              ;
set F[210] := 17 8
              8 21
              21 22
              22 31
              31 64
              ;
set F[211] := 17 8
              8 21
              21 22
              22 31
              31 32
              32 65
              ;
set F[212] := 18 17
              17 8
              8 7
              7 1
              1 34
              ;
set F[213] := 18 17
              17 50
              ;
set F[214] := 18 19
              19 21
              21 22
              22 55
              ;
set F[215] := 19 18
              18 17
              17 50
              ;
set F[216] := 19 21
              21 22
              22 55
              ;
set F[217] := 20 22
              22 25
              25 1
              1 34
              ;
set F[218] := 20 21
              21 8
              8 17
              17 50
              ;
set F[219] := 20 22
              22 55
              ;
set F[220] := 20 22
              22 25
              25 24
              24 57
              ;
set F[221] := 20 22
              22 25
              25 58
              ;
set F[222] := 20 22
              22 31
              31 64
              ;
set F[223] := 21 8
              8 7
              7 1
              1 34
              ;
set F[224] := 21 8
              8 7
              7 2
              2 35
              ;
set F[225] := 21 5
              5 4
              4 37
              ;
set F[226] := 21 5
              5 38
              ;
set F[227] := 21 6
              6 39
              ;
set F[228] := 21 8
              8 7
              7 40
              ;
set F[229] := 21 9
              9 42
              ;
set F[230] := 21 10
              10 43
              ;
set F[231] := 21 11
              11 44
              ;
set F[232] := 21 22
              22 12
              12 45
              ;
set F[233] := 21 22
              22 13
              13 46
              ;
set F[234] := 21 11
              11 14
              14 47
              ;
set F[235] := 21 11
              11 14
              14 15
              15 48
              ;
set F[236] := 21 8
              8 17
              17 16
              16 49
              ;
set F[237] := 21 8
              8 17
              17 50
              ;
set F[238] := 21 19
              19 18
              18 51
              ;
set F[239] := 21 19
              19 52
              ;
set F[240] := 21 20
              20 53
              ;
set F[241] := 21 22
              22 55
              ;
set F[242] := 21 8
              8 17
              17 23
              23 56
              ;
set F[243] := 21 22
              22 25
              25 24
              24 57
              ;
set F[244] := 21 22
              22 25
              25 58
              ;
set F[245] := 21 9
              9 26
              26 59
              ;
set F[246] := 21 9
              9 26
              26 27
              27 60
              ;
set F[247] := 21 22
              22 28
              28 61
              ;
set F[248] := 21 22
              22 29
              29 62
              ;
set F[249] := 21 22
              22 30
              30 63
              ;
set F[250] := 21 22
              22 31
              31 64
              ;
set F[251] := 21 22
              22 31
              31 32
              32 65
              ;
set F[252] := 21 22
              22 25
              25 24
              24 33
              33 66
              ;
set F[253] := 22 25
              25 1
              1 34
              ;
set F[254] := 22 25
              25 1
              1 2
              2 35
              ;
set F[255] := 22 25
              25 4
              4 37
              ;
set F[256] := 22 21
              21 5
              5 38
              ;
set F[257] := 22 21
              21 6
              6 39
              ;
set F[258] := 22 21
              21 8
              8 7
              7 40
              ;
set F[259] := 22 21
              21 9
              9 42
              ;
set F[260] := 22 14
              14 11
              11 44
              ;
set F[261] := 22 12
              12 45
              ;
set F[262] := 22 13
              13 46
              ;
set F[263] := 22 14
              14 47
              ;
set F[264] := 22 14
              14 15
              15 48
              ;
set F[265] := 22 21
              21 8
              8 17
              17 16
              16 49
              ;
set F[266] := 22 21
              21 8
              8 17
              17 50
              ;
set F[267] := 22 21
              21 19
              19 18
              18 51
              ;
set F[268] := 22 20
              20 53
              ;
set F[269] := 22 21
              21 54
              ;
set F[270] := 22 25
              25 24
              24 57
              ;
set F[271] := 22 25
              25 58
              ;
set F[272] := 22 21
              21 9
              9 26
              26 59
              ;
set F[273] := 22 28
              28 27
              27 60
              ;
set F[274] := 22 28
              28 61
              ;
set F[275] := 22 29
              29 62
              ;
set F[276] := 22 30
              30 63
              ;
set F[277] := 22 31
              31 64
              ;
set F[278] := 22 31
              31 32
              32 65
              ;
set F[279] := 23 17
              17 8
              8 21
              21 22
              22 55
              ;
set F[280] := 24 25
              25 1
              1 34
              ;
set F[281] := 24 25
              25 1
              1 2
              2 35
              ;
set F[282] := 24 25
              25 4
              4 37
              ;
set F[283] := 24 25
              25 4
              4 5
              5 38
              ;
set F[284] := 24 25
              25 22
              22 21
              21 6
              6 39
              ;
set F[285] := 24 25
              25 22
              22 21
              21 9
              9 42
              ;
set F[286] := 24 25
              25 22
              22 14
              14 11
              11 44
              ;
set F[287] := 24 25
              25 22
              22 14
              14 47
              ;
set F[288] := 24 25
              25 22
              22 14
              14 15
              15 48
              ;
set F[289] := 24 25
              25 1
              1 7
              7 8
              8 17
              17 16
              16 49
              ;
set F[290] := 24 25
              25 1
              1 7
              7 8
              8 17
              17 50
              ;
set F[291] := 24 25
              25 22
              22 20
              20 53
              ;
set F[292] := 24 25
              25 22
              22 21
              21 54
              ;
set F[293] := 24 25
              25 22
              22 55
              ;
set F[294] := 24 25
              25 58
              ;
set F[295] := 24 25
              25 22
              22 21
              21 9
              9 26
              26 59
              ;
set F[296] := 24 25
              25 22
              22 28
              28 27
              27 60
              ;
set F[297] := 24 25
              25 22
              22 28
              28 61
              ;
set F[298] := 24 25
              25 22
              22 29
              29 62
              ;
set F[299] := 24 25
              25 22
              22 31
              31 64
              ;
set F[300] := 24 33
              33 32
              32 65
              ;
set F[301] := 25 1
              1 34
              ;
set F[302] := 25 1
              1 2
              2 35
              ;
set F[303] := 25 4
              4 37
              ;
set F[304] := 25 4
              4 5
              5 38
              ;
set F[305] := 25 22
              22 21
              21 6
              6 39
              ;
set F[306] := 25 1
              1 7
              7 40
              ;
set F[307] := 25 22
              22 21
              21 9
              9 42
              ;
set F[308] := 25 22
              22 14
              14 11
              11 44
              ;
set F[309] := 25 22
              22 12
              12 45
              ;
set F[310] := 25 22
              22 13
              13 46
              ;
set F[311] := 25 22
              22 14
              14 47
              ;
set F[312] := 25 22
              22 14
              14 15
              15 48
              ;
set F[313] := 25 1
              1 7
              7 8
              8 17
              17 16
              16 49
              ;
set F[314] := 25 1
              1 7
              7 8
              8 17
              17 50
              ;
set F[315] := 25 22
              22 21
              21 19
              19 18
              18 51
              ;
set F[316] := 25 22
              22 20
              20 53
              ;
set F[317] := 25 22
              22 21
              21 54
              ;
set F[318] := 25 22
              22 55
              ;
set F[319] := 25 1
              1 7
              7 8
              8 17
              17 23
              23 56
              ;
set F[320] := 25 24
              24 57
              ;
set F[321] := 25 22
              22 21
              21 9
              9 26
              26 59
              ;
set F[322] := 25 22
              22 28
              28 27
              27 60
              ;
set F[323] := 25 22
              22 28
              28 61
              ;
set F[324] := 25 22
              22 29
              29 62
              ;
set F[325] := 25 22
              22 30
              30 63
              ;
set F[326] := 25 22
              22 31
              31 64
              ;
set F[327] := 25 22
              22 31
              31 32
              32 65
              ;
set F[328] := 26 9
              9 21
              21 8
              8 7
              7 1
              1 34
              ;
set F[329] := 26 9
              9 21
              21 8
              8 7
              7 2
              2 35
              ;
set F[330] := 26 9
              9 21
              21 5
              5 4
              4 37
              ;
set F[331] := 26 9
              9 21
              21 5
              5 38
              ;
set F[332] := 26 9
              9 6
              6 39
              ;
set F[333] := 26 9
              9 21
              21 8
              8 7
              7 40
              ;
set F[334] := 26 9
              9 42
              ;
set F[335] := 26 9
              9 21
              21 11
              11 44
              ;
set F[336] := 26 9
              9 21
              21 22
              22 12
              12 45
              ;
set F[337] := 26 9
              9 21
              21 11
              11 14
              14 47
              ;
set F[338] := 26 9
              9 21
              21 11
              11 14
              14 15
              15 48
              ;
set F[339] := 26 9
              9 21
              21 8
              8 17
              17 16
              16 49
              ;
set F[340] := 26 9
              9 21
              21 8
              8 17
              17 50
              ;
set F[341] := 26 9
              9 21
              21 20
              20 53
              ;
set F[342] := 26 9
              9 21
              21 54
              ;
set F[343] := 26 9
              9 21
              21 22
              22 55
              ;
set F[344] := 26 9
              9 21
              21 22
              22 25
              25 24
              24 57
              ;
set F[345] := 26 9
              9 21
              21 22
              22 25
              25 58
              ;
set F[346] := 26 27
              27 60
              ;
set F[347] := 26 27
              27 28
              28 61
              ;
set F[348] := 26 9
              9 21
              21 22
              22 29
              29 62
              ;
set F[349] := 26 9
              9 21
              21 22
              22 31
              31 64
              ;
set F[350] := 26 9
              9 21
              21 22
              22 31
              31 32
              32 65
              ;
set F[351] := 27 28
              28 22
              22 25
              25 1
              1 34
              ;
set F[352] := 27 28
              28 22
              22 25
              25 1
              1 2
              2 35
              ;
set F[353] := 27 26
              26 9
              9 21
              21 5
              5 38
              ;
set F[354] := 27 26
              26 9
              9 42
              ;
set F[355] := 27 26
              26 9
              9 21
              21 8
              8 17
              17 50
              ;
set F[356] := 27 26
              26 9
              9 21
              21 54
              ;
set F[357] := 27 28
              28 22
              22 55
              ;
set F[358] := 27 28
              28 22
              22 25
              25 24
              24 57
              ;
set F[359] := 27 28
              28 22
              22 25
              25 58
              ;
set F[360] := 27 26
              26 59
              ;
set F[361] := 27 28
              28 61
              ;
set F[362] := 27 28
              28 22
              22 29
              29 62
              ;
set F[363] := 27 28
              28 22
              22 31
              31 64
              ;
set F[364] := 27 28
              28 22
              22 31
              31 32
              32 65
              ;
set F[365] := 28 22
              22 25
              25 1
              1 34
              ;
set F[366] := 28 22
              22 25
              25 1
              1 2
              2 35
              ;
set F[367] := 28 22
              22 21
              21 8
              8 17
              17 50
              ;
set F[368] := 28 22
              22 55
              ;
set F[369] := 28 22
              22 25
              25 24
              24 57
              ;
set F[370] := 28 22
              22 25
              25 58
              ;
set F[371] := 28 22
              22 31
              31 64
              ;
set F[372] := 29 22
              22 25
              25 1
              1 34
              ;
set F[373] := 29 22
              22 25
              25 1
              1 2
              2 35
              ;
set F[374] := 29 22
              22 25
              25 4
              4 37
              ;
set F[375] := 29 22
              22 21
              21 5
              5 38
              ;
set F[376] := 29 22
              22 21
              21 6
              6 39
              ;
set F[377] := 29 22
              22 21
              21 9
              9 42
              ;
set F[378] := 29 22
              22 14
              14 11
              11 44
              ;
set F[379] := 29 22
              22 14
              14 47
              ;
set F[380] := 29 22
              22 14
              14 15
              15 48
              ;
set F[381] := 29 22
              22 21
              21 8
              8 17
              17 16
              16 49
              ;
set F[382] := 29 22
              22 21
              21 8
              8 17
              17 50
              ;
set F[383] := 29 22
              22 20
              20 53
              ;
set F[384] := 29 22
              22 21
              21 54
              ;
set F[385] := 29 22
              22 55
              ;
set F[386] := 29 22
              22 25
              25 24
              24 57
              ;
set F[387] := 29 22
              22 25
              25 58
              ;
set F[388] := 29 22
              22 21
              21 9
              9 26
              26 59
              ;
set F[389] := 29 22
              22 28
              28 27
              27 60
              ;
set F[390] := 29 22
              22 28
              28 61
              ;
set F[391] := 29 22
              22 31
              31 64
              ;
set F[392] := 29 22
              22 31
              31 32
              32 65
              ;
set F[393] := 30 22
              22 21
              21 8
              8 17
              17 50
              ;
set F[394] := 30 22
              22 55
              ;
set F[395] := 31 22
              22 25
              25 1
              1 34
              ;
set F[396] := 31 22
              22 25
              25 1
              1 2
              2 35
              ;
set F[397] := 31 22
              22 21
              21 9
              9 42
              ;
set F[398] := 31 22
              22 21
              21 8
              8 17
              17 50
              ;
set F[399] := 31 22
              22 21
              21 54
              ;
set F[400] := 31 22
              22 55
              ;
set F[401] := 31 22
              22 25
              25 24
              24 57
              ;
set F[402] := 31 22
              22 25
              25 58
              ;
set F[403] := 31 22
              22 21
              21 9
              9 26
              26 59
              ;
set F[404] := 31 22
              22 28
              28 27
              27 60
              ;
set F[405] := 32 31
              31 22
              22 25
              25 1
              1 34
              ;
set F[406] := 32 31
              31 22
              22 25
              25 1
              1 2
              2 35
              ;
set F[407] := 32 31
              31 22
              22 21
              21 5
              5 38
              ;
set F[408] := 32 31
              31 22
              22 21
              21 9
              9 42
              ;
set F[409] := 32 31
              31 22
              22 21
              21 8
              8 17
              17 50
              ;
set F[410] := 32 31
              31 22
              22 21
              21 54
              ;
set F[411] := 32 31
              31 22
              22 55
              ;
set F[412] := 32 33
              33 24
              24 57
              ;
set F[413] := 32 31
              31 22
              22 25
              25 58
              ;
set F[414] := 32 31
              31 22
              22 21
              21 9
              9 26
              26 59
              ;
set F[415] := 32 31
              31 22
              22 28
              28 27
              27 60
              ;
set F[416] := 32 31
              31 22
              22 28
              28 61
              ;
set F[417] := 32 31
              31 64
              ;
set F[418] := 33 24
              24 25
              25 1
              1 34
              ;
set F[419] := 33 24
              24 25
              25 1
              1 7
              7 8
              8 17
              17 50
              ;
set F[420] := 33 24
              24 25
              25 22
              22 55
              ;
set F[421] := 33 24
              24 57
              ;
set F[422] := 33 24
              24 25
              25 58
              ;
set F[423] := 33 32
              32 31
              31 64
              ;
set Last[1] := 2 35;
set Last[2] := 4 37;
set Last[3] := 5 38;
set Last[4] := 6 39;
set Last[5] := 7 40;
set Last[6] := 9 42;
set Last[7] := 11 44;
set Last[8] := 12 45;
set Last[9] := 13 46;
set Last[10] := 14 47;
set Last[11] := 15 48;
set Last[12] := 16 49;
set Last[13] := 17 50;
set Last[14] := 20 53;
set Last[15] := 21 54;
set Last[16] := 22 55;
set Last[17] := 24 57;
set Last[18] := 25 58;
set Last[19] := 26 59;
set Last[20] := 27 60;
set Last[21] := 28 61;
set Last[22] := 29 62;
set Last[23] := 30 63;
set Last[24] := 31 64;
set Last[25] := 32 65;
set Last[26] := 22 55;
set Last[27] := 1 34;
set Last[28] := 2 35;
set Last[29] := 4 37;
set Last[30] := 5 38;
set Last[31] := 6 39;
set Last[32] := 7 40;
set Last[33] := 9 42;
set Last[34] := 11 44;
set Last[35] := 12 45;
set Last[36] := 14 47;
set Last[37] := 15 48;
set Last[38] := 16 49;
set Last[39] := 17 50;
set Last[40] := 20 53;
set Last[41] := 21 54;
set Last[42] := 22 55;
set Last[43] := 24 57;
set Last[44] := 25 58;
set Last[45] := 26 59;
set Last[46] := 27 60;
set Last[47] := 28 61;
set Last[48] := 29 62;
set Last[49] := 31 64;
set Last[50] := 32 65;
set Last[51] := 1 34;
set Last[52] := 2 35;
set Last[53] := 5 38;
set Last[54] := 9 42;
set Last[55] := 17 50;
set Last[56] := 21 54;
set Last[57] := 22 55;
set Last[58] := 24 57;
set Last[59] := 25 58;
set Last[60] := 26 59;
set Last[61] := 27 60;
set Last[62] := 28 61;
set Last[63] := 29 62;
set Last[64] := 31 64;
set Last[65] := 32 65;
set Last[66] := 1 34;
set Last[67] := 2 35;
set Last[68] := 4 37;
set Last[69] := 6 39;
set Last[70] := 7 40;
set Last[71] := 9 42;
set Last[72] := 11 44;
set Last[73] := 12 45;
set Last[74] := 14 47;
set Last[75] := 15 48;
set Last[76] := 16 49;
set Last[77] := 17 50;
set Last[78] := 20 53;
set Last[79] := 21 54;
set Last[80] := 22 55;
set Last[81] := 24 57;
set Last[82] := 25 58;
set Last[83] := 26 59;
set Last[84] := 27 60;
set Last[85] := 28 61;
set Last[86] := 29 62;
set Last[87] := 31 64;
set Last[88] := 32 65;
set Last[89] := 1 34;
set Last[90] := 17 50;
set Last[91] := 22 55;
set Last[92] := 24 57;
set Last[93] := 25 58;
set Last[94] := 31 64;
set Last[95] := 1 34;
set Last[96] := 2 35;
set Last[97] := 5 38;
set Last[98] := 9 42;
set Last[99] := 17 50;
set Last[100] := 21 54;
set Last[101] := 22 55;
set Last[102] := 24 57;
set Last[103] := 25 58;
set Last[104] := 26 59;
set Last[105] := 27 60;
set Last[106] := 28 61;
set Last[107] := 29 62;
set Last[108] := 31 64;
set Last[109] := 1 34;
set Last[110] := 2 35;
set Last[111] := 4 37;
set Last[112] := 5 38;
set Last[113] := 6 39;
set Last[114] := 11 44;
set Last[115] := 14 47;
set Last[116] := 15 48;
set Last[117] := 16 49;
set Last[118] := 17 50;
set Last[119] := 20 53;
set Last[120] := 21 54;
set Last[121] := 22 55;
set Last[122] := 24 57;
set Last[123] := 25 58;
set Last[124] := 26 59;
set Last[125] := 27 60;
set Last[126] := 28 61;
set Last[127] := 29 62;
set Last[128] := 31 64;
set Last[129] := 32 65;
set Last[130] := 1 34;
set Last[131] := 17 50;
set Last[132] := 22 55;
set Last[133] := 24 57;
set Last[134] := 25 58;
set Last[135] := 1 34;
set Last[136] := 2 35;
set Last[137] := 4 37;
set Last[138] := 5 38;
set Last[139] := 9 42;
set Last[140] := 15 48;
set Last[141] := 16 49;
set Last[142] := 17 50;
set Last[143] := 20 53;
set Last[144] := 21 54;
set Last[145] := 22 55;
set Last[146] := 24 57;
set Last[147] := 25 58;
set Last[148] := 26 59;
set Last[149] := 27 60;
set Last[150] := 28 61;
set Last[151] := 29 62;
set Last[152] := 31 64;
set Last[153] := 32 65;
set Last[154] := 22 55;
set Last[155] := 1 34;
set Last[156] := 17 50;
set Last[157] := 22 55;
set Last[158] := 1 34;
set Last[159] := 2 35;
set Last[160] := 4 37;
set Last[161] := 5 38;
set Last[162] := 9 42;
set Last[163] := 15 48;
set Last[164] := 16 49;
set Last[165] := 17 50;
set Last[166] := 20 53;
set Last[167] := 21 54;
set Last[168] := 22 55;
set Last[169] := 24 57;
set Last[170] := 25 58;
set Last[171] := 26 59;
set Last[172] := 27 60;
set Last[173] := 28 61;
set Last[174] := 29 62;
set Last[175] := 31 64;
set Last[176] := 32 65;
set Last[177] := 1 34;
set Last[178] := 17 50;
set Last[179] := 22 55;
set Last[180] := 24 57;
set Last[181] := 25 58;
set Last[182] := 31 64;
set Last[183] := 1 34;
set Last[184] := 17 50;
set Last[185] := 22 55;
set Last[186] := 24 57;
set Last[187] := 25 58;
set Last[188] := 1 34;
set Last[189] := 2 35;
set Last[190] := 4 37;
set Last[191] := 5 38;
set Last[192] := 6 39;
set Last[193] := 7 40;
set Last[194] := 9 42;
set Last[195] := 11 44;
set Last[196] := 12 45;
set Last[197] := 13 46;
set Last[198] := 14 47;
set Last[199] := 15 48;
set Last[200] := 16 49;
set Last[201] := 20 53;
set Last[202] := 21 54;
set Last[203] := 22 55;
set Last[204] := 24 57;
set Last[205] := 25 58;
set Last[206] := 26 59;
set Last[207] := 27 60;
set Last[208] := 28 61;
set Last[209] := 29 62;
set Last[210] := 31 64;
set Last[211] := 32 65;
set Last[212] := 1 34;
set Last[213] := 17 50;
set Last[214] := 22 55;
set Last[215] := 17 50;
set Last[216] := 22 55;
set Last[217] := 1 34;
set Last[218] := 17 50;
set Last[219] := 22 55;
set Last[220] := 24 57;
set Last[221] := 25 58;
set Last[222] := 31 64;
set Last[223] := 1 34;
set Last[224] := 2 35;
set Last[225] := 4 37;
set Last[226] := 5 38;
set Last[227] := 6 39;
set Last[228] := 7 40;
set Last[229] := 9 42;
set Last[230] := 10 43;
set Last[231] := 11 44;
set Last[232] := 12 45;
set Last[233] := 13 46;
set Last[234] := 14 47;
set Last[235] := 15 48;
set Last[236] := 16 49;
set Last[237] := 17 50;
set Last[238] := 18 51;
set Last[239] := 19 52;
set Last[240] := 20 53;
set Last[241] := 22 55;
set Last[242] := 23 56;
set Last[243] := 24 57;
set Last[244] := 25 58;
set Last[245] := 26 59;
set Last[246] := 27 60;
set Last[247] := 28 61;
set Last[248] := 29 62;
set Last[249] := 30 63;
set Last[250] := 31 64;
set Last[251] := 32 65;
set Last[252] := 33 66;
set Last[253] := 1 34;
set Last[254] := 2 35;
set Last[255] := 4 37;
set Last[256] := 5 38;
set Last[257] := 6 39;
set Last[258] := 7 40;
set Last[259] := 9 42;
set Last[260] := 11 44;
set Last[261] := 12 45;
set Last[262] := 13 46;
set Last[263] := 14 47;
set Last[264] := 15 48;
set Last[265] := 16 49;
set Last[266] := 17 50;
set Last[267] := 18 51;
set Last[268] := 20 53;
set Last[269] := 21 54;
set Last[270] := 24 57;
set Last[271] := 25 58;
set Last[272] := 26 59;
set Last[273] := 27 60;
set Last[274] := 28 61;
set Last[275] := 29 62;
set Last[276] := 30 63;
set Last[277] := 31 64;
set Last[278] := 32 65;
set Last[279] := 22 55;
set Last[280] := 1 34;
set Last[281] := 2 35;
set Last[282] := 4 37;
set Last[283] := 5 38;
set Last[284] := 6 39;
set Last[285] := 9 42;
set Last[286] := 11 44;
set Last[287] := 14 47;
set Last[288] := 15 48;
set Last[289] := 16 49;
set Last[290] := 17 50;
set Last[291] := 20 53;
set Last[292] := 21 54;
set Last[293] := 22 55;
set Last[294] := 25 58;
set Last[295] := 26 59;
set Last[296] := 27 60;
set Last[297] := 28 61;
set Last[298] := 29 62;
set Last[299] := 31 64;
set Last[300] := 32 65;
set Last[301] := 1 34;
set Last[302] := 2 35;
set Last[303] := 4 37;
set Last[304] := 5 38;
set Last[305] := 6 39;
set Last[306] := 7 40;
set Last[307] := 9 42;
set Last[308] := 11 44;
set Last[309] := 12 45;
set Last[310] := 13 46;
set Last[311] := 14 47;
set Last[312] := 15 48;
set Last[313] := 16 49;
set Last[314] := 17 50;
set Last[315] := 18 51;
set Last[316] := 20 53;
set Last[317] := 21 54;
set Last[318] := 22 55;
set Last[319] := 23 56;
set Last[320] := 24 57;
set Last[321] := 26 59;
set Last[322] := 27 60;
set Last[323] := 28 61;
set Last[324] := 29 62;
set Last[325] := 30 63;
set Last[326] := 31 64;
set Last[327] := 32 65;
set Last[328] := 1 34;
set Last[329] := 2 35;
set Last[330] := 4 37;
set Last[331] := 5 38;
set Last[332] := 6 39;
set Last[333] := 7 40;
set Last[334] := 9 42;
set Last[335] := 11 44;
set Last[336] := 12 45;
set Last[337] := 14 47;
set Last[338] := 15 48;
set Last[339] := 16 49;
set Last[340] := 17 50;
set Last[341] := 20 53;
set Last[342] := 21 54;
set Last[343] := 22 55;
set Last[344] := 24 57;
set Last[345] := 25 58;
set Last[346] := 27 60;
set Last[347] := 28 61;
set Last[348] := 29 62;
set Last[349] := 31 64;
set Last[350] := 32 65;
set Last[351] := 1 34;
set Last[352] := 2 35;
set Last[353] := 5 38;
set Last[354] := 9 42;
set Last[355] := 17 50;
set Last[356] := 21 54;
set Last[357] := 22 55;
set Last[358] := 24 57;
set Last[359] := 25 58;
set Last[360] := 26 59;
set Last[361] := 28 61;
set Last[362] := 29 62;
set Last[363] := 31 64;
set Last[364] := 32 65;
set Last[365] := 1 34;
set Last[366] := 2 35;
set Last[367] := 17 50;
set Last[368] := 22 55;
set Last[369] := 24 57;
set Last[370] := 25 58;
set Last[371] := 31 64;
set Last[372] := 1 34;
set Last[373] := 2 35;
set Last[374] := 4 37;
set Last[375] := 5 38;
set Last[376] := 6 39;
set Last[377] := 9 42;
set Last[378] := 11 44;
set Last[379] := 14 47;
set Last[380] := 15 48;
set Last[381] := 16 49;
set Last[382] := 17 50;
set Last[383] := 20 53;
set Last[384] := 21 54;
set Last[385] := 22 55;
set Last[386] := 24 57;
set Last[387] := 25 58;
set Last[388] := 26 59;
set Last[389] := 27 60;
set Last[390] := 28 61;
set Last[391] := 31 64;
set Last[392] := 32 65;
set Last[393] := 17 50;
set Last[394] := 22 55;
set Last[395] := 1 34;
set Last[396] := 2 35;
set Last[397] := 9 42;
set Last[398] := 17 50;
set Last[399] := 21 54;
set Last[400] := 22 55;
set Last[401] := 24 57;
set Last[402] := 25 58;
set Last[403] := 26 59;
set Last[404] := 27 60;
set Last[405] := 1 34;
set Last[406] := 2 35;
set Last[407] := 5 38;
set Last[408] := 9 42;
set Last[409] := 17 50;
set Last[410] := 21 54;
set Last[411] := 22 55;
set Last[412] := 24 57;
set Last[413] := 25 58;
set Last[414] := 26 59;
set Last[415] := 27 60;
set Last[416] := 28 61;
set Last[417] := 31 64;
set Last[418] := 1 34;
set Last[419] := 17 50;
set Last[420] := 22 55;
set Last[421] := 24 57;
set Last[422] := 25 58;
set Last[423] := 31 64;

param q := 5;

end;
