data;

set V := 1 2 3 4 5 6 7 8 9 10 11 12 13 14 15 16 17 18 19 20 21 22 23 24 25 26 27 28 29 30 31 32 33 34 35 36 37 38 39 40 41 42 43 44;

set A := 1 4
         1 15
         1 16
         1 23
         2 3
         2 4
         2 10
         2 24
         3 2
         3 4
         3 10
         3 13
         3 25
         4 1
         4 2
         4 3
         4 7
         4 26
         5 6
         5 8
         5 27
         6 5
         6 9
         6 28
         7 4
         7 8
         7 29
         8 5
         8 7
         8 30
         9 6
         9 31
         10 2
         10 3
         10 14
         10 20
         10 32
         11 22
         11 33
         12 22
         12 34
         13 3
         13 14
         13 35
         14 10
         14 13
         14 21
         14 36
         15 1
         15 16
         15 37
         16 1
         16 15
         16 17
         16 38
         17 16
         17 18
         17 20
         17 39
         18 17
         18 19
         18 40
         19 18
         19 20
         19 22
         19 41
         20 10
         20 17
         20 19
         20 21
         20 42
         21 14
         21 20
         21 22
         21 43
         22 11
         22 12
         22 19
         22 21
         22 44
         ;

set S := 1 2 3 4 5 6 7 8 9 10 11 12 13 14 15 16 17 18 19 20 21 22 23 24 25 26 27 28 29 30 31 32 33 34 35 36 37 38 39 40 41 42 43 44 45 46 47 48 49 50 51 52 53 54 55 56 57 58 59 60 61 62 63 64 65 66 67 68 69 70 71 72 73 74 75 76 77 78 79 80 81 82 83 84 85 86 87 88 89 90 91 92 93 94 95 96 97 98 99 100 101 102 103 104 105 106 107 108 109 110 111 112 113 114 115 116 117 118 119 120 121 122 123 124 125 126 127 128 129 130 131 132 133 134 135 136 137 138 139 140 141 142 143 144 145 146 147 148 149 150 151 152 153 154 155 156 157 158 159 160 161 162 163 164 165 166 167 168 169 170 171 172 173 174 175 176 177 178 179 180 181 182 183 184 185 186 187 188 189 190 191 192 193 194 195 196 197 198 199 200 201 202 203 204 205 206 207 208 209 210 211 212 213 214 215 216 217 218 219 220 221 222 223 224 225 226 227 228 229 230 231 232 233 234 235 236 237 238 239 240 241 242 243 244 245 246 247 248 249 250 251 252 253 254 255 256 257 258 259 260 261 262 263 264 265 266 267 268 269 270 271 272 273 274 275 276 277 278 279 280 281 282 283 284 285 286 287 288 289 290 291 292 293 294 295 296 297 298 299 300 301 302 303 304 305 306 307 308 309 310 311 312 313 314 315 316 317 318 319 320 321 322 323 324 325 326 327 328 329 330 331 332 333 334 335 336 337 338 339 340 341 342 343 344 345 346 347 348 349 350 351 352 353 354 355 356 357 358 359 360 361 362 363 364 365 366 367 368 369 370 371 372 373 374 375 376 377 378 379 380 381 382 383 384 385 386 387 388 389 390 391 392 393 394 395 396 397 398 399 400 401 402 403 404 405 406 407 408 409 410 411 412 413 414 415 416 417 418 419 420 421 422 423 424 425 426 427 428 429 430 431 432 433 434 435 436 437 438 439 440 441 442 443 444 445 446 447 448 449 450 451 452 453 454 455 456 457 458 459 460 461 462;

set F[1] := 1 4
            4 2
            2 24
            ;
set F[2] := 1 4
            4 3
            3 25
            ;
set F[3] := 1 4
            4 26
            ;
set F[4] := 1 4
            4 7
            7 8
            8 5
            5 27
            ;
set F[5] := 1 4
            4 7
            7 8
            8 5
            5 6
            6 28
            ;
set F[6] := 1 4
            4 7
            7 29
            ;
set F[7] := 1 4
            4 7
            7 8
            8 30
            ;
set F[8] := 1 4
            4 7
            7 8
            8 5
            5 6
            6 9
            9 31
            ;
set F[9] := 1 4
            4 2
            2 10
            10 32
            ;
set F[10] := 1 16
             16 17
             17 18
             18 19
             19 22
             22 11
             11 33
             ;
set F[11] := 1 16
             16 17
             17 18
             18 19
             19 22
             22 12
             12 34
             ;
set F[12] := 1 4
             4 3
             3 13
             13 35
             ;
set F[13] := 1 4
             4 2
             2 10
             10 14
             14 36
             ;
set F[14] := 1 15
             15 37
             ;
set F[15] := 1 16
             16 38
             ;
set F[16] := 1 16
             16 17
             17 39
             ;
set F[17] := 1 16
             16 17
             17 18
             18 40
             ;
set F[18] := 1 16
             16 17
             17 18
             18 19
             19 41
             ;
set F[19] := 1 16
             16 17
             17 20
             20 42
             ;
set F[20] := 1 16
             16 17
             17 20
             20 21
             21 43
             ;
set F[21] := 1 16
             16 17
             17 18
             18 19
             19 22
             22 44
             ;
set F[22] := 2 4
             4 1
             1 23
             ;
set F[23] := 2 3
             3 25
             ;
set F[24] := 2 4
             4 26
             ;
set F[25] := 2 4
             4 7
             7 8
             8 5
             5 27
             ;
set F[26] := 2 4
             4 7
             7 8
             8 5
             5 6
             6 28
             ;
set F[27] := 2 4
             4 7
             7 29
             ;
set F[28] := 2 4
             4 7
             7 8
             8 30
             ;
set F[29] := 2 4
             4 7
             7 8
             8 5
             5 6
             6 9
             9 31
             ;
set F[30] := 2 10
             10 32
             ;
set F[31] := 2 10
             10 20
             20 19
             19 22
             22 11
             11 33
             ;
set F[32] := 2 10
             10 20
             20 19
             19 22
             22 12
             12 34
             ;
set F[33] := 2 3
             3 13
             13 35
             ;
set F[34] := 2 10
             10 14
             14 36
             ;
set F[35] := 2 4
             4 1
             1 15
             15 37
             ;
set F[36] := 2 4
             4 1
             1 16
             16 38
             ;
set F[37] := 2 10
             10 20
             20 17
             17 39
             ;
set F[38] := 2 10
             10 20
             20 17
             17 18
             18 40
             ;
set F[39] := 2 10
             10 20
             20 19
             19 41
             ;
set F[40] := 2 10
             10 20
             20 42
             ;
set F[41] := 2 10
             10 20
             20 21
             21 43
             ;
set F[42] := 2 10
             10 20
             20 19
             19 22
             22 44
             ;
set F[43] := 3 4
             4 1
             1 23
             ;
set F[44] := 3 2
             2 24
             ;
set F[45] := 3 4
             4 26
             ;
set F[46] := 3 4
             4 7
             7 8
             8 5
             5 27
             ;
set F[47] := 3 4
             4 7
             7 8
             8 5
             5 6
             6 28
             ;
set F[48] := 3 4
             4 7
             7 29
             ;
set F[49] := 3 4
             4 7
             7 8
             8 30
             ;
set F[50] := 3 4
             4 7
             7 8
             8 5
             5 6
             6 9
             9 31
             ;
set F[51] := 3 10
             10 32
             ;
set F[52] := 3 13
             13 14
             14 21
             21 22
             22 11
             11 33
             ;
set F[53] := 3 13
             13 14
             14 21
             21 22
             22 12
             12 34
             ;
set F[54] := 3 13
             13 35
             ;
set F[55] := 3 13
             13 14
             14 36
             ;
set F[56] := 3 4
             4 1
             1 15
             15 37
             ;
set F[57] := 3 4
             4 1
             1 16
             16 38
             ;
set F[58] := 3 10
             10 20
             20 17
             17 39
             ;
set F[59] := 3 10
             10 20
             20 17
             17 18
             18 40
             ;
set F[60] := 3 10
             10 20
             20 19
             19 41
             ;
set F[61] := 3 10
             10 20
             20 42
             ;
set F[62] := 3 13
             13 14
             14 21
             21 43
             ;
set F[63] := 3 13
             13 14
             14 21
             21 22
             22 44
             ;
set F[64] := 4 1
             1 23
             ;
set F[65] := 4 2
             2 24
             ;
set F[66] := 4 3
             3 25
             ;
set F[67] := 4 7
             7 8
             8 5
             5 27
             ;
set F[68] := 4 7
             7 8
             8 5
             5 6
             6 28
             ;
set F[69] := 4 7
             7 29
             ;
set F[70] := 4 7
             7 8
             8 30
             ;
set F[71] := 4 7
             7 8
             8 5
             5 6
             6 9
             9 31
             ;
set F[72] := 4 2
             2 10
             10 32
             ;
set F[73] := 4 2
             2 10
             10 20
             20 19
             19 22
             22 11
             11 33
             ;
set F[74] := 4 2
             2 10
             10 20
             20 19
             19 22
             22 12
             12 34
             ;
set F[75] := 4 3
             3 13
             13 35
             ;
set F[76] := 4 2
             2 10
             10 14
             14 36
             ;
set F[77] := 4 1
             1 15
             15 37
             ;
set F[78] := 4 1
             1 16
             16 38
             ;
set F[79] := 4 1
             1 16
             16 17
             17 39
             ;
set F[80] := 4 1
             1 16
             16 17
             17 18
             18 40
             ;
set F[81] := 4 2
             2 10
             10 20
             20 19
             19 41
             ;
set F[82] := 4 2
             2 10
             10 20
             20 42
             ;
set F[83] := 4 2
             2 10
             10 20
             20 21
             21 43
             ;
set F[84] := 4 2
             2 10
             10 20
             20 19
             19 22
             22 44
             ;
set F[85] := 5 8
             8 7
             7 4
             4 1
             1 23
             ;
set F[86] := 5 8
             8 7
             7 4
             4 2
             2 24
             ;
set F[87] := 5 8
             8 7
             7 4
             4 3
             3 25
             ;
set F[88] := 5 8
             8 7
             7 4
             4 26
             ;
set F[89] := 5 6
             6 28
             ;
set F[90] := 5 8
             8 7
             7 29
             ;
set F[91] := 5 8
             8 30
             ;
set F[92] := 5 6
             6 9
             9 31
             ;
set F[93] := 5 8
             8 7
             7 4
             4 2
             2 10
             10 32
             ;
set F[94] := 5 8
             8 7
             7 4
             4 2
             2 10
             10 20
             20 19
             19 22
             22 11
             11 33
             ;
set F[95] := 5 8
             8 7
             7 4
             4 2
             2 10
             10 20
             20 19
             19 22
             22 12
             12 34
             ;
set F[96] := 5 8
             8 7
             7 4
             4 3
             3 13
             13 35
             ;
set F[97] := 5 8
             8 7
             7 4
             4 2
             2 10
             10 14
             14 36
             ;
set F[98] := 5 8
             8 7
             7 4
             4 1
             1 15
             15 37
             ;
set F[99] := 5 8
             8 7
             7 4
             4 1
             1 16
             16 38
             ;
set F[100] := 5 8
              8 7
              7 4
              4 1
              1 16
              16 17
              17 39
              ;
set F[101] := 5 8
              8 7
              7 4
              4 1
              1 16
              16 17
              17 18
              18 40
              ;
set F[102] := 5 8
              8 7
              7 4
              4 2
              2 10
              10 20
              20 19
              19 41
              ;
set F[103] := 5 8
              8 7
              7 4
              4 2
              2 10
              10 20
              20 42
              ;
set F[104] := 5 8
              8 7
              7 4
              4 2
              2 10
              10 20
              20 21
              21 43
              ;
set F[105] := 5 8
              8 7
              7 4
              4 2
              2 10
              10 20
              20 19
              19 22
              22 44
              ;
set F[106] := 6 5
              5 8
              8 7
              7 4
              4 1
              1 23
              ;
set F[107] := 6 5
              5 8
              8 7
              7 4
              4 2
              2 24
              ;
set F[108] := 6 5
              5 8
              8 7
              7 4
              4 3
              3 25
              ;
set F[109] := 6 5
              5 8
              8 7
              7 4
              4 26
              ;
set F[110] := 6 5
              5 27
              ;
set F[111] := 6 5
              5 8
              8 7
              7 29
              ;
set F[112] := 6 5
              5 8
              8 30
              ;
set F[113] := 6 9
              9 31
              ;
set F[114] := 6 5
              5 8
              8 7
              7 4
              4 2
              2 10
              10 32
              ;
set F[115] := 6 5
              5 8
              8 7
              7 4
              4 2
              2 10
              10 20
              20 19
              19 22
              22 11
              11 33
              ;
set F[116] := 6 5
              5 8
              8 7
              7 4
              4 2
              2 10
              10 20
              20 19
              19 22
              22 12
              12 34
              ;
set F[117] := 6 5
              5 8
              8 7
              7 4
              4 3
              3 13
              13 35
              ;
set F[118] := 6 5
              5 8
              8 7
              7 4
              4 2
              2 10
              10 14
              14 36
              ;
set F[119] := 6 5
              5 8
              8 7
              7 4
              4 1
              1 15
              15 37
              ;
set F[120] := 6 5
              5 8
              8 7
              7 4
              4 1
              1 16
              16 38
              ;
set F[121] := 6 5
              5 8
              8 7
              7 4
              4 1
              1 16
              16 17
              17 39
              ;
set F[122] := 6 5
              5 8
              8 7
              7 4
              4 1
              1 16
              16 17
              17 18
              18 40
              ;
set F[123] := 6 5
              5 8
              8 7
              7 4
              4 2
              2 10
              10 20
              20 19
              19 41
              ;
set F[124] := 6 5
              5 8
              8 7
              7 4
              4 2
              2 10
              10 20
              20 42
              ;
set F[125] := 6 5
              5 8
              8 7
              7 4
              4 2
              2 10
              10 20
              20 21
              21 43
              ;
set F[126] := 6 5
              5 8
              8 7
              7 4
              4 2
              2 10
              10 20
              20 19
              19 22
              22 44
              ;
set F[127] := 7 4
              4 1
              1 23
              ;
set F[128] := 7 4
              4 2
              2 24
              ;
set F[129] := 7 4
              4 3
              3 25
              ;
set F[130] := 7 4
              4 26
              ;
set F[131] := 7 8
              8 5
              5 27
              ;
set F[132] := 7 8
              8 5
              5 6
              6 28
              ;
set F[133] := 7 8
              8 30
              ;
set F[134] := 7 8
              8 5
              5 6
              6 9
              9 31
              ;
set F[135] := 7 4
              4 2
              2 10
              10 32
              ;
set F[136] := 7 4
              4 2
              2 10
              10 20
              20 19
              19 22
              22 11
              11 33
              ;
set F[137] := 7 4
              4 2
              2 10
              10 20
              20 19
              19 22
              22 12
              12 34
              ;
set F[138] := 7 4
              4 3
              3 13
              13 35
              ;
set F[139] := 7 4
              4 2
              2 10
              10 14
              14 36
              ;
set F[140] := 7 4
              4 1
              1 15
              15 37
              ;
set F[141] := 7 4
              4 1
              1 16
              16 38
              ;
set F[142] := 7 4
              4 1
              1 16
              16 17
              17 39
              ;
set F[143] := 7 4
              4 1
              1 16
              16 17
              17 18
              18 40
              ;
set F[144] := 7 4
              4 2
              2 10
              10 20
              20 19
              19 41
              ;
set F[145] := 7 4
              4 2
              2 10
              10 20
              20 42
              ;
set F[146] := 7 4
              4 2
              2 10
              10 20
              20 21
              21 43
              ;
set F[147] := 7 4
              4 2
              2 10
              10 20
              20 19
              19 22
              22 44
              ;
set F[148] := 8 7
              7 4
              4 1
              1 23
              ;
set F[149] := 8 7
              7 4
              4 2
              2 24
              ;
set F[150] := 8 7
              7 4
              4 3
              3 25
              ;
set F[151] := 8 7
              7 4
              4 26
              ;
set F[152] := 8 5
              5 27
              ;
set F[153] := 8 5
              5 6
              6 28
              ;
set F[154] := 8 7
              7 29
              ;
set F[155] := 8 5
              5 6
              6 9
              9 31
              ;
set F[156] := 8 7
              7 4
              4 2
              2 10
              10 32
              ;
set F[157] := 8 7
              7 4
              4 2
              2 10
              10 20
              20 19
              19 22
              22 11
              11 33
              ;
set F[158] := 8 7
              7 4
              4 2
              2 10
              10 20
              20 19
              19 22
              22 12
              12 34
              ;
set F[159] := 8 7
              7 4
              4 3
              3 13
              13 35
              ;
set F[160] := 8 7
              7 4
              4 2
              2 10
              10 14
              14 36
              ;
set F[161] := 8 7
              7 4
              4 1
              1 15
              15 37
              ;
set F[162] := 8 7
              7 4
              4 1
              1 16
              16 38
              ;
set F[163] := 8 7
              7 4
              4 1
              1 16
              16 17
              17 39
              ;
set F[164] := 8 7
              7 4
              4 1
              1 16
              16 17
              17 18
              18 40
              ;
set F[165] := 8 7
              7 4
              4 2
              2 10
              10 20
              20 19
              19 41
              ;
set F[166] := 8 7
              7 4
              4 2
              2 10
              10 20
              20 42
              ;
set F[167] := 8 7
              7 4
              4 2
              2 10
              10 20
              20 21
              21 43
              ;
set F[168] := 8 7
              7 4
              4 2
              2 10
              10 20
              20 19
              19 22
              22 44
              ;
set F[169] := 9 6
              6 5
              5 8
              8 7
              7 4
              4 1
              1 23
              ;
set F[170] := 9 6
              6 5
              5 8
              8 7
              7 4
              4 2
              2 24
              ;
set F[171] := 9 6
              6 5
              5 8
              8 7
              7 4
              4 3
              3 25
              ;
set F[172] := 9 6
              6 5
              5 8
              8 7
              7 4
              4 26
              ;
set F[173] := 9 6
              6 5
              5 27
              ;
set F[174] := 9 6
              6 28
              ;
set F[175] := 9 6
              6 5
              5 8
              8 7
              7 29
              ;
set F[176] := 9 6
              6 5
              5 8
              8 30
              ;
set F[177] := 9 6
              6 5
              5 8
              8 7
              7 4
              4 2
              2 10
              10 32
              ;
set F[178] := 9 6
              6 5
              5 8
              8 7
              7 4
              4 2
              2 10
              10 20
              20 19
              19 22
              22 11
              11 33
              ;
set F[179] := 9 6
              6 5
              5 8
              8 7
              7 4
              4 2
              2 10
              10 20
              20 19
              19 22
              22 12
              12 34
              ;
set F[180] := 9 6
              6 5
              5 8
              8 7
              7 4
              4 3
              3 13
              13 35
              ;
set F[181] := 9 6
              6 5
              5 8
              8 7
              7 4
              4 2
              2 10
              10 14
              14 36
              ;
set F[182] := 9 6
              6 5
              5 8
              8 7
              7 4
              4 1
              1 15
              15 37
              ;
set F[183] := 9 6
              6 5
              5 8
              8 7
              7 4
              4 1
              1 16
              16 38
              ;
set F[184] := 9 6
              6 5
              5 8
              8 7
              7 4
              4 1
              1 16
              16 17
              17 39
              ;
set F[185] := 9 6
              6 5
              5 8
              8 7
              7 4
              4 1
              1 16
              16 17
              17 18
              18 40
              ;
set F[186] := 9 6
              6 5
              5 8
              8 7
              7 4
              4 2
              2 10
              10 20
              20 19
              19 41
              ;
set F[187] := 9 6
              6 5
              5 8
              8 7
              7 4
              4 2
              2 10
              10 20
              20 42
              ;
set F[188] := 9 6
              6 5
              5 8
              8 7
              7 4
              4 2
              2 10
              10 20
              20 21
              21 43
              ;
set F[189] := 9 6
              6 5
              5 8
              8 7
              7 4
              4 2
              2 10
              10 20
              20 19
              19 22
              22 44
              ;
set F[190] := 10 2
              2 4
              4 1
              1 23
              ;
set F[191] := 10 2
              2 24
              ;
set F[192] := 10 3
              3 25
              ;
set F[193] := 10 2
              2 4
              4 26
              ;
set F[194] := 10 2
              2 4
              4 7
              7 8
              8 5
              5 27
              ;
set F[195] := 10 2
              2 4
              4 7
              7 8
              8 5
              5 6
              6 28
              ;
set F[196] := 10 2
              2 4
              4 7
              7 29
              ;
set F[197] := 10 2
              2 4
              4 7
              7 8
              8 30
              ;
set F[198] := 10 2
              2 4
              4 7
              7 8
              8 5
              5 6
              6 9
              9 31
              ;
set F[199] := 10 20
              20 19
              19 22
              22 11
              11 33
              ;
set F[200] := 10 20
              20 19
              19 22
              22 12
              12 34
              ;
set F[201] := 10 3
              3 13
              13 35
              ;
set F[202] := 10 14
              14 36
              ;
set F[203] := 10 2
              2 4
              4 1
              1 15
              15 37
              ;
set F[204] := 10 20
              20 17
              17 16
              16 38
              ;
set F[205] := 10 20
              20 17
              17 39
              ;
set F[206] := 10 20
              20 17
              17 18
              18 40
              ;
set F[207] := 10 20
              20 19
              19 41
              ;
set F[208] := 10 20
              20 42
              ;
set F[209] := 10 20
              20 21
              21 43
              ;
set F[210] := 10 20
              20 19
              19 22
              22 44
              ;
set F[211] := 11 22
              22 19
              19 18
              18 17
              17 16
              16 1
              1 23
              ;
set F[212] := 11 22
              22 19
              19 20
              20 10
              10 2
              2 24
              ;
set F[213] := 11 22
              22 19
              19 20
              20 10
              10 3
              3 25
              ;
set F[214] := 11 22
              22 19
              19 20
              20 10
              10 2
              2 4
              4 26
              ;
set F[215] := 11 22
              22 19
              19 20
              20 10
              10 2
              2 4
              4 7
              7 8
              8 5
              5 27
              ;
set F[216] := 11 22
              22 19
              19 20
              20 10
              10 2
              2 4
              4 7
              7 8
              8 5
              5 6
              6 28
              ;
set F[217] := 11 22
              22 19
              19 20
              20 10
              10 2
              2 4
              4 7
              7 29
              ;
set F[218] := 11 22
              22 19
              19 20
              20 10
              10 2
              2 4
              4 7
              7 8
              8 30
              ;
set F[219] := 11 22
              22 19
              19 20
              20 10
              10 2
              2 4
              4 7
              7 8
              8 5
              5 6
              6 9
              9 31
              ;
set F[220] := 11 22
              22 19
              19 20
              20 10
              10 32
              ;
set F[221] := 11 22
              22 12
              12 34
              ;
set F[222] := 11 22
              22 21
              21 14
              14 13
              13 35
              ;
set F[223] := 11 22
              22 21
              21 14
              14 36
              ;
set F[224] := 11 22
              22 19
              19 18
              18 17
              17 16
              16 15
              15 37
              ;
set F[225] := 11 22
              22 19
              19 18
              18 17
              17 16
              16 38
              ;
set F[226] := 11 22
              22 19
              19 18
              18 17
              17 39
              ;
set F[227] := 11 22
              22 19
              19 18
              18 40
              ;
set F[228] := 11 22
              22 19
              19 41
              ;
set F[229] := 11 22
              22 19
              19 20
              20 42
              ;
set F[230] := 11 22
              22 21
              21 43
              ;
set F[231] := 11 22
              22 44
              ;
set F[232] := 12 22
              22 19
              19 18
              18 17
              17 16
              16 1
              1 23
              ;
set F[233] := 12 22
              22 19
              19 20
              20 10
              10 2
              2 24
              ;
set F[234] := 12 22
              22 19
              19 20
              20 10
              10 3
              3 25
              ;
set F[235] := 12 22
              22 19
              19 20
              20 10
              10 2
              2 4
              4 26
              ;
set F[236] := 12 22
              22 19
              19 20
              20 10
              10 2
              2 4
              4 7
              7 8
              8 5
              5 27
              ;
set F[237] := 12 22
              22 19
              19 20
              20 10
              10 2
              2 4
              4 7
              7 8
              8 5
              5 6
              6 28
              ;
set F[238] := 12 22
              22 19
              19 20
              20 10
              10 2
              2 4
              4 7
              7 29
              ;
set F[239] := 12 22
              22 19
              19 20
              20 10
              10 2
              2 4
              4 7
              7 8
              8 30
              ;
set F[240] := 12 22
              22 19
              19 20
              20 10
              10 2
              2 4
              4 7
              7 8
              8 5
              5 6
              6 9
              9 31
              ;
set F[241] := 12 22
              22 19
              19 20
              20 10
              10 32
              ;
set F[242] := 12 22
              22 11
              11 33
              ;
set F[243] := 12 22
              22 21
              21 14
              14 13
              13 35
              ;
set F[244] := 12 22
              22 21
              21 14
              14 36
              ;
set F[245] := 12 22
              22 19
              19 18
              18 17
              17 16
              16 15
              15 37
              ;
set F[246] := 12 22
              22 19
              19 18
              18 17
              17 16
              16 38
              ;
set F[247] := 12 22
              22 19
              19 18
              18 17
              17 39
              ;
set F[248] := 12 22
              22 19
              19 18
              18 40
              ;
set F[249] := 12 22
              22 19
              19 41
              ;
set F[250] := 12 22
              22 19
              19 20
              20 42
              ;
set F[251] := 12 22
              22 21
              21 43
              ;
set F[252] := 12 22
              22 44
              ;
set F[253] := 13 3
              3 4
              4 1
              1 23
              ;
set F[254] := 13 3
              3 2
              2 24
              ;
set F[255] := 13 3
              3 25
              ;
set F[256] := 13 3
              3 4
              4 26
              ;
set F[257] := 13 3
              3 4
              4 7
              7 8
              8 5
              5 27
              ;
set F[258] := 13 3
              3 4
              4 7
              7 8
              8 5
              5 6
              6 28
              ;
set F[259] := 13 3
              3 4
              4 7
              7 29
              ;
set F[260] := 13 3
              3 4
              4 7
              7 8
              8 30
              ;
set F[261] := 13 3
              3 4
              4 7
              7 8
              8 5
              5 6
              6 9
              9 31
              ;
set F[262] := 13 3
              3 10
              10 32
              ;
set F[263] := 13 14
              14 21
              21 22
              22 11
              11 33
              ;
set F[264] := 13 14
              14 21
              21 22
              22 12
              12 34
              ;
set F[265] := 13 14
              14 36
              ;
set F[266] := 13 3
              3 4
              4 1
              1 15
              15 37
              ;
set F[267] := 13 3
              3 4
              4 1
              1 16
              16 38
              ;
set F[268] := 13 3
              3 10
              10 20
              20 17
              17 39
              ;
set F[269] := 13 3
              3 10
              10 20
              20 17
              17 18
              18 40
              ;
set F[270] := 13 3
              3 10
              10 20
              20 19
              19 41
              ;
set F[271] := 13 3
              3 10
              10 20
              20 42
              ;
set F[272] := 13 14
              14 21
              21 43
              ;
set F[273] := 13 14
              14 21
              21 22
              22 44
              ;
set F[274] := 14 10
              10 2
              2 4
              4 1
              1 23
              ;
set F[275] := 14 10
              10 2
              2 24
              ;
set F[276] := 14 10
              10 3
              3 25
              ;
set F[277] := 14 10
              10 2
              2 4
              4 26
              ;
set F[278] := 14 10
              10 2
              2 4
              4 7
              7 8
              8 5
              5 27
              ;
set F[279] := 14 10
              10 2
              2 4
              4 7
              7 8
              8 5
              5 6
              6 28
              ;
set F[280] := 14 10
              10 2
              2 4
              4 7
              7 29
              ;
set F[281] := 14 10
              10 2
              2 4
              4 7
              7 8
              8 30
              ;
set F[282] := 14 10
              10 2
              2 4
              4 7
              7 8
              8 5
              5 6
              6 9
              9 31
              ;
set F[283] := 14 10
              10 32
              ;
set F[284] := 14 21
              21 22
              22 11
              11 33
              ;
set F[285] := 14 21
              21 22
              22 12
              12 34
              ;
set F[286] := 14 13
              13 35
              ;
set F[287] := 14 10
              10 2
              2 4
              4 1
              1 15
              15 37
              ;
set F[288] := 14 10
              10 20
              20 17
              17 16
              16 38
              ;
set F[289] := 14 10
              10 20
              20 17
              17 39
              ;
set F[290] := 14 10
              10 20
              20 17
              17 18
              18 40
              ;
set F[291] := 14 10
              10 20
              20 19
              19 41
              ;
set F[292] := 14 10
              10 20
              20 42
              ;
set F[293] := 14 21
              21 43
              ;
set F[294] := 14 21
              21 22
              22 44
              ;
set F[295] := 15 1
              1 23
              ;
set F[296] := 15 1
              1 4
              4 2
              2 24
              ;
set F[297] := 15 1
              1 4
              4 3
              3 25
              ;
set F[298] := 15 1
              1 4
              4 26
              ;
set F[299] := 15 1
              1 4
              4 7
              7 8
              8 5
              5 27
              ;
set F[300] := 15 1
              1 4
              4 7
              7 8
              8 5
              5 6
              6 28
              ;
set F[301] := 15 1
              1 4
              4 7
              7 29
              ;
set F[302] := 15 1
              1 4
              4 7
              7 8
              8 30
              ;
set F[303] := 15 1
              1 4
              4 7
              7 8
              8 5
              5 6
              6 9
              9 31
              ;
set F[304] := 15 1
              1 4
              4 2
              2 10
              10 32
              ;
set F[305] := 15 16
              16 17
              17 18
              18 19
              19 22
              22 11
              11 33
              ;
set F[306] := 15 16
              16 17
              17 18
              18 19
              19 22
              22 12
              12 34
              ;
set F[307] := 15 1
              1 4
              4 3
              3 13
              13 35
              ;
set F[308] := 15 1
              1 4
              4 2
              2 10
              10 14
              14 36
              ;
set F[309] := 15 16
              16 38
              ;
set F[310] := 15 16
              16 17
              17 39
              ;
set F[311] := 15 16
              16 17
              17 18
              18 40
              ;
set F[312] := 15 16
              16 17
              17 18
              18 19
              19 41
              ;
set F[313] := 15 16
              16 17
              17 20
              20 42
              ;
set F[314] := 15 16
              16 17
              17 20
              20 21
              21 43
              ;
set F[315] := 15 16
              16 17
              17 18
              18 19
              19 22
              22 44
              ;
set F[316] := 16 1
              1 23
              ;
set F[317] := 16 1
              1 4
              4 2
              2 24
              ;
set F[318] := 16 1
              1 4
              4 3
              3 25
              ;
set F[319] := 16 1
              1 4
              4 26
              ;
set F[320] := 16 1
              1 4
              4 7
              7 8
              8 5
              5 27
              ;
set F[321] := 16 1
              1 4
              4 7
              7 8
              8 5
              5 6
              6 28
              ;
set F[322] := 16 1
              1 4
              4 7
              7 29
              ;
set F[323] := 16 1
              1 4
              4 7
              7 8
              8 30
              ;
set F[324] := 16 1
              1 4
              4 7
              7 8
              8 5
              5 6
              6 9
              9 31
              ;
set F[325] := 16 17
              17 20
              20 10
              10 32
              ;
set F[326] := 16 17
              17 18
              18 19
              19 22
              22 11
              11 33
              ;
set F[327] := 16 17
              17 18
              18 19
              19 22
              22 12
              12 34
              ;
set F[328] := 16 1
              1 4
              4 3
              3 13
              13 35
              ;
set F[329] := 16 17
              17 20
              20 10
              10 14
              14 36
              ;
set F[330] := 16 15
              15 37
              ;
set F[331] := 16 17
              17 39
              ;
set F[332] := 16 17
              17 18
              18 40
              ;
set F[333] := 16 17
              17 18
              18 19
              19 41
              ;
set F[334] := 16 17
              17 20
              20 42
              ;
set F[335] := 16 17
              17 20
              20 21
              21 43
              ;
set F[336] := 16 17
              17 18
              18 19
              19 22
              22 44
              ;
set F[337] := 17 16
              16 1
              1 23
              ;
set F[338] := 17 20
              20 10
              10 2
              2 24
              ;
set F[339] := 17 20
              20 10
              10 3
              3 25
              ;
set F[340] := 17 16
              16 1
              1 4
              4 26
              ;
set F[341] := 17 16
              16 1
              1 4
              4 7
              7 8
              8 5
              5 27
              ;
set F[342] := 17 16
              16 1
              1 4
              4 7
              7 8
              8 5
              5 6
              6 28
              ;
set F[343] := 17 16
              16 1
              1 4
              4 7
              7 29
              ;
set F[344] := 17 16
              16 1
              1 4
              4 7
              7 8
              8 30
              ;
set F[345] := 17 16
              16 1
              1 4
              4 7
              7 8
              8 5
              5 6
              6 9
              9 31
              ;
set F[346] := 17 20
              20 10
              10 32
              ;
set F[347] := 17 18
              18 19
              19 22
              22 11
              11 33
              ;
set F[348] := 17 18
              18 19
              19 22
              22 12
              12 34
              ;
set F[349] := 17 20
              20 10
              10 3
              3 13
              13 35
              ;
set F[350] := 17 20
              20 10
              10 14
              14 36
              ;
set F[351] := 17 16
              16 15
              15 37
              ;
set F[352] := 17 16
              16 38
              ;
set F[353] := 17 18
              18 40
              ;
set F[354] := 17 18
              18 19
              19 41
              ;
set F[355] := 17 20
              20 42
              ;
set F[356] := 17 20
              20 21
              21 43
              ;
set F[357] := 17 18
              18 19
              19 22
              22 44
              ;
set F[358] := 18 17
              17 16
              16 1
              1 23
              ;
set F[359] := 18 17
              17 20
              20 10
              10 2
              2 24
              ;
set F[360] := 18 17
              17 20
              20 10
              10 3
              3 25
              ;
set F[361] := 18 17
              17 16
              16 1
              1 4
              4 26
              ;
set F[362] := 18 17
              17 16
              16 1
              1 4
              4 7
              7 8
              8 5
              5 27
              ;
set F[363] := 18 17
              17 16
              16 1
              1 4
              4 7
              7 8
              8 5
              5 6
              6 28
              ;
set F[364] := 18 17
              17 16
              16 1
              1 4
              4 7
              7 29
              ;
set F[365] := 18 17
              17 16
              16 1
              1 4
              4 7
              7 8
              8 30
              ;
set F[366] := 18 17
              17 16
              16 1
              1 4
              4 7
              7 8
              8 5
              5 6
              6 9
              9 31
              ;
set F[367] := 18 17
              17 20
              20 10
              10 32
              ;
set F[368] := 18 19
              19 22
              22 11
              11 33
              ;
set F[369] := 18 19
              19 22
              22 12
              12 34
              ;
set F[370] := 18 17
              17 20
              20 10
              10 3
              3 13
              13 35
              ;
set F[371] := 18 17
              17 20
              20 10
              10 14
              14 36
              ;
set F[372] := 18 17
              17 16
              16 15
              15 37
              ;
set F[373] := 18 17
              17 16
              16 38
              ;
set F[374] := 18 17
              17 39
              ;
set F[375] := 18 19
              19 41
              ;
set F[376] := 18 17
              17 20
              20 42
              ;
set F[377] := 18 17
              17 20
              20 21
              21 43
              ;
set F[378] := 18 19
              19 22
              22 44
              ;
set F[379] := 19 18
              18 17
              17 16
              16 1
              1 23
              ;
set F[380] := 19 20
              20 10
              10 2
              2 24
              ;
set F[381] := 19 20
              20 10
              10 3
              3 25
              ;
set F[382] := 19 20
              20 10
              10 2
              2 4
              4 26
              ;
set F[383] := 19 20
              20 10
              10 2
              2 4
              4 7
              7 8
              8 5
              5 27
              ;
set F[384] := 19 20
              20 10
              10 2
              2 4
              4 7
              7 8
              8 5
              5 6
              6 28
              ;
set F[385] := 19 20
              20 10
              10 2
              2 4
              4 7
              7 29
              ;
set F[386] := 19 20
              20 10
              10 2
              2 4
              4 7
              7 8
              8 30
              ;
set F[387] := 19 20
              20 10
              10 2
              2 4
              4 7
              7 8
              8 5
              5 6
              6 9
              9 31
              ;
set F[388] := 19 20
              20 10
              10 32
              ;
set F[389] := 19 22
              22 11
              11 33
              ;
set F[390] := 19 22
              22 12
              12 34
              ;
set F[391] := 19 20
              20 10
              10 3
              3 13
              13 35
              ;
set F[392] := 19 20
              20 10
              10 14
              14 36
              ;
set F[393] := 19 18
              18 17
              17 16
              16 15
              15 37
              ;
set F[394] := 19 18
              18 17
              17 16
              16 38
              ;
set F[395] := 19 18
              18 17
              17 39
              ;
set F[396] := 19 18
              18 40
              ;
set F[397] := 19 20
              20 42
              ;
set F[398] := 19 20
              20 21
              21 43
              ;
set F[399] := 19 22
              22 44
              ;
set F[400] := 20 17
              17 16
              16 1
              1 23
              ;
set F[401] := 20 10
              10 2
              2 24
              ;
set F[402] := 20 10
              10 3
              3 25
              ;
set F[403] := 20 10
              10 2
              2 4
              4 26
              ;
set F[404] := 20 10
              10 2
              2 4
              4 7
              7 8
              8 5
              5 27
              ;
set F[405] := 20 10
              10 2
              2 4
              4 7
              7 8
              8 5
              5 6
              6 28
              ;
set F[406] := 20 10
              10 2
              2 4
              4 7
              7 29
              ;
set F[407] := 20 10
              10 2
              2 4
              4 7
              7 8
              8 30
              ;
set F[408] := 20 10
              10 2
              2 4
              4 7
              7 8
              8 5
              5 6
              6 9
              9 31
              ;
set F[409] := 20 10
              10 32
              ;
set F[410] := 20 19
              19 22
              22 11
              11 33
              ;
set F[411] := 20 19
              19 22
              22 12
              12 34
              ;
set F[412] := 20 10
              10 3
              3 13
              13 35
              ;
set F[413] := 20 10
              10 14
              14 36
              ;
set F[414] := 20 17
              17 16
              16 15
              15 37
              ;
set F[415] := 20 17
              17 16
              16 38
              ;
set F[416] := 20 17
              17 39
              ;
set F[417] := 20 17
              17 18
              18 40
              ;
set F[418] := 20 19
              19 41
              ;
set F[419] := 20 21
              21 43
              ;
set F[420] := 20 19
              19 22
              22 44
              ;
set F[421] := 21 20
              20 17
              17 16
              16 1
              1 23
              ;
set F[422] := 21 14
              14 10
              10 2
              2 24
              ;
set F[423] := 21 14
              14 10
              10 3
              3 25
              ;
set F[424] := 21 14
              14 10
              10 2
              2 4
              4 26
              ;
set F[425] := 21 14
              14 10
              10 2
              2 4
              4 7
              7 8
              8 5
              5 27
              ;
set F[426] := 21 14
              14 10
              10 2
              2 4
              4 7
              7 8
              8 5
              5 6
              6 28
              ;
set F[427] := 21 14
              14 10
              10 2
              2 4
              4 7
              7 29
              ;
set F[428] := 21 14
              14 10
              10 2
              2 4
              4 7
              7 8
              8 30
              ;
set F[429] := 21 14
              14 10
              10 2
              2 4
              4 7
              7 8
              8 5
              5 6
              6 9
              9 31
              ;
set F[430] := 21 14
              14 10
              10 32
              ;
set F[431] := 21 22
              22 11
              11 33
              ;
set F[432] := 21 22
              22 12
              12 34
              ;
set F[433] := 21 14
              14 13
              13 35
              ;
set F[434] := 21 14
              14 36
              ;
set F[435] := 21 20
              20 17
              17 16
              16 15
              15 37
              ;
set F[436] := 21 20
              20 17
              17 16
              16 38
              ;
set F[437] := 21 20
              20 17
              17 39
              ;
set F[438] := 21 20
              20 17
              17 18
              18 40
              ;
set F[439] := 21 20
              20 19
              19 41
              ;
set F[440] := 21 20
              20 42
              ;
set F[441] := 21 22
              22 44
              ;
set F[442] := 22 19
              19 18
              18 17
              17 16
              16 1
              1 23
              ;
set F[443] := 22 19
              19 20
              20 10
              10 2
              2 24
              ;
set F[444] := 22 19
              19 20
              20 10
              10 3
              3 25
              ;
set F[445] := 22 19
              19 20
              20 10
              10 2
              2 4
              4 26
              ;
set F[446] := 22 19
              19 20
              20 10
              10 2
              2 4
              4 7
              7 8
              8 5
              5 27
              ;
set F[447] := 22 19
              19 20
              20 10
              10 2
              2 4
              4 7
              7 8
              8 5
              5 6
              6 28
              ;
set F[448] := 22 19
              19 20
              20 10
              10 2
              2 4
              4 7
              7 29
              ;
set F[449] := 22 19
              19 20
              20 10
              10 2
              2 4
              4 7
              7 8
              8 30
              ;
set F[450] := 22 19
              19 20
              20 10
              10 2
              2 4
              4 7
              7 8
              8 5
              5 6
              6 9
              9 31
              ;
set F[451] := 22 19
              19 20
              20 10
              10 32
              ;
set F[452] := 22 11
              11 33
              ;
set F[453] := 22 12
              12 34
              ;
set F[454] := 22 21
              21 14
              14 13
              13 35
              ;
set F[455] := 22 21
              21 14
              14 36
              ;
set F[456] := 22 19
              19 18
              18 17
              17 16
              16 15
              15 37
              ;
set F[457] := 22 19
              19 18
              18 17
              17 16
              16 38
              ;
set F[458] := 22 19
              19 18
              18 17
              17 39
              ;
set F[459] := 22 19
              19 18
              18 40
              ;
set F[460] := 22 19
              19 41
              ;
set F[461] := 22 19
              19 20
              20 42
              ;
set F[462] := 22 21
              21 43
              ;
set Last[1] := 2 24;
set Last[2] := 3 25;
set Last[3] := 4 26;
set Last[4] := 5 27;
set Last[5] := 6 28;
set Last[6] := 7 29;
set Last[7] := 8 30;
set Last[8] := 9 31;
set Last[9] := 10 32;
set Last[10] := 11 33;
set Last[11] := 12 34;
set Last[12] := 13 35;
set Last[13] := 14 36;
set Last[14] := 15 37;
set Last[15] := 16 38;
set Last[16] := 17 39;
set Last[17] := 18 40;
set Last[18] := 19 41;
set Last[19] := 20 42;
set Last[20] := 21 43;
set Last[21] := 22 44;
set Last[22] := 1 23;
set Last[23] := 3 25;
set Last[24] := 4 26;
set Last[25] := 5 27;
set Last[26] := 6 28;
set Last[27] := 7 29;
set Last[28] := 8 30;
set Last[29] := 9 31;
set Last[30] := 10 32;
set Last[31] := 11 33;
set Last[32] := 12 34;
set Last[33] := 13 35;
set Last[34] := 14 36;
set Last[35] := 15 37;
set Last[36] := 16 38;
set Last[37] := 17 39;
set Last[38] := 18 40;
set Last[39] := 19 41;
set Last[40] := 20 42;
set Last[41] := 21 43;
set Last[42] := 22 44;
set Last[43] := 1 23;
set Last[44] := 2 24;
set Last[45] := 4 26;
set Last[46] := 5 27;
set Last[47] := 6 28;
set Last[48] := 7 29;
set Last[49] := 8 30;
set Last[50] := 9 31;
set Last[51] := 10 32;
set Last[52] := 11 33;
set Last[53] := 12 34;
set Last[54] := 13 35;
set Last[55] := 14 36;
set Last[56] := 15 37;
set Last[57] := 16 38;
set Last[58] := 17 39;
set Last[59] := 18 40;
set Last[60] := 19 41;
set Last[61] := 20 42;
set Last[62] := 21 43;
set Last[63] := 22 44;
set Last[64] := 1 23;
set Last[65] := 2 24;
set Last[66] := 3 25;
set Last[67] := 5 27;
set Last[68] := 6 28;
set Last[69] := 7 29;
set Last[70] := 8 30;
set Last[71] := 9 31;
set Last[72] := 10 32;
set Last[73] := 11 33;
set Last[74] := 12 34;
set Last[75] := 13 35;
set Last[76] := 14 36;
set Last[77] := 15 37;
set Last[78] := 16 38;
set Last[79] := 17 39;
set Last[80] := 18 40;
set Last[81] := 19 41;
set Last[82] := 20 42;
set Last[83] := 21 43;
set Last[84] := 22 44;
set Last[85] := 1 23;
set Last[86] := 2 24;
set Last[87] := 3 25;
set Last[88] := 4 26;
set Last[89] := 6 28;
set Last[90] := 7 29;
set Last[91] := 8 30;
set Last[92] := 9 31;
set Last[93] := 10 32;
set Last[94] := 11 33;
set Last[95] := 12 34;
set Last[96] := 13 35;
set Last[97] := 14 36;
set Last[98] := 15 37;
set Last[99] := 16 38;
set Last[100] := 17 39;
set Last[101] := 18 40;
set Last[102] := 19 41;
set Last[103] := 20 42;
set Last[104] := 21 43;
set Last[105] := 22 44;
set Last[106] := 1 23;
set Last[107] := 2 24;
set Last[108] := 3 25;
set Last[109] := 4 26;
set Last[110] := 5 27;
set Last[111] := 7 29;
set Last[112] := 8 30;
set Last[113] := 9 31;
set Last[114] := 10 32;
set Last[115] := 11 33;
set Last[116] := 12 34;
set Last[117] := 13 35;
set Last[118] := 14 36;
set Last[119] := 15 37;
set Last[120] := 16 38;
set Last[121] := 17 39;
set Last[122] := 18 40;
set Last[123] := 19 41;
set Last[124] := 20 42;
set Last[125] := 21 43;
set Last[126] := 22 44;
set Last[127] := 1 23;
set Last[128] := 2 24;
set Last[129] := 3 25;
set Last[130] := 4 26;
set Last[131] := 5 27;
set Last[132] := 6 28;
set Last[133] := 8 30;
set Last[134] := 9 31;
set Last[135] := 10 32;
set Last[136] := 11 33;
set Last[137] := 12 34;
set Last[138] := 13 35;
set Last[139] := 14 36;
set Last[140] := 15 37;
set Last[141] := 16 38;
set Last[142] := 17 39;
set Last[143] := 18 40;
set Last[144] := 19 41;
set Last[145] := 20 42;
set Last[146] := 21 43;
set Last[147] := 22 44;
set Last[148] := 1 23;
set Last[149] := 2 24;
set Last[150] := 3 25;
set Last[151] := 4 26;
set Last[152] := 5 27;
set Last[153] := 6 28;
set Last[154] := 7 29;
set Last[155] := 9 31;
set Last[156] := 10 32;
set Last[157] := 11 33;
set Last[158] := 12 34;
set Last[159] := 13 35;
set Last[160] := 14 36;
set Last[161] := 15 37;
set Last[162] := 16 38;
set Last[163] := 17 39;
set Last[164] := 18 40;
set Last[165] := 19 41;
set Last[166] := 20 42;
set Last[167] := 21 43;
set Last[168] := 22 44;
set Last[169] := 1 23;
set Last[170] := 2 24;
set Last[171] := 3 25;
set Last[172] := 4 26;
set Last[173] := 5 27;
set Last[174] := 6 28;
set Last[175] := 7 29;
set Last[176] := 8 30;
set Last[177] := 10 32;
set Last[178] := 11 33;
set Last[179] := 12 34;
set Last[180] := 13 35;
set Last[181] := 14 36;
set Last[182] := 15 37;
set Last[183] := 16 38;
set Last[184] := 17 39;
set Last[185] := 18 40;
set Last[186] := 19 41;
set Last[187] := 20 42;
set Last[188] := 21 43;
set Last[189] := 22 44;
set Last[190] := 1 23;
set Last[191] := 2 24;
set Last[192] := 3 25;
set Last[193] := 4 26;
set Last[194] := 5 27;
set Last[195] := 6 28;
set Last[196] := 7 29;
set Last[197] := 8 30;
set Last[198] := 9 31;
set Last[199] := 11 33;
set Last[200] := 12 34;
set Last[201] := 13 35;
set Last[202] := 14 36;
set Last[203] := 15 37;
set Last[204] := 16 38;
set Last[205] := 17 39;
set Last[206] := 18 40;
set Last[207] := 19 41;
set Last[208] := 20 42;
set Last[209] := 21 43;
set Last[210] := 22 44;
set Last[211] := 1 23;
set Last[212] := 2 24;
set Last[213] := 3 25;
set Last[214] := 4 26;
set Last[215] := 5 27;
set Last[216] := 6 28;
set Last[217] := 7 29;
set Last[218] := 8 30;
set Last[219] := 9 31;
set Last[220] := 10 32;
set Last[221] := 12 34;
set Last[222] := 13 35;
set Last[223] := 14 36;
set Last[224] := 15 37;
set Last[225] := 16 38;
set Last[226] := 17 39;
set Last[227] := 18 40;
set Last[228] := 19 41;
set Last[229] := 20 42;
set Last[230] := 21 43;
set Last[231] := 22 44;
set Last[232] := 1 23;
set Last[233] := 2 24;
set Last[234] := 3 25;
set Last[235] := 4 26;
set Last[236] := 5 27;
set Last[237] := 6 28;
set Last[238] := 7 29;
set Last[239] := 8 30;
set Last[240] := 9 31;
set Last[241] := 10 32;
set Last[242] := 11 33;
set Last[243] := 13 35;
set Last[244] := 14 36;
set Last[245] := 15 37;
set Last[246] := 16 38;
set Last[247] := 17 39;
set Last[248] := 18 40;
set Last[249] := 19 41;
set Last[250] := 20 42;
set Last[251] := 21 43;
set Last[252] := 22 44;
set Last[253] := 1 23;
set Last[254] := 2 24;
set Last[255] := 3 25;
set Last[256] := 4 26;
set Last[257] := 5 27;
set Last[258] := 6 28;
set Last[259] := 7 29;
set Last[260] := 8 30;
set Last[261] := 9 31;
set Last[262] := 10 32;
set Last[263] := 11 33;
set Last[264] := 12 34;
set Last[265] := 14 36;
set Last[266] := 15 37;
set Last[267] := 16 38;
set Last[268] := 17 39;
set Last[269] := 18 40;
set Last[270] := 19 41;
set Last[271] := 20 42;
set Last[272] := 21 43;
set Last[273] := 22 44;
set Last[274] := 1 23;
set Last[275] := 2 24;
set Last[276] := 3 25;
set Last[277] := 4 26;
set Last[278] := 5 27;
set Last[279] := 6 28;
set Last[280] := 7 29;
set Last[281] := 8 30;
set Last[282] := 9 31;
set Last[283] := 10 32;
set Last[284] := 11 33;
set Last[285] := 12 34;
set Last[286] := 13 35;
set Last[287] := 15 37;
set Last[288] := 16 38;
set Last[289] := 17 39;
set Last[290] := 18 40;
set Last[291] := 19 41;
set Last[292] := 20 42;
set Last[293] := 21 43;
set Last[294] := 22 44;
set Last[295] := 1 23;
set Last[296] := 2 24;
set Last[297] := 3 25;
set Last[298] := 4 26;
set Last[299] := 5 27;
set Last[300] := 6 28;
set Last[301] := 7 29;
set Last[302] := 8 30;
set Last[303] := 9 31;
set Last[304] := 10 32;
set Last[305] := 11 33;
set Last[306] := 12 34;
set Last[307] := 13 35;
set Last[308] := 14 36;
set Last[309] := 16 38;
set Last[310] := 17 39;
set Last[311] := 18 40;
set Last[312] := 19 41;
set Last[313] := 20 42;
set Last[314] := 21 43;
set Last[315] := 22 44;
set Last[316] := 1 23;
set Last[317] := 2 24;
set Last[318] := 3 25;
set Last[319] := 4 26;
set Last[320] := 5 27;
set Last[321] := 6 28;
set Last[322] := 7 29;
set Last[323] := 8 30;
set Last[324] := 9 31;
set Last[325] := 10 32;
set Last[326] := 11 33;
set Last[327] := 12 34;
set Last[328] := 13 35;
set Last[329] := 14 36;
set Last[330] := 15 37;
set Last[331] := 17 39;
set Last[332] := 18 40;
set Last[333] := 19 41;
set Last[334] := 20 42;
set Last[335] := 21 43;
set Last[336] := 22 44;
set Last[337] := 1 23;
set Last[338] := 2 24;
set Last[339] := 3 25;
set Last[340] := 4 26;
set Last[341] := 5 27;
set Last[342] := 6 28;
set Last[343] := 7 29;
set Last[344] := 8 30;
set Last[345] := 9 31;
set Last[346] := 10 32;
set Last[347] := 11 33;
set Last[348] := 12 34;
set Last[349] := 13 35;
set Last[350] := 14 36;
set Last[351] := 15 37;
set Last[352] := 16 38;
set Last[353] := 18 40;
set Last[354] := 19 41;
set Last[355] := 20 42;
set Last[356] := 21 43;
set Last[357] := 22 44;
set Last[358] := 1 23;
set Last[359] := 2 24;
set Last[360] := 3 25;
set Last[361] := 4 26;
set Last[362] := 5 27;
set Last[363] := 6 28;
set Last[364] := 7 29;
set Last[365] := 8 30;
set Last[366] := 9 31;
set Last[367] := 10 32;
set Last[368] := 11 33;
set Last[369] := 12 34;
set Last[370] := 13 35;
set Last[371] := 14 36;
set Last[372] := 15 37;
set Last[373] := 16 38;
set Last[374] := 17 39;
set Last[375] := 19 41;
set Last[376] := 20 42;
set Last[377] := 21 43;
set Last[378] := 22 44;
set Last[379] := 1 23;
set Last[380] := 2 24;
set Last[381] := 3 25;
set Last[382] := 4 26;
set Last[383] := 5 27;
set Last[384] := 6 28;
set Last[385] := 7 29;
set Last[386] := 8 30;
set Last[387] := 9 31;
set Last[388] := 10 32;
set Last[389] := 11 33;
set Last[390] := 12 34;
set Last[391] := 13 35;
set Last[392] := 14 36;
set Last[393] := 15 37;
set Last[394] := 16 38;
set Last[395] := 17 39;
set Last[396] := 18 40;
set Last[397] := 20 42;
set Last[398] := 21 43;
set Last[399] := 22 44;
set Last[400] := 1 23;
set Last[401] := 2 24;
set Last[402] := 3 25;
set Last[403] := 4 26;
set Last[404] := 5 27;
set Last[405] := 6 28;
set Last[406] := 7 29;
set Last[407] := 8 30;
set Last[408] := 9 31;
set Last[409] := 10 32;
set Last[410] := 11 33;
set Last[411] := 12 34;
set Last[412] := 13 35;
set Last[413] := 14 36;
set Last[414] := 15 37;
set Last[415] := 16 38;
set Last[416] := 17 39;
set Last[417] := 18 40;
set Last[418] := 19 41;
set Last[419] := 21 43;
set Last[420] := 22 44;
set Last[421] := 1 23;
set Last[422] := 2 24;
set Last[423] := 3 25;
set Last[424] := 4 26;
set Last[425] := 5 27;
set Last[426] := 6 28;
set Last[427] := 7 29;
set Last[428] := 8 30;
set Last[429] := 9 31;
set Last[430] := 10 32;
set Last[431] := 11 33;
set Last[432] := 12 34;
set Last[433] := 13 35;
set Last[434] := 14 36;
set Last[435] := 15 37;
set Last[436] := 16 38;
set Last[437] := 17 39;
set Last[438] := 18 40;
set Last[439] := 19 41;
set Last[440] := 20 42;
set Last[441] := 22 44;
set Last[442] := 1 23;
set Last[443] := 2 24;
set Last[444] := 3 25;
set Last[445] := 4 26;
set Last[446] := 5 27;
set Last[447] := 6 28;
set Last[448] := 7 29;
set Last[449] := 8 30;
set Last[450] := 9 31;
set Last[451] := 10 32;
set Last[452] := 11 33;
set Last[453] := 12 34;
set Last[454] := 13 35;
set Last[455] := 14 36;
set Last[456] := 15 37;
set Last[457] := 16 38;
set Last[458] := 17 39;
set Last[459] := 18 40;
set Last[460] := 19 41;
set Last[461] := 20 42;
set Last[462] := 21 43;

param q := 5;

end;
