data;

set V := 1 2 3 4 5 6 7 8 9 10 11 12 13 14 15 16 17 18 19 20 21 22 23 24 25 26 27 28 29 30 31 32 33 34 35 36 37 38 39 40 41 42 43 44 45 46 47 49 50 51 52 53 54 55 56 57 58 60 61 62 63 64 65 66 67 68 69 70 71 72 73 74 75 76;

set A := 1 2
         1 4
         1 7
         1 35
         1 39
         2 1
         2 8
         2 10
         2 40
         3 4
         3 41
         4 1
         4 3
         4 12
         4 42
         5 8
         5 20
         5 43
         6 20
         6 44
         7 1
         7 21
         7 35
         7 45
         8 2
         8 5
         8 46
         9 20
         9 24
         9 47
         10 2
         10 24
         11 29
         11 31
         11 38
         11 49
         12 4
         12 29
         12 30
         12 50
         13 7
         13 35
         13 51
         14 16
         14 33
         14 35
         14 52
         15 35
         15 53
         16 14
         16 33
         16 34
         16 54
         17 35
         17 55
         18 35
         18 56
         19 22
         19 23
         19 24
         19 28
         19 57
         20 5
         20 6
         20 9
         20 58
         21 7
         21 28
         22 19
         22 60
         23 19
         23 61
         24 9
         24 10
         24 19
         24 62
         25 35
         25 63
         26 27
         26 34
         26 64
         27 26
         27 28
         27 65
         28 19
         28 21
         28 27
         28 66
         29 11
         29 12
         29 67
         30 12
         30 68
         31 11
         31 32
         31 37
         31 69
         32 31
         32 33
         32 70
         33 14
         33 16
         33 32
         33 71
         34 16
         34 26
         34 72
         35 1
         35 7
         35 13
         35 14
         35 15
         35 17
         35 18
         35 25
         35 36
         35 73
         36 35
         36 37
         36 74
         37 31
         37 36
         37 75
         38 76
         ;

set S := 1 2 3 4 5 6 7 8 9 10 11 12 13 14 15 16 17 18 19 20 21 22 23 24 25 26 27 28 29 30 31 32 33 34 35 36 37 38 39 40 41 42 43 44 45 46 47 48 49 50 51 52 53 54 55 56 57 58 59 60 61 62 63 64 65 66 67 68 69 70 71 72 73 74 75 76 77 78 79 80 81 82 83 84 85 86 87 88 89 90 91 92 93 94 95 96 97 98 99 100 101 102 103 104 105 106 107 108 109 110 111 112 113 114 115 116 117 118 119 120 121 122 123 124 125 126 127 128 129 130 131 132 133 134 135 136 137 138 139 140 141 142 143 144 145 146 147 148 149 150 151 152 153 154 155 156 157 158 159 160 161 162 163 164 165 166 167 168 169 170 171 172 173 174 175 176 177 178 179 180 181 182 183 184 185 186 187 188 189 190 191 192 193 194 195 196 197 198 199 200 201 202 203 204 205 206 207 208 209 210 211 212 213 214 215 216 217 218 219 220 221 222 223 224 225 226 227 228 229 230 231 232 233 234 235 236 237 238 239 240 241 242 243 244 245 246 247 248 249 250 251 252 253 254 255 256 257 258 259 260 261 262 263 264 265 266 267 268 269 270 271 272 273 274 275 276 277 278 279 280 281 282 283 284 285 286 287 288 289 290 291 292 293 294 295 296 297 298 299 300 301 302 303 304 305 306 307 308 309 310 311 312 313 314 315 316 317 318 319 320 321 322 323 324 325 326 327 328 329 330 331 332 333 334 335 336 337 338 339 340 341 342 343 344 345 346 347 348 349 350 351 352 353 354 355 356 357 358 359 360 361 362 363 364 365 366 367 368 369 370 371 372 373 374 375 376 377 378 379 380 381 382 383 384 385 386 387 388 389 390 391 392 393 394 395 396 397 398 399 400 401 402 403 404 405 406 407 408 409 410 411 412 413 414 415 416 417 418 419 420 421 422 423 424 425 426 427 428 429 430 431 432 433 434 435 436 437 438 439 440 441 442 443 444 445 446 447 448 449 450 451 452 453 454 455 456 457 458 459 460 461 462 463 464 465 466 467 468 469 470 471 472 473 474 475 476 477 478 479 480 481 482 483 484 485 486 487 488 489 490 491 492 493 494 495 496 497 498 499 500 501 502 503 504 505 506 507 508 509 510 511 512 513 514 515 516 517 518 519 520 521 522 523 524 525 526 527 528 529 530 531 532 533 534 535 536 537 538 539 540 541 542 543 544 545 546 547 548 549 550 551 552 553 554 555 556 557 558 559 560 561 562 563;

set F[1] := 1 2
            2 40
            ;
set F[2] := 1 4
            4 3
            3 41
            ;
set F[3] := 1 4
            4 42
            ;
set F[4] := 1 2
            2 8
            8 5
            5 43
            ;
set F[5] := 1 2
            2 8
            8 5
            5 20
            20 6
            6 44
            ;
set F[6] := 1 7
            7 45
            ;
set F[7] := 1 2
            2 8
            8 46
            ;
set F[8] := 1 4
            4 12
            12 29
            29 11
            11 49
            ;
set F[9] := 1 4
            4 12
            12 50
            ;
set F[10] := 1 35
             35 13
             13 51
             ;
set F[11] := 1 35
             35 14
             14 52
             ;
set F[12] := 1 35
             35 15
             15 53
             ;
set F[13] := 1 35
             35 14
             14 16
             16 54
             ;
set F[14] := 1 35
             35 17
             17 55
             ;
set F[15] := 1 35
             35 18
             18 56
             ;
set F[16] := 1 2
             2 10
             10 24
             24 19
             19 57
             ;
set F[17] := 1 2
             2 8
             8 5
             5 20
             20 58
             ;
set F[18] := 1 2
             2 10
             10 24
             24 19
             19 22
             22 60
             ;
set F[19] := 1 2
             2 10
             10 24
             24 19
             19 23
             23 61
             ;
set F[20] := 1 2
             2 10
             10 24
             24 62
             ;
set F[21] := 1 35
             35 14
             14 16
             16 34
             34 26
             26 64
             ;
set F[22] := 1 7
             7 21
             21 28
             28 27
             27 65
             ;
set F[23] := 1 7
             7 21
             21 28
             28 66
             ;
set F[24] := 1 4
             4 12
             12 29
             29 67
             ;
set F[25] := 1 4
             4 12
             12 30
             30 68
             ;
set F[26] := 1 35
             35 36
             36 37
             37 31
             31 69
             ;
set F[27] := 1 35
             35 14
             14 33
             33 71
             ;
set F[28] := 1 35
             35 14
             14 16
             16 34
             34 72
             ;
set F[29] := 1 35
             35 73
             ;
set F[30] := 1 35
             35 36
             36 74
             ;
set F[31] := 1 35
             35 36
             36 37
             37 75
             ;
set F[32] := 1 4
             4 12
             12 29
             29 11
             11 38
             38 76
             ;
set F[33] := 2 1
             1 4
             4 42
             ;
set F[34] := 2 8
             8 5
             5 43
             ;
set F[35] := 2 1
             1 7
             7 45
             ;
set F[36] := 2 1
             1 4
             4 12
             12 29
             29 11
             11 49
             ;
set F[37] := 2 1
             1 35
             35 14
             14 52
             ;
set F[38] := 2 1
             1 35
             35 15
             15 53
             ;
set F[39] := 2 10
             10 24
             24 19
             19 57
             ;
set F[40] := 2 10
             10 24
             24 62
             ;
set F[41] := 2 1
             1 35
             35 14
             14 16
             16 34
             34 26
             26 64
             ;
set F[42] := 2 1
             1 4
             4 12
             12 29
             29 67
             ;
set F[43] := 2 1
             1 35
             35 36
             36 37
             37 31
             31 69
             ;
set F[44] := 2 1
             1 35
             35 14
             14 33
             33 71
             ;
set F[45] := 2 1
             1 35
             35 73
             ;
set F[46] := 2 1
             1 35
             35 36
             36 37
             37 75
             ;
set F[47] := 3 4
             4 1
             1 2
             2 40
             ;
set F[48] := 3 4
             4 1
             1 7
             7 45
             ;
set F[49] := 3 4
             4 12
             12 29
             29 11
             11 49
             ;
set F[50] := 3 4
             4 1
             1 35
             35 14
             14 52
             ;
set F[51] := 3 4
             4 1
             1 2
             2 10
             10 24
             24 19
             19 57
             ;
set F[52] := 3 4
             4 12
             12 29
             29 67
             ;
set F[53] := 3 4
             4 12
             12 29
             29 11
             11 31
             31 69
             ;
set F[54] := 3 4
             4 1
             1 35
             35 73
             ;
set F[55] := 3 4
             4 1
             1 35
             35 36
             36 37
             37 75
             ;
set F[56] := 4 1
             1 2
             2 40
             ;
set F[57] := 4 1
             1 2
             2 8
             8 5
             5 43
             ;
set F[58] := 4 1
             1 7
             7 45
             ;
set F[59] := 4 1
             1 2
             2 8
             8 46
             ;
set F[60] := 4 12
             12 29
             29 11
             11 49
             ;
set F[61] := 4 1
             1 35
             35 14
             14 52
             ;
set F[62] := 4 1
             1 35
             35 15
             15 53
             ;
set F[63] := 4 1
             1 35
             35 14
             14 16
             16 54
             ;
set F[64] := 4 1
             1 35
             35 17
             17 55
             ;
set F[65] := 4 1
             1 2
             2 10
             10 24
             24 19
             19 57
             ;
set F[66] := 4 1
             1 2
             2 8
             8 5
             5 20
             20 58
             ;
set F[67] := 4 1
             1 2
             2 10
             10 24
             24 19
             19 22
             22 60
             ;
set F[68] := 4 1
             1 2
             2 10
             10 24
             24 19
             19 23
             23 61
             ;
set F[69] := 4 1
             1 2
             2 10
             10 24
             24 62
             ;
set F[70] := 4 1
             1 35
             35 14
             14 16
             16 34
             34 26
             26 64
             ;
set F[71] := 4 1
             1 7
             7 21
             21 28
             28 27
             27 65
             ;
set F[72] := 4 12
             12 29
             29 67
             ;
set F[73] := 4 12
             12 29
             29 11
             11 31
             31 69
             ;
set F[74] := 4 1
             1 35
             35 14
             14 33
             33 71
             ;
set F[75] := 4 1
             1 35
             35 14
             14 16
             16 34
             34 72
             ;
set F[76] := 4 1
             1 35
             35 73
             ;
set F[77] := 4 1
             1 35
             35 36
             36 74
             ;
set F[78] := 4 1
             1 35
             35 36
             36 37
             37 75
             ;
set F[79] := 4 12
             12 29
             29 11
             11 38
             38 76
             ;
set F[80] := 5 8
             8 2
             2 40
             ;
set F[81] := 5 8
             8 2
             2 1
             1 4
             4 42
             ;
set F[82] := 5 8
             8 2
             2 1
             1 7
             7 45
             ;
set F[83] := 5 8
             8 46
             ;
set F[84] := 5 8
             8 2
             2 1
             1 4
             4 12
             12 29
             29 11
             11 49
             ;
set F[85] := 5 8
             8 2
             2 1
             1 35
             35 14
             14 52
             ;
set F[86] := 5 8
             8 2
             2 1
             1 35
             35 15
             15 53
             ;
set F[87] := 5 8
             8 2
             2 1
             1 35
             35 14
             14 16
             16 54
             ;
set F[88] := 5 8
             8 2
             2 1
             1 35
             35 17
             17 55
             ;
set F[89] := 5 20
             20 9
             9 24
             24 19
             19 57
             ;
set F[90] := 5 20
             20 58
             ;
set F[91] := 5 20
             20 9
             9 24
             24 19
             19 22
             22 60
             ;
set F[92] := 5 20
             20 9
             9 24
             24 19
             19 23
             23 61
             ;
set F[93] := 5 20
             20 9
             9 24
             24 62
             ;
set F[94] := 5 20
             20 9
             9 24
             24 19
             19 28
             28 27
             27 26
             26 64
             ;
set F[95] := 5 20
             20 9
             9 24
             24 19
             19 28
             28 27
             27 65
             ;
set F[96] := 5 8
             8 2
             2 1
             1 4
             4 12
             12 29
             29 67
             ;
set F[97] := 5 8
             8 2
             2 1
             1 35
             35 36
             36 37
             37 31
             31 69
             ;
set F[98] := 5 8
             8 2
             2 1
             1 35
             35 14
             14 33
             33 71
             ;
set F[99] := 5 8
             8 2
             2 1
             1 35
             35 14
             14 16
             16 34
             34 72
             ;
set F[100] := 5 8
              8 2
              2 1
              1 35
              35 73
              ;
set F[101] := 5 8
              8 2
              2 1
              1 35
              35 36
              36 74
              ;
set F[102] := 5 8
              8 2
              2 1
              1 35
              35 36
              36 37
              37 75
              ;
set F[103] := 5 8
              8 2
              2 1
              1 4
              4 12
              12 29
              29 11
              11 38
              38 76
              ;
set F[104] := 6 20
              20 5
              5 8
              8 2
              2 40
              ;
set F[105] := 6 20
              20 5
              5 8
              8 2
              2 1
              1 7
              7 45
              ;
set F[106] := 6 20
              20 5
              5 8
              8 2
              2 1
              1 4
              4 12
              12 29
              29 11
              11 49
              ;
set F[107] := 6 20
              20 5
              5 8
              8 2
              2 1
              1 35
              35 14
              14 52
              ;
set F[108] := 6 20
              20 5
              5 8
              8 2
              2 1
              1 35
              35 15
              15 53
              ;
set F[109] := 6 20
              20 9
              9 24
              24 19
              19 57
              ;
set F[110] := 6 20
              20 5
              5 8
              8 2
              2 1
              1 4
              4 12
              12 29
              29 67
              ;
set F[111] := 6 20
              20 5
              5 8
              8 2
              2 1
              1 35
              35 36
              36 37
              37 31
              31 69
              ;
set F[112] := 6 20
              20 5
              5 8
              8 2
              2 1
              1 35
              35 73
              ;
set F[113] := 6 20
              20 5
              5 8
              8 2
              2 1
              1 35
              35 36
              36 37
              37 75
              ;
set F[114] := 7 1
              1 2
              2 40
              ;
set F[115] := 7 21
              21 28
              28 19
              19 57
              ;
set F[116] := 7 35
              35 73
              ;
set F[117] := 8 2
              2 40
              ;
set F[118] := 8 2
              2 1
              1 4
              4 42
              ;
set F[119] := 8 5
              5 43
              ;
set F[120] := 8 2
              2 1
              1 7
              7 45
              ;
set F[121] := 8 2
              2 1
              1 4
              4 12
              12 29
              29 11
              11 49
              ;
set F[122] := 8 2
              2 1
              1 35
              35 14
              14 52
              ;
set F[123] := 8 2
              2 1
              1 35
              35 15
              15 53
              ;
set F[124] := 8 2
              2 1
              1 35
              35 17
              17 55
              ;
set F[125] := 8 2
              2 10
              10 24
              24 19
              19 57
              ;
set F[126] := 8 5
              5 20
              20 58
              ;
set F[127] := 8 2
              2 10
              10 24
              24 19
              19 23
              23 61
              ;
set F[128] := 8 2
              2 10
              10 24
              24 62
              ;
set F[129] := 8 2
              2 1
              1 35
              35 14
              14 16
              16 34
              34 26
              26 64
              ;
set F[130] := 8 2
              2 1
              1 7
              7 21
              21 28
              28 27
              27 65
              ;
set F[131] := 8 2
              2 1
              1 4
              4 12
              12 29
              29 67
              ;
set F[132] := 8 2
              2 1
              1 35
              35 36
              36 37
              37 31
              31 69
              ;
set F[133] := 8 2
              2 1
              1 35
              35 14
              14 33
              33 71
              ;
set F[134] := 8 2
              2 1
              1 35
              35 14
              14 16
              16 34
              34 72
              ;
set F[135] := 8 2
              2 1
              1 35
              35 73
              ;
set F[136] := 8 2
              2 1
              1 35
              35 36
              36 74
              ;
set F[137] := 8 2
              2 1
              1 35
              35 36
              36 37
              37 75
              ;
set F[138] := 9 24
              24 10
              10 2
              2 40
              ;
set F[139] := 9 24
              24 10
              10 2
              2 1
              1 4
              4 42
              ;
set F[140] := 9 20
              20 5
              5 43
              ;
set F[141] := 9 24
              24 10
              10 2
              2 1
              1 7
              7 45
              ;
set F[142] := 9 20
              20 5
              5 8
              8 46
              ;
set F[143] := 9 24
              24 10
              10 2
              2 1
              1 4
              4 12
              12 29
              29 11
              11 49
              ;
set F[144] := 9 24
              24 10
              10 2
              2 1
              1 35
              35 14
              14 52
              ;
set F[145] := 9 24
              24 10
              10 2
              2 1
              1 35
              35 15
              15 53
              ;
set F[146] := 9 24
              24 10
              10 2
              2 1
              1 35
              35 14
              14 16
              16 54
              ;
set F[147] := 9 24
              24 10
              10 2
              2 1
              1 35
              35 17
              17 55
              ;
set F[148] := 9 24
              24 19
              19 57
              ;
set F[149] := 9 20
              20 58
              ;
set F[150] := 9 24
              24 19
              19 22
              22 60
              ;
set F[151] := 9 24
              24 19
              19 23
              23 61
              ;
set F[152] := 9 24
              24 62
              ;
set F[153] := 9 24
              24 19
              19 28
              28 27
              27 26
              26 64
              ;
set F[154] := 9 24
              24 19
              19 28
              28 27
              27 65
              ;
set F[155] := 9 24
              24 10
              10 2
              2 1
              1 4
              4 12
              12 29
              29 67
              ;
set F[156] := 9 24
              24 10
              10 2
              2 1
              1 35
              35 36
              36 37
              37 31
              31 69
              ;
set F[157] := 9 24
              24 10
              10 2
              2 1
              1 35
              35 14
              14 33
              33 71
              ;
set F[158] := 9 24
              24 19
              19 28
              28 27
              27 26
              26 34
              34 72
              ;
set F[159] := 9 24
              24 10
              10 2
              2 1
              1 35
              35 73
              ;
set F[160] := 9 24
              24 10
              10 2
              2 1
              1 35
              35 36
              36 74
              ;
set F[161] := 9 24
              24 10
              10 2
              2 1
              1 35
              35 36
              36 37
              37 75
              ;
set F[162] := 9 24
              24 10
              10 2
              2 1
              1 4
              4 12
              12 29
              29 11
              11 38
              38 76
              ;
set F[163] := 10 2
              2 40
              ;
set F[164] := 10 2
              2 1
              1 4
              4 42
              ;
set F[165] := 10 2
              2 8
              8 5
              5 43
              ;
set F[166] := 10 2
              2 1
              1 7
              7 45
              ;
set F[167] := 10 2
              2 1
              1 4
              4 12
              12 29
              29 11
              11 49
              ;
set F[168] := 10 2
              2 1
              1 35
              35 14
              14 52
              ;
set F[169] := 10 2
              2 1
              1 35
              35 15
              15 53
              ;
set F[170] := 10 2
              2 1
              1 35
              35 17
              17 55
              ;
set F[171] := 10 24
              24 19
              19 57
              ;
set F[172] := 10 24
              24 9
              9 20
              20 58
              ;
set F[173] := 10 24
              24 62
              ;
set F[174] := 10 24
              24 19
              19 28
              28 27
              27 26
              26 64
              ;
set F[175] := 10 24
              24 19
              19 28
              28 27
              27 65
              ;
set F[176] := 10 2
              2 1
              1 4
              4 12
              12 29
              29 67
              ;
set F[177] := 10 2
              2 1
              1 35
              35 36
              36 37
              37 31
              31 69
              ;
set F[178] := 10 2
              2 1
              1 35
              35 14
              14 33
              33 71
              ;
set F[179] := 10 2
              2 1
              1 35
              35 73
              ;
set F[180] := 10 2
              2 1
              1 35
              35 36
              36 74
              ;
set F[181] := 10 2
              2 1
              1 35
              35 36
              36 37
              37 75
              ;
set F[182] := 11 29
              29 12
              12 4
              4 1
              1 2
              2 40
              ;
set F[183] := 11 29
              29 12
              12 4
              4 1
              1 7
              7 45
              ;
set F[184] := 11 29
              29 12
              12 4
              4 1
              1 2
              2 10
              10 24
              24 19
              19 57
              ;
set F[185] := 11 31
              31 37
              37 36
              36 35
              35 73
              ;
set F[186] := 12 4
              4 1
              1 2
              2 40
              ;
set F[187] := 12 4
              4 42
              ;
set F[188] := 12 4
              4 1
              1 2
              2 8
              8 5
              5 43
              ;
set F[189] := 12 4
              4 1
              1 7
              7 45
              ;
set F[190] := 12 29
              29 11
              11 49
              ;
set F[191] := 12 4
              4 1
              1 35
              35 14
              14 52
              ;
set F[192] := 12 4
              4 1
              1 35
              35 15
              15 53
              ;
set F[193] := 12 4
              4 1
              1 35
              35 17
              17 55
              ;
set F[194] := 12 4
              4 1
              1 2
              2 10
              10 24
              24 19
              19 57
              ;
set F[195] := 12 4
              4 1
              1 2
              2 8
              8 5
              5 20
              20 58
              ;
set F[196] := 12 4
              4 1
              1 2
              2 10
              10 24
              24 19
              19 23
              23 61
              ;
set F[197] := 12 4
              4 1
              1 2
              2 10
              10 24
              24 62
              ;
set F[198] := 12 4
              4 1
              1 35
              35 14
              14 16
              16 34
              34 26
              26 64
              ;
set F[199] := 12 4
              4 1
              1 7
              7 21
              21 28
              28 27
              27 65
              ;
set F[200] := 12 29
              29 67
              ;
set F[201] := 12 29
              29 11
              11 31
              31 69
              ;
set F[202] := 12 4
              4 1
              1 35
              35 14
              14 33
              33 71
              ;
set F[203] := 12 4
              4 1
              1 35
              35 73
              ;
set F[204] := 12 4
              4 1
              1 35
              35 36
              36 74
              ;
set F[205] := 12 29
              29 11
              11 31
              31 37
              37 75
              ;
set F[206] := 13 7
              7 1
              1 2
              2 40
              ;
set F[207] := 13 7
              7 1
              1 4
              4 42
              ;
set F[208] := 13 7
              7 1
              1 2
              2 8
              8 5
              5 43
              ;
set F[209] := 13 7
              7 45
              ;
set F[210] := 13 35
              35 36
              36 37
              37 31
              31 11
              11 49
              ;
set F[211] := 13 35
              35 14
              14 52
              ;
set F[212] := 13 35
              35 15
              15 53
              ;
set F[213] := 13 7
              7 21
              21 28
              28 19
              19 57
              ;
set F[214] := 13 7
              7 1
              1 2
              2 10
              10 24
              24 62
              ;
set F[215] := 13 7
              7 21
              21 28
              28 27
              27 26
              26 64
              ;
set F[216] := 13 7
              7 1
              1 4
              4 12
              12 29
              29 67
              ;
set F[217] := 13 35
              35 36
              36 37
              37 31
              31 69
              ;
set F[218] := 13 35
              35 14
              14 33
              33 71
              ;
set F[219] := 13 35
              35 73
              ;
set F[220] := 13 35
              35 36
              36 37
              37 75
              ;
set F[221] := 14 35
              35 1
              1 2
              2 40
              ;
set F[222] := 14 35
              35 1
              1 4
              4 42
              ;
set F[223] := 14 35
              35 1
              1 2
              2 8
              8 5
              5 43
              ;
set F[224] := 14 35
              35 7
              7 45
              ;
set F[225] := 14 33
              33 32
              32 31
              31 11
              11 49
              ;
set F[226] := 14 35
              35 15
              15 53
              ;
set F[227] := 14 35
              35 7
              7 21
              21 28
              28 19
              19 57
              ;
set F[228] := 14 35
              35 1
              1 2
              2 8
              8 5
              5 20
              20 58
              ;
set F[229] := 14 35
              35 1
              1 2
              2 10
              10 24
              24 62
              ;
set F[230] := 14 16
              16 34
              34 26
              26 64
              ;
set F[231] := 14 33
              33 32
              32 31
              31 11
              11 29
              29 67
              ;
set F[232] := 14 33
              33 32
              32 31
              31 69
              ;
set F[233] := 14 33
              33 71
              ;
set F[234] := 14 35
              35 73
              ;
set F[235] := 14 35
              35 36
              36 74
              ;
set F[236] := 14 35
              35 36
              36 37
              37 75
              ;
set F[237] := 15 35
              35 1
              1 2
              2 40
              ;
set F[238] := 15 35
              35 1
              1 4
              4 42
              ;
set F[239] := 15 35
              35 1
              1 2
              2 8
              8 5
              5 43
              ;
set F[240] := 15 35
              35 7
              7 45
              ;
set F[241] := 15 35
              35 36
              36 37
              37 31
              31 11
              11 49
              ;
set F[242] := 15 35
              35 14
              14 52
              ;
set F[243] := 15 35
              35 17
              17 55
              ;
set F[244] := 15 35
              35 7
              7 21
              21 28
              28 19
              19 57
              ;
set F[245] := 15 35
              35 1
              1 2
              2 8
              8 5
              5 20
              20 58
              ;
set F[246] := 15 35
              35 7
              7 21
              21 28
              28 19
              19 23
              23 61
              ;
set F[247] := 15 35
              35 1
              1 2
              2 10
              10 24
              24 62
              ;
set F[248] := 15 35
              35 14
              14 16
              16 34
              34 26
              26 64
              ;
set F[249] := 15 35
              35 7
              7 21
              21 28
              28 27
              27 65
              ;
set F[250] := 15 35
              35 1
              1 4
              4 12
              12 29
              29 67
              ;
set F[251] := 15 35
              35 36
              36 37
              37 31
              31 69
              ;
set F[252] := 15 35
              35 14
              14 33
              33 71
              ;
set F[253] := 15 35
              35 73
              ;
set F[254] := 15 35
              35 36
              36 74
              ;
set F[255] := 15 35
              35 36
              36 37
              37 75
              ;
set F[256] := 16 14
              14 35
              35 1
              1 2
              2 40
              ;
set F[257] := 16 14
              14 35
              35 1
              1 4
              4 42
              ;
set F[258] := 16 14
              14 35
              35 1
              1 2
              2 8
              8 5
              5 43
              ;
set F[259] := 16 14
              14 35
              35 7
              7 45
              ;
set F[260] := 16 33
              33 32
              32 31
              31 11
              11 49
              ;
set F[261] := 16 14
              14 52
              ;
set F[262] := 16 14
              14 35
              35 15
              15 53
              ;
set F[263] := 16 14
              14 35
              35 17
              17 55
              ;
set F[264] := 16 34
              34 26
              26 27
              27 28
              28 19
              19 57
              ;
set F[265] := 16 14
              14 35
              35 1
              1 2
              2 8
              8 5
              5 20
              20 58
              ;
set F[266] := 16 34
              34 26
              26 27
              27 28
              28 19
              19 23
              23 61
              ;
set F[267] := 16 14
              14 35
              35 1
              1 2
              2 10
              10 24
              24 62
              ;
set F[268] := 16 34
              34 26
              26 64
              ;
set F[269] := 16 34
              34 26
              26 27
              27 65
              ;
set F[270] := 16 33
              33 32
              32 31
              31 11
              11 29
              29 67
              ;
set F[271] := 16 33
              33 32
              32 31
              31 69
              ;
set F[272] := 16 33
              33 71
              ;
set F[273] := 16 34
              34 72
              ;
set F[274] := 16 14
              14 35
              35 73
              ;
set F[275] := 16 14
              14 35
              35 36
              36 74
              ;
set F[276] := 16 14
              14 35
              35 36
              36 37
              37 75
              ;
set F[277] := 17 35
              35 1
              1 2
              2 40
              ;
set F[278] := 17 35
              35 1
              1 4
              4 42
              ;
set F[279] := 17 35
              35 1
              1 2
              2 8
              8 5
              5 43
              ;
set F[280] := 17 35
              35 7
              7 45
              ;
set F[281] := 17 35
              35 36
              36 37
              37 31
              31 11
              11 49
              ;
set F[282] := 17 35
              35 14
              14 52
              ;
set F[283] := 17 35
              35 15
              15 53
              ;
set F[284] := 17 35
              35 14
              14 16
              16 54
              ;
set F[285] := 17 35
              35 7
              7 21
              21 28
              28 19
              19 57
              ;
set F[286] := 17 35
              35 1
              1 2
              2 8
              8 5
              5 20
              20 58
              ;
set F[287] := 17 35
              35 7
              7 21
              21 28
              28 19
              19 23
              23 61
              ;
set F[288] := 17 35
              35 1
              1 2
              2 10
              10 24
              24 62
              ;
set F[289] := 17 35
              35 14
              14 16
              16 34
              34 26
              26 64
              ;
set F[290] := 17 35
              35 7
              7 21
              21 28
              28 27
              27 65
              ;
set F[291] := 17 35
              35 1
              1 4
              4 12
              12 29
              29 67
              ;
set F[292] := 17 35
              35 36
              36 37
              37 31
              31 69
              ;
set F[293] := 17 35
              35 14
              14 33
              33 71
              ;
set F[294] := 17 35
              35 14
              14 16
              16 34
              34 72
              ;
set F[295] := 17 35
              35 73
              ;
set F[296] := 17 35
              35 36
              36 74
              ;
set F[297] := 17 35
              35 36
              36 37
              37 75
              ;
set F[298] := 17 35
              35 36
              36 37
              37 31
              31 11
              11 38
              38 76
              ;
set F[299] := 18 35
              35 1
              1 2
              2 40
              ;
set F[300] := 18 35
              35 7
              7 45
              ;
set F[301] := 18 35
              35 7
              7 21
              21 28
              28 19
              19 57
              ;
set F[302] := 18 35
              35 73
              ;
set F[303] := 19 24
              24 10
              10 2
              2 40
              ;
set F[304] := 19 28
              28 21
              21 7
              7 1
              1 4
              4 42
              ;
set F[305] := 19 24
              24 9
              9 20
              20 5
              5 43
              ;
set F[306] := 19 28
              28 21
              21 7
              7 45
              ;
set F[307] := 19 28
              28 21
              21 7
              7 1
              1 4
              4 12
              12 29
              29 11
              11 49
              ;
set F[308] := 19 28
              28 21
              21 7
              7 35
              35 14
              14 52
              ;
set F[309] := 19 28
              28 21
              21 7
              7 35
              35 15
              15 53
              ;
set F[310] := 19 28
              28 21
              21 7
              7 35
              35 17
              17 55
              ;
set F[311] := 19 24
              24 9
              9 20
              20 58
              ;
set F[312] := 19 24
              24 62
              ;
set F[313] := 19 28
              28 27
              27 26
              26 64
              ;
set F[314] := 19 28
              28 27
              27 65
              ;
set F[315] := 19 28
              28 21
              21 7
              7 1
              1 4
              4 12
              12 29
              29 67
              ;
set F[316] := 19 28
              28 21
              21 7
              7 35
              35 36
              36 37
              37 31
              31 69
              ;
set F[317] := 19 28
              28 21
              21 7
              7 35
              35 14
              14 33
              33 71
              ;
set F[318] := 19 28
              28 21
              21 7
              7 35
              35 73
              ;
set F[319] := 19 28
              28 21
              21 7
              7 35
              35 36
              36 74
              ;
set F[320] := 19 28
              28 21
              21 7
              7 35
              35 36
              36 37
              37 75
              ;
set F[321] := 20 5
              5 8
              8 2
              2 40
              ;
set F[322] := 20 5
              5 8
              8 2
              2 1
              1 4
              4 42
              ;
set F[323] := 20 5
              5 8
              8 2
              2 1
              1 7
              7 45
              ;
set F[324] := 20 5
              5 8
              8 2
              2 1
              1 4
              4 12
              12 29
              29 11
              11 49
              ;
set F[325] := 20 5
              5 8
              8 2
              2 1
              1 35
              35 14
              14 52
              ;
set F[326] := 20 5
              5 8
              8 2
              2 1
              1 35
              35 15
              15 53
              ;
set F[327] := 20 9
              9 24
              24 19
              19 57
              ;
set F[328] := 20 9
              9 24
              24 62
              ;
set F[329] := 20 9
              9 24
              24 19
              19 28
              28 27
              27 26
              26 64
              ;
set F[330] := 20 5
              5 8
              8 2
              2 1
              1 4
              4 12
              12 29
              29 67
              ;
set F[331] := 20 5
              5 8
              8 2
              2 1
              1 35
              35 36
              36 37
              37 31
              31 69
              ;
set F[332] := 20 5
              5 8
              8 2
              2 1
              1 35
              35 14
              14 33
              33 71
              ;
set F[333] := 20 5
              5 8
              8 2
              2 1
              1 35
              35 73
              ;
set F[334] := 20 5
              5 8
              8 2
              2 1
              1 35
              35 36
              36 37
              37 75
              ;
set F[335] := 21 7
              7 1
              1 2
              2 40
              ;
set F[336] := 21 7
              7 1
              1 4
              4 42
              ;
set F[337] := 21 7
              7 45
              ;
set F[338] := 21 7
              7 1
              1 4
              4 12
              12 29
              29 11
              11 49
              ;
set F[339] := 21 7
              7 35
              35 14
              14 52
              ;
set F[340] := 21 7
              7 35
              35 15
              15 53
              ;
set F[341] := 21 28
              28 19
              19 57
              ;
set F[342] := 21 28
              28 19
              19 24
              24 62
              ;
set F[343] := 21 28
              28 27
              27 26
              26 64
              ;
set F[344] := 21 7
              7 1
              1 4
              4 12
              12 29
              29 67
              ;
set F[345] := 21 7
              7 35
              35 36
              36 37
              37 31
              31 69
              ;
set F[346] := 21 7
              7 35
              35 73
              ;
set F[347] := 21 7
              7 35
              35 36
              36 37
              37 75
              ;
set F[348] := 22 19
              19 24
              24 10
              10 2
              2 40
              ;
set F[349] := 22 19
              19 28
              28 21
              21 7
              7 1
              1 4
              4 42
              ;
set F[350] := 22 19
              19 24
              24 9
              9 20
              20 5
              5 43
              ;
set F[351] := 22 19
              19 28
              28 21
              21 7
              7 45
              ;
set F[352] := 22 19
              19 28
              28 21
              21 7
              7 1
              1 4
              4 12
              12 29
              29 11
              11 49
              ;
set F[353] := 22 19
              19 28
              28 21
              21 7
              7 35
              35 14
              14 52
              ;
set F[354] := 22 19
              19 28
              28 21
              21 7
              7 35
              35 15
              15 53
              ;
set F[355] := 22 19
              19 57
              ;
set F[356] := 22 19
              19 24
              24 62
              ;
set F[357] := 22 19
              19 28
              28 27
              27 26
              26 64
              ;
set F[358] := 22 19
              19 28
              28 21
              21 7
              7 1
              1 4
              4 12
              12 29
              29 67
              ;
set F[359] := 22 19
              19 28
              28 21
              21 7
              7 35
              35 36
              36 37
              37 31
              31 69
              ;
set F[360] := 22 19
              19 28
              28 21
              21 7
              7 35
              35 14
              14 33
              33 71
              ;
set F[361] := 22 19
              19 28
              28 21
              21 7
              7 35
              35 73
              ;
set F[362] := 22 19
              19 28
              28 21
              21 7
              7 35
              35 36
              36 37
              37 75
              ;
set F[363] := 23 19
              19 24
              24 10
              10 2
              2 40
              ;
set F[364] := 23 19
              19 28
              28 21
              21 7
              7 1
              1 4
              4 42
              ;
set F[365] := 23 19
              19 28
              28 21
              21 7
              7 45
              ;
set F[366] := 23 19
              19 28
              28 21
              21 7
              7 1
              1 4
              4 12
              12 29
              29 11
              11 49
              ;
set F[367] := 23 19
              19 28
              28 21
              21 7
              7 35
              35 14
              14 52
              ;
set F[368] := 23 19
              19 28
              28 21
              21 7
              7 35
              35 15
              15 53
              ;
set F[369] := 23 19
              19 57
              ;
set F[370] := 23 19
              19 24
              24 62
              ;
set F[371] := 23 19
              19 28
              28 27
              27 26
              26 64
              ;
set F[372] := 23 19
              19 28
              28 21
              21 7
              7 1
              1 4
              4 12
              12 29
              29 67
              ;
set F[373] := 23 19
              19 28
              28 21
              21 7
              7 35
              35 36
              36 37
              37 31
              31 69
              ;
set F[374] := 23 19
              19 28
              28 21
              21 7
              7 35
              35 14
              14 33
              33 71
              ;
set F[375] := 23 19
              19 28
              28 21
              21 7
              7 35
              35 73
              ;
set F[376] := 23 19
              19 28
              28 21
              21 7
              7 35
              35 36
              36 37
              37 75
              ;
set F[377] := 25 35
              35 1
              1 2
              2 40
              ;
set F[378] := 25 35
              35 73
              ;
set F[379] := 26 34
              34 16
              16 14
              14 35
              35 73
              ;
set F[380] := 27 28
              28 19
              19 24
              24 10
              10 2
              2 40
              ;
set F[381] := 27 28
              28 21
              21 7
              7 45
              ;
set F[382] := 27 28
              28 19
              19 57
              ;
set F[383] := 27 28
              28 21
              21 7
              7 35
              35 73
              ;
set F[384] := 28 19
              19 24
              24 10
              10 2
              2 40
              ;
set F[385] := 28 21
              21 7
              7 1
              1 4
              4 42
              ;
set F[386] := 28 19
              19 24
              24 9
              9 20
              20 5
              5 43
              ;
set F[387] := 28 21
              21 7
              7 45
              ;
set F[388] := 28 19
              19 24
              24 10
              10 2
              2 8
              8 46
              ;
set F[389] := 28 21
              21 7
              7 1
              1 4
              4 12
              12 29
              29 11
              11 49
              ;
set F[390] := 28 21
              21 7
              7 35
              35 14
              14 52
              ;
set F[391] := 28 21
              21 7
              7 35
              35 15
              15 53
              ;
set F[392] := 28 27
              27 26
              26 34
              34 16
              16 54
              ;
set F[393] := 28 21
              21 7
              7 35
              35 17
              17 55
              ;
set F[394] := 28 19
              19 57
              ;
set F[395] := 28 19
              19 24
              24 9
              9 20
              20 58
              ;
set F[396] := 28 19
              19 22
              22 60
              ;
set F[397] := 28 19
              19 23
              23 61
              ;
set F[398] := 28 19
              19 24
              24 62
              ;
set F[399] := 28 27
              27 26
              26 64
              ;
set F[400] := 28 27
              27 65
              ;
set F[401] := 28 21
              21 7
              7 1
              1 4
              4 12
              12 29
              29 67
              ;
set F[402] := 28 21
              21 7
              7 35
              35 36
              36 37
              37 31
              31 69
              ;
set F[403] := 28 21
              21 7
              7 35
              35 14
              14 33
              33 71
              ;
set F[404] := 28 27
              27 26
              26 34
              34 72
              ;
set F[405] := 28 21
              21 7
              7 35
              35 73
              ;
set F[406] := 28 21
              21 7
              7 35
              35 36
              36 74
              ;
set F[407] := 28 21
              21 7
              7 35
              35 36
              36 37
              37 75
              ;
set F[408] := 28 21
              21 7
              7 1
              1 4
              4 12
              12 29
              29 11
              11 38
              38 76
              ;
set F[409] := 29 12
              12 4
              4 1
              1 2
              2 40
              ;
set F[410] := 29 12
              12 4
              4 42
              ;
set F[411] := 29 12
              12 4
              4 1
              1 2
              2 8
              8 5
              5 43
              ;
set F[412] := 29 12
              12 4
              4 1
              1 7
              7 45
              ;
set F[413] := 29 11
              11 49
              ;
set F[414] := 29 11
              11 31
              31 32
              32 33
              33 14
              14 52
              ;
set F[415] := 29 12
              12 4
              4 1
              1 35
              35 15
              15 53
              ;
set F[416] := 29 12
              12 4
              4 1
              1 35
              35 17
              17 55
              ;
set F[417] := 29 12
              12 4
              4 1
              1 2
              2 10
              10 24
              24 19
              19 57
              ;
set F[418] := 29 12
              12 4
              4 1
              1 2
              2 8
              8 5
              5 20
              20 58
              ;
set F[419] := 29 12
              12 4
              4 1
              1 2
              2 10
              10 24
              24 19
              19 23
              23 61
              ;
set F[420] := 29 12
              12 4
              4 1
              1 2
              2 10
              10 24
              24 62
              ;
set F[421] := 29 11
              11 31
              31 32
              32 33
              33 16
              16 34
              34 26
              26 64
              ;
set F[422] := 29 12
              12 4
              4 1
              1 7
              7 21
              21 28
              28 27
              27 65
              ;
set F[423] := 29 11
              11 31
              31 69
              ;
set F[424] := 29 11
              11 31
              31 32
              32 33
              33 71
              ;
set F[425] := 29 11
              11 31
              31 32
              32 33
              33 16
              16 34
              34 72
              ;
set F[426] := 29 12
              12 4
              4 1
              1 35
              35 73
              ;
set F[427] := 29 11
              11 31
              31 37
              37 36
              36 74
              ;
set F[428] := 29 11
              11 31
              31 37
              37 75
              ;
set F[429] := 30 12
              12 4
              4 1
              1 2
              2 40
              ;
set F[430] := 30 12
              12 4
              4 1
              1 7
              7 45
              ;
set F[431] := 30 12
              12 29
              29 11
              11 49
              ;
set F[432] := 30 12
              12 4
              4 1
              1 35
              35 14
              14 52
              ;
set F[433] := 30 12
              12 4
              4 1
              1 2
              2 10
              10 24
              24 19
              19 57
              ;
set F[434] := 30 12
              12 29
              29 11
              11 31
              31 69
              ;
set F[435] := 30 12
              12 4
              4 1
              1 35
              35 73
              ;
set F[436] := 31 37
              37 36
              36 35
              35 1
              1 2
              2 40
              ;
set F[437] := 31 11
              11 29
              29 12
              12 4
              4 42
              ;
set F[438] := 31 37
              37 36
              36 35
              35 1
              1 2
              2 8
              8 5
              5 43
              ;
set F[439] := 31 37
              37 36
              36 35
              35 7
              7 45
              ;
set F[440] := 31 11
              11 49
              ;
set F[441] := 31 32
              32 33
              33 14
              14 52
              ;
set F[442] := 31 37
              37 36
              36 35
              35 15
              15 53
              ;
set F[443] := 31 37
              37 36
              36 35
              35 7
              7 21
              21 28
              28 19
              19 57
              ;
set F[444] := 31 37
              37 36
              36 35
              35 1
              1 2
              2 10
              10 24
              24 62
              ;
set F[445] := 31 32
              32 33
              33 16
              16 34
              34 26
              26 64
              ;
set F[446] := 31 11
              11 29
              29 67
              ;
set F[447] := 31 32
              32 33
              33 71
              ;
set F[448] := 31 37
              37 36
              36 35
              35 73
              ;
set F[449] := 31 37
              37 75
              ;
set F[450] := 32 33
              33 14
              14 35
              35 1
              1 2
              2 40
              ;
set F[451] := 32 31
              31 11
              11 29
              29 12
              12 4
              4 42
              ;
set F[452] := 32 33
              33 14
              14 35
              35 1
              1 2
              2 8
              8 5
              5 43
              ;
set F[453] := 32 33
              33 14
              14 35
              35 7
              7 45
              ;
set F[454] := 32 31
              31 11
              11 49
              ;
set F[455] := 32 33
              33 14
              14 52
              ;
set F[456] := 32 33
              33 14
              14 35
              35 15
              15 53
              ;
set F[457] := 32 33
              33 14
              14 35
              35 7
              7 21
              21 28
              28 19
              19 57
              ;
set F[458] := 32 33
              33 14
              14 35
              35 1
              1 2
              2 8
              8 5
              5 20
              20 58
              ;
set F[459] := 32 33
              33 14
              14 35
              35 1
              1 2
              2 10
              10 24
              24 62
              ;
set F[460] := 32 33
              33 16
              16 34
              34 26
              26 64
              ;
set F[461] := 32 31
              31 11
              11 29
              29 67
              ;
set F[462] := 32 31
              31 69
              ;
set F[463] := 32 33
              33 71
              ;
set F[464] := 32 33
              33 14
              14 35
              35 73
              ;
set F[465] := 32 31
              31 37
              37 75
              ;
set F[466] := 33 14
              14 35
              35 1
              1 2
              2 40
              ;
set F[467] := 33 14
              14 35
              35 1
              1 4
              4 42
              ;
set F[468] := 33 14
              14 35
              35 1
              1 2
              2 8
              8 5
              5 43
              ;
set F[469] := 33 14
              14 35
              35 7
              7 45
              ;
set F[470] := 33 32
              32 31
              31 11
              11 49
              ;
set F[471] := 33 14
              14 52
              ;
set F[472] := 33 14
              14 35
              35 15
              15 53
              ;
set F[473] := 33 14
              14 35
              35 7
              7 21
              21 28
              28 19
              19 57
              ;
set F[474] := 33 14
              14 35
              35 1
              1 2
              2 10
              10 24
              24 62
              ;
set F[475] := 33 16
              16 34
              34 26
              26 64
              ;
set F[476] := 33 32
              32 31
              31 11
              11 29
              29 67
              ;
set F[477] := 33 32
              32 31
              31 69
              ;
set F[478] := 33 14
              14 35
              35 73
              ;
set F[479] := 33 32
              32 31
              31 37
              37 75
              ;
set F[480] := 34 16
              16 14
              14 35
              35 1
              1 2
              2 40
              ;
set F[481] := 34 16
              16 14
              14 35
              35 1
              1 4
              4 42
              ;
set F[482] := 34 16
              16 14
              14 35
              35 7
              7 45
              ;
set F[483] := 34 16
              16 33
              33 32
              32 31
              31 11
              11 49
              ;
set F[484] := 34 16
              16 14
              14 52
              ;
set F[485] := 34 16
              16 14
              14 35
              35 15
              15 53
              ;
set F[486] := 34 26
              26 27
              27 28
              28 19
              19 57
              ;
set F[487] := 34 26
              26 64
              ;
set F[488] := 34 16
              16 33
              33 32
              32 31
              31 11
              11 29
              29 67
              ;
set F[489] := 34 16
              16 33
              33 32
              32 31
              31 69
              ;
set F[490] := 34 16
              16 14
              14 35
              35 73
              ;
set F[491] := 34 16
              16 14
              14 35
              35 36
              36 37
              37 75
              ;
set F[492] := 35 1
              1 39
              ;
set F[493] := 35 1
              1 2
              2 40
              ;
set F[494] := 35 1
              1 4
              4 3
              3 41
              ;
set F[495] := 35 1
              1 4
              4 42
              ;
set F[496] := 35 1
              1 2
              2 8
              8 5
              5 43
              ;
set F[497] := 35 1
              1 2
              2 8
              8 5
              5 20
              20 6
              6 44
              ;
set F[498] := 35 7
              7 45
              ;
set F[499] := 35 1
              1 2
              2 8
              8 46
              ;
set F[500] := 35 1
              1 2
              2 10
              10 24
              24 9
              9 47
              ;
set F[501] := 35 36
              36 37
              37 31
              31 11
              11 49
              ;
set F[502] := 35 1
              1 4
              4 12
              12 50
              ;
set F[503] := 35 13
              13 51
              ;
set F[504] := 35 14
              14 52
              ;
set F[505] := 35 15
              15 53
              ;
set F[506] := 35 14
              14 16
              16 54
              ;
set F[507] := 35 17
              17 55
              ;
set F[508] := 35 18
              18 56
              ;
set F[509] := 35 7
              7 21
              21 28
              28 19
              19 57
              ;
set F[510] := 35 1
              1 2
              2 8
              8 5
              5 20
              20 58
              ;
set F[511] := 35 7
              7 21
              21 28
              28 19
              19 22
              22 60
              ;
set F[512] := 35 7
              7 21
              21 28
              28 19
              19 23
              23 61
              ;
set F[513] := 35 1
              1 2
              2 10
              10 24
              24 62
              ;
set F[514] := 35 25
              25 63
              ;
set F[515] := 35 14
              14 16
              16 34
              34 26
              26 64
              ;
set F[516] := 35 7
              7 21
              21 28
              28 27
              27 65
              ;
set F[517] := 35 7
              7 21
              21 28
              28 66
              ;
set F[518] := 35 1
              1 4
              4 12
              12 29
              29 67
              ;
set F[519] := 35 1
              1 4
              4 12
              12 30
              30 68
              ;
set F[520] := 35 36
              36 37
              37 31
              31 69
              ;
set F[521] := 35 14
              14 33
              33 32
              32 70
              ;
set F[522] := 35 14
              14 33
              33 71
              ;
set F[523] := 35 14
              14 16
              16 34
              34 72
              ;
set F[524] := 35 36
              36 74
              ;
set F[525] := 35 36
              36 37
              37 75
              ;
set F[526] := 35 36
              36 37
              37 31
              31 11
              11 38
              38 76
              ;
set F[527] := 36 35
              35 1
              1 2
              2 40
              ;
set F[528] := 36 35
              35 1
              1 4
              4 42
              ;
set F[529] := 36 35
              35 1
              1 2
              2 8
              8 5
              5 43
              ;
set F[530] := 36 35
              35 7
              7 45
              ;
set F[531] := 36 35
              35 1
              1 2
              2 8
              8 46
              ;
set F[532] := 36 37
              37 31
              31 11
              11 49
              ;
set F[533] := 36 35
              35 14
              14 52
              ;
set F[534] := 36 35
              35 15
              15 53
              ;
set F[535] := 36 35
              35 14
              14 16
              16 54
              ;
set F[536] := 36 35
              35 17
              17 55
              ;
set F[537] := 36 35
              35 7
              7 21
              21 28
              28 19
              19 57
              ;
set F[538] := 36 35
              35 1
              1 2
              2 8
              8 5
              5 20
              20 58
              ;
set F[539] := 36 35
              35 7
              7 21
              21 28
              28 19
              19 23
              23 61
              ;
set F[540] := 36 35
              35 1
              1 2
              2 10
              10 24
              24 62
              ;
set F[541] := 36 35
              35 14
              14 16
              16 34
              34 26
              26 64
              ;
set F[542] := 36 35
              35 7
              7 21
              21 28
              28 27
              27 65
              ;
set F[543] := 36 37
              37 31
              31 11
              11 29
              29 67
              ;
set F[544] := 36 37
              37 31
              31 69
              ;
set F[545] := 36 35
              35 14
              14 33
              33 71
              ;
set F[546] := 36 35
              35 14
              14 16
              16 34
              34 72
              ;
set F[547] := 36 35
              35 73
              ;
set F[548] := 36 37
              37 75
              ;
set F[549] := 36 37
              37 31
              31 11
              11 38
              38 76
              ;
set F[550] := 37 36
              36 35
              35 1
              1 2
              2 40
              ;
set F[551] := 37 36
              36 35
              35 1
              1 4
              4 42
              ;
set F[552] := 37 36
              36 35
              35 1
              1 2
              2 8
              8 5
              5 43
              ;
set F[553] := 37 36
              36 35
              35 7
              7 45
              ;
set F[554] := 37 31
              31 11
              11 49
              ;
set F[555] := 37 36
              36 35
              35 14
              14 52
              ;
set F[556] := 37 36
              36 35
              35 15
              15 53
              ;
set F[557] := 37 36
              36 35
              35 7
              7 21
              21 28
              28 19
              19 57
              ;
set F[558] := 37 36
              36 35
              35 1
              1 2
              2 10
              10 24
              24 62
              ;
set F[559] := 37 31
              31 32
              32 33
              33 16
              16 34
              34 26
              26 64
              ;
set F[560] := 37 31
              31 11
              11 29
              29 67
              ;
set F[561] := 37 31
              31 69
              ;
set F[562] := 37 31
              31 32
              32 33
              33 71
              ;
set F[563] := 37 36
              36 35
              35 73
              ;
set Last[1] := 2 40;
set Last[2] := 3 41;
set Last[3] := 4 42;
set Last[4] := 5 43;
set Last[5] := 6 44;
set Last[6] := 7 45;
set Last[7] := 8 46;
set Last[8] := 11 49;
set Last[9] := 12 50;
set Last[10] := 13 51;
set Last[11] := 14 52;
set Last[12] := 15 53;
set Last[13] := 16 54;
set Last[14] := 17 55;
set Last[15] := 18 56;
set Last[16] := 19 57;
set Last[17] := 20 58;
set Last[18] := 22 60;
set Last[19] := 23 61;
set Last[20] := 24 62;
set Last[21] := 26 64;
set Last[22] := 27 65;
set Last[23] := 28 66;
set Last[24] := 29 67;
set Last[25] := 30 68;
set Last[26] := 31 69;
set Last[27] := 33 71;
set Last[28] := 34 72;
set Last[29] := 35 73;
set Last[30] := 36 74;
set Last[31] := 37 75;
set Last[32] := 38 76;
set Last[33] := 4 42;
set Last[34] := 5 43;
set Last[35] := 7 45;
set Last[36] := 11 49;
set Last[37] := 14 52;
set Last[38] := 15 53;
set Last[39] := 19 57;
set Last[40] := 24 62;
set Last[41] := 26 64;
set Last[42] := 29 67;
set Last[43] := 31 69;
set Last[44] := 33 71;
set Last[45] := 35 73;
set Last[46] := 37 75;
set Last[47] := 2 40;
set Last[48] := 7 45;
set Last[49] := 11 49;
set Last[50] := 14 52;
set Last[51] := 19 57;
set Last[52] := 29 67;
set Last[53] := 31 69;
set Last[54] := 35 73;
set Last[55] := 37 75;
set Last[56] := 2 40;
set Last[57] := 5 43;
set Last[58] := 7 45;
set Last[59] := 8 46;
set Last[60] := 11 49;
set Last[61] := 14 52;
set Last[62] := 15 53;
set Last[63] := 16 54;
set Last[64] := 17 55;
set Last[65] := 19 57;
set Last[66] := 20 58;
set Last[67] := 22 60;
set Last[68] := 23 61;
set Last[69] := 24 62;
set Last[70] := 26 64;
set Last[71] := 27 65;
set Last[72] := 29 67;
set Last[73] := 31 69;
set Last[74] := 33 71;
set Last[75] := 34 72;
set Last[76] := 35 73;
set Last[77] := 36 74;
set Last[78] := 37 75;
set Last[79] := 38 76;
set Last[80] := 2 40;
set Last[81] := 4 42;
set Last[82] := 7 45;
set Last[83] := 8 46;
set Last[84] := 11 49;
set Last[85] := 14 52;
set Last[86] := 15 53;
set Last[87] := 16 54;
set Last[88] := 17 55;
set Last[89] := 19 57;
set Last[90] := 20 58;
set Last[91] := 22 60;
set Last[92] := 23 61;
set Last[93] := 24 62;
set Last[94] := 26 64;
set Last[95] := 27 65;
set Last[96] := 29 67;
set Last[97] := 31 69;
set Last[98] := 33 71;
set Last[99] := 34 72;
set Last[100] := 35 73;
set Last[101] := 36 74;
set Last[102] := 37 75;
set Last[103] := 38 76;
set Last[104] := 2 40;
set Last[105] := 7 45;
set Last[106] := 11 49;
set Last[107] := 14 52;
set Last[108] := 15 53;
set Last[109] := 19 57;
set Last[110] := 29 67;
set Last[111] := 31 69;
set Last[112] := 35 73;
set Last[113] := 37 75;
set Last[114] := 2 40;
set Last[115] := 19 57;
set Last[116] := 35 73;
set Last[117] := 2 40;
set Last[118] := 4 42;
set Last[119] := 5 43;
set Last[120] := 7 45;
set Last[121] := 11 49;
set Last[122] := 14 52;
set Last[123] := 15 53;
set Last[124] := 17 55;
set Last[125] := 19 57;
set Last[126] := 20 58;
set Last[127] := 23 61;
set Last[128] := 24 62;
set Last[129] := 26 64;
set Last[130] := 27 65;
set Last[131] := 29 67;
set Last[132] := 31 69;
set Last[133] := 33 71;
set Last[134] := 34 72;
set Last[135] := 35 73;
set Last[136] := 36 74;
set Last[137] := 37 75;
set Last[138] := 2 40;
set Last[139] := 4 42;
set Last[140] := 5 43;
set Last[141] := 7 45;
set Last[142] := 8 46;
set Last[143] := 11 49;
set Last[144] := 14 52;
set Last[145] := 15 53;
set Last[146] := 16 54;
set Last[147] := 17 55;
set Last[148] := 19 57;
set Last[149] := 20 58;
set Last[150] := 22 60;
set Last[151] := 23 61;
set Last[152] := 24 62;
set Last[153] := 26 64;
set Last[154] := 27 65;
set Last[155] := 29 67;
set Last[156] := 31 69;
set Last[157] := 33 71;
set Last[158] := 34 72;
set Last[159] := 35 73;
set Last[160] := 36 74;
set Last[161] := 37 75;
set Last[162] := 38 76;
set Last[163] := 2 40;
set Last[164] := 4 42;
set Last[165] := 5 43;
set Last[166] := 7 45;
set Last[167] := 11 49;
set Last[168] := 14 52;
set Last[169] := 15 53;
set Last[170] := 17 55;
set Last[171] := 19 57;
set Last[172] := 20 58;
set Last[173] := 24 62;
set Last[174] := 26 64;
set Last[175] := 27 65;
set Last[176] := 29 67;
set Last[177] := 31 69;
set Last[178] := 33 71;
set Last[179] := 35 73;
set Last[180] := 36 74;
set Last[181] := 37 75;
set Last[182] := 2 40;
set Last[183] := 7 45;
set Last[184] := 19 57;
set Last[185] := 35 73;
set Last[186] := 2 40;
set Last[187] := 4 42;
set Last[188] := 5 43;
set Last[189] := 7 45;
set Last[190] := 11 49;
set Last[191] := 14 52;
set Last[192] := 15 53;
set Last[193] := 17 55;
set Last[194] := 19 57;
set Last[195] := 20 58;
set Last[196] := 23 61;
set Last[197] := 24 62;
set Last[198] := 26 64;
set Last[199] := 27 65;
set Last[200] := 29 67;
set Last[201] := 31 69;
set Last[202] := 33 71;
set Last[203] := 35 73;
set Last[204] := 36 74;
set Last[205] := 37 75;
set Last[206] := 2 40;
set Last[207] := 4 42;
set Last[208] := 5 43;
set Last[209] := 7 45;
set Last[210] := 11 49;
set Last[211] := 14 52;
set Last[212] := 15 53;
set Last[213] := 19 57;
set Last[214] := 24 62;
set Last[215] := 26 64;
set Last[216] := 29 67;
set Last[217] := 31 69;
set Last[218] := 33 71;
set Last[219] := 35 73;
set Last[220] := 37 75;
set Last[221] := 2 40;
set Last[222] := 4 42;
set Last[223] := 5 43;
set Last[224] := 7 45;
set Last[225] := 11 49;
set Last[226] := 15 53;
set Last[227] := 19 57;
set Last[228] := 20 58;
set Last[229] := 24 62;
set Last[230] := 26 64;
set Last[231] := 29 67;
set Last[232] := 31 69;
set Last[233] := 33 71;
set Last[234] := 35 73;
set Last[235] := 36 74;
set Last[236] := 37 75;
set Last[237] := 2 40;
set Last[238] := 4 42;
set Last[239] := 5 43;
set Last[240] := 7 45;
set Last[241] := 11 49;
set Last[242] := 14 52;
set Last[243] := 17 55;
set Last[244] := 19 57;
set Last[245] := 20 58;
set Last[246] := 23 61;
set Last[247] := 24 62;
set Last[248] := 26 64;
set Last[249] := 27 65;
set Last[250] := 29 67;
set Last[251] := 31 69;
set Last[252] := 33 71;
set Last[253] := 35 73;
set Last[254] := 36 74;
set Last[255] := 37 75;
set Last[256] := 2 40;
set Last[257] := 4 42;
set Last[258] := 5 43;
set Last[259] := 7 45;
set Last[260] := 11 49;
set Last[261] := 14 52;
set Last[262] := 15 53;
set Last[263] := 17 55;
set Last[264] := 19 57;
set Last[265] := 20 58;
set Last[266] := 23 61;
set Last[267] := 24 62;
set Last[268] := 26 64;
set Last[269] := 27 65;
set Last[270] := 29 67;
set Last[271] := 31 69;
set Last[272] := 33 71;
set Last[273] := 34 72;
set Last[274] := 35 73;
set Last[275] := 36 74;
set Last[276] := 37 75;
set Last[277] := 2 40;
set Last[278] := 4 42;
set Last[279] := 5 43;
set Last[280] := 7 45;
set Last[281] := 11 49;
set Last[282] := 14 52;
set Last[283] := 15 53;
set Last[284] := 16 54;
set Last[285] := 19 57;
set Last[286] := 20 58;
set Last[287] := 23 61;
set Last[288] := 24 62;
set Last[289] := 26 64;
set Last[290] := 27 65;
set Last[291] := 29 67;
set Last[292] := 31 69;
set Last[293] := 33 71;
set Last[294] := 34 72;
set Last[295] := 35 73;
set Last[296] := 36 74;
set Last[297] := 37 75;
set Last[298] := 38 76;
set Last[299] := 2 40;
set Last[300] := 7 45;
set Last[301] := 19 57;
set Last[302] := 35 73;
set Last[303] := 2 40;
set Last[304] := 4 42;
set Last[305] := 5 43;
set Last[306] := 7 45;
set Last[307] := 11 49;
set Last[308] := 14 52;
set Last[309] := 15 53;
set Last[310] := 17 55;
set Last[311] := 20 58;
set Last[312] := 24 62;
set Last[313] := 26 64;
set Last[314] := 27 65;
set Last[315] := 29 67;
set Last[316] := 31 69;
set Last[317] := 33 71;
set Last[318] := 35 73;
set Last[319] := 36 74;
set Last[320] := 37 75;
set Last[321] := 2 40;
set Last[322] := 4 42;
set Last[323] := 7 45;
set Last[324] := 11 49;
set Last[325] := 14 52;
set Last[326] := 15 53;
set Last[327] := 19 57;
set Last[328] := 24 62;
set Last[329] := 26 64;
set Last[330] := 29 67;
set Last[331] := 31 69;
set Last[332] := 33 71;
set Last[333] := 35 73;
set Last[334] := 37 75;
set Last[335] := 2 40;
set Last[336] := 4 42;
set Last[337] := 7 45;
set Last[338] := 11 49;
set Last[339] := 14 52;
set Last[340] := 15 53;
set Last[341] := 19 57;
set Last[342] := 24 62;
set Last[343] := 26 64;
set Last[344] := 29 67;
set Last[345] := 31 69;
set Last[346] := 35 73;
set Last[347] := 37 75;
set Last[348] := 2 40;
set Last[349] := 4 42;
set Last[350] := 5 43;
set Last[351] := 7 45;
set Last[352] := 11 49;
set Last[353] := 14 52;
set Last[354] := 15 53;
set Last[355] := 19 57;
set Last[356] := 24 62;
set Last[357] := 26 64;
set Last[358] := 29 67;
set Last[359] := 31 69;
set Last[360] := 33 71;
set Last[361] := 35 73;
set Last[362] := 37 75;
set Last[363] := 2 40;
set Last[364] := 4 42;
set Last[365] := 7 45;
set Last[366] := 11 49;
set Last[367] := 14 52;
set Last[368] := 15 53;
set Last[369] := 19 57;
set Last[370] := 24 62;
set Last[371] := 26 64;
set Last[372] := 29 67;
set Last[373] := 31 69;
set Last[374] := 33 71;
set Last[375] := 35 73;
set Last[376] := 37 75;
set Last[377] := 2 40;
set Last[378] := 35 73;
set Last[379] := 35 73;
set Last[380] := 2 40;
set Last[381] := 7 45;
set Last[382] := 19 57;
set Last[383] := 35 73;
set Last[384] := 2 40;
set Last[385] := 4 42;
set Last[386] := 5 43;
set Last[387] := 7 45;
set Last[388] := 8 46;
set Last[389] := 11 49;
set Last[390] := 14 52;
set Last[391] := 15 53;
set Last[392] := 16 54;
set Last[393] := 17 55;
set Last[394] := 19 57;
set Last[395] := 20 58;
set Last[396] := 22 60;
set Last[397] := 23 61;
set Last[398] := 24 62;
set Last[399] := 26 64;
set Last[400] := 27 65;
set Last[401] := 29 67;
set Last[402] := 31 69;
set Last[403] := 33 71;
set Last[404] := 34 72;
set Last[405] := 35 73;
set Last[406] := 36 74;
set Last[407] := 37 75;
set Last[408] := 38 76;
set Last[409] := 2 40;
set Last[410] := 4 42;
set Last[411] := 5 43;
set Last[412] := 7 45;
set Last[413] := 11 49;
set Last[414] := 14 52;
set Last[415] := 15 53;
set Last[416] := 17 55;
set Last[417] := 19 57;
set Last[418] := 20 58;
set Last[419] := 23 61;
set Last[420] := 24 62;
set Last[421] := 26 64;
set Last[422] := 27 65;
set Last[423] := 31 69;
set Last[424] := 33 71;
set Last[425] := 34 72;
set Last[426] := 35 73;
set Last[427] := 36 74;
set Last[428] := 37 75;
set Last[429] := 2 40;
set Last[430] := 7 45;
set Last[431] := 11 49;
set Last[432] := 14 52;
set Last[433] := 19 57;
set Last[434] := 31 69;
set Last[435] := 35 73;
set Last[436] := 2 40;
set Last[437] := 4 42;
set Last[438] := 5 43;
set Last[439] := 7 45;
set Last[440] := 11 49;
set Last[441] := 14 52;
set Last[442] := 15 53;
set Last[443] := 19 57;
set Last[444] := 24 62;
set Last[445] := 26 64;
set Last[446] := 29 67;
set Last[447] := 33 71;
set Last[448] := 35 73;
set Last[449] := 37 75;
set Last[450] := 2 40;
set Last[451] := 4 42;
set Last[452] := 5 43;
set Last[453] := 7 45;
set Last[454] := 11 49;
set Last[455] := 14 52;
set Last[456] := 15 53;
set Last[457] := 19 57;
set Last[458] := 20 58;
set Last[459] := 24 62;
set Last[460] := 26 64;
set Last[461] := 29 67;
set Last[462] := 31 69;
set Last[463] := 33 71;
set Last[464] := 35 73;
set Last[465] := 37 75;
set Last[466] := 2 40;
set Last[467] := 4 42;
set Last[468] := 5 43;
set Last[469] := 7 45;
set Last[470] := 11 49;
set Last[471] := 14 52;
set Last[472] := 15 53;
set Last[473] := 19 57;
set Last[474] := 24 62;
set Last[475] := 26 64;
set Last[476] := 29 67;
set Last[477] := 31 69;
set Last[478] := 35 73;
set Last[479] := 37 75;
set Last[480] := 2 40;
set Last[481] := 4 42;
set Last[482] := 7 45;
set Last[483] := 11 49;
set Last[484] := 14 52;
set Last[485] := 15 53;
set Last[486] := 19 57;
set Last[487] := 26 64;
set Last[488] := 29 67;
set Last[489] := 31 69;
set Last[490] := 35 73;
set Last[491] := 37 75;
set Last[492] := 1 39;
set Last[493] := 2 40;
set Last[494] := 3 41;
set Last[495] := 4 42;
set Last[496] := 5 43;
set Last[497] := 6 44;
set Last[498] := 7 45;
set Last[499] := 8 46;
set Last[500] := 9 47;
set Last[501] := 11 49;
set Last[502] := 12 50;
set Last[503] := 13 51;
set Last[504] := 14 52;
set Last[505] := 15 53;
set Last[506] := 16 54;
set Last[507] := 17 55;
set Last[508] := 18 56;
set Last[509] := 19 57;
set Last[510] := 20 58;
set Last[511] := 22 60;
set Last[512] := 23 61;
set Last[513] := 24 62;
set Last[514] := 25 63;
set Last[515] := 26 64;
set Last[516] := 27 65;
set Last[517] := 28 66;
set Last[518] := 29 67;
set Last[519] := 30 68;
set Last[520] := 31 69;
set Last[521] := 32 70;
set Last[522] := 33 71;
set Last[523] := 34 72;
set Last[524] := 36 74;
set Last[525] := 37 75;
set Last[526] := 38 76;
set Last[527] := 2 40;
set Last[528] := 4 42;
set Last[529] := 5 43;
set Last[530] := 7 45;
set Last[531] := 8 46;
set Last[532] := 11 49;
set Last[533] := 14 52;
set Last[534] := 15 53;
set Last[535] := 16 54;
set Last[536] := 17 55;
set Last[537] := 19 57;
set Last[538] := 20 58;
set Last[539] := 23 61;
set Last[540] := 24 62;
set Last[541] := 26 64;
set Last[542] := 27 65;
set Last[543] := 29 67;
set Last[544] := 31 69;
set Last[545] := 33 71;
set Last[546] := 34 72;
set Last[547] := 35 73;
set Last[548] := 37 75;
set Last[549] := 38 76;
set Last[550] := 2 40;
set Last[551] := 4 42;
set Last[552] := 5 43;
set Last[553] := 7 45;
set Last[554] := 11 49;
set Last[555] := 14 52;
set Last[556] := 15 53;
set Last[557] := 19 57;
set Last[558] := 24 62;
set Last[559] := 26 64;
set Last[560] := 29 67;
set Last[561] := 31 69;
set Last[562] := 33 71;
set Last[563] := 35 73;

param q := 5;

end;
