data;

set V := 1 2 3 4 5 6 7 8 9 10 11 12 13 14 15 16 17 18 19 20 21 22 23 24 25 26 27 28 30 31 32 33 34 36 37 38 39 40 42 43 44 45 46 47 49 50;

set A := 1 2
         1 3
         1 26
         2 1
         2 7
         2 8
         2 27
         3 1
         3 17
         3 23
         3 28
         4 1
         5 6
         5 7
         5 30
         6 5
         6 9
         6 12
         6 13
         6 14
         6 31
         7 2
         7 5
         7 32
         8 2
         8 9
         8 33
         9 6
         9 8
         9 11
         9 15
         9 34
         10 14
         11 9
         11 36
         12 37
         13 6
         13 38
         14 6
         14 39
         15 9
         15 40
         16 23
         17 3
         17 22
         17 42
         18 19
         18 43
         19 18
         19 20
         19 21
         19 44
         20 19
         20 22
         20 45
         21 19
         21 23
         21 46
         22 17
         22 20
         22 24
         22 47
         23 3
         23 21
         23 25
         24 49
         25 23
         25 50
         ;

set S := 1 2 3 4 5 6 7 8 9 10 11 12 13 14 15 16 17 18 19 20 21 22 23 24 25 26 27 28 29 30 31 32 33 34 35 36 37 38 39 40 41 42 43 44 45 46 47 48 49 50 51 52 53 54 55 56 57 58 59 60 61 62 63 64 65 66 67 68 69 70 71 72 73 74 75 76 77 78 79 80 81 82 83 84 85 86 87 88 89 90 91 92 93 94 95 96 97 98 99 100 101 102 103 104 105 106 107 108 109 110 111 112 113 114 115 116 117 118 119 120 121 122 123 124 125 126 127 128 129 130 131 132 133 134 135 136 137 138 139 140 141 142 143 144 145 146 147 148 149 150 151 152 153 154 155 156 157 158 159 160 161 162 163 164 165 166 167 168 169 170 171 172 173 174 175 176 177 178 179 180 181 182 183 184 185 186 187 188 189 190 191 192 193 194 195 196 197 198 199 200 201 202 203 204 205 206 207 208 209 210 211 212 213 214 215 216 217 218 219 220 221 222 223 224 225 226 227 228 229 230 231 232 233 234 235 236 237 238 239 240 241 242 243 244 245 246 247 248 249 250 251 252 253 254 255 256 257 258 259 260 261 262 263 264 265 266 267 268 269 270 271 272 273 274 275 276 277 278 279 280 281 282 283 284 285 286 287 288 289 290 291 292 293 294 295 296 297 298 299 300 301 302 303 304 305 306 307 308 309 310 311 312 313 314 315 316 317 318 319 320 321 322 323 324 325 326 327 328 329 330 331 332 333 334 335 336 337 338 339 340 341 342 343 344 345 346 347 348 349 350 351 352 353 354 355 356 357 358 359 360;

set F[1] := 1 2
            2 27
            ;
set F[2] := 1 3
            3 28
            ;
set F[3] := 1 2
            2 7
            7 5
            5 30
            ;
set F[4] := 1 2
            2 7
            7 5
            5 6
            6 31
            ;
set F[5] := 1 2
            2 7
            7 32
            ;
set F[6] := 1 2
            2 8
            8 33
            ;
set F[7] := 1 2
            2 8
            8 9
            9 34
            ;
set F[8] := 1 2
            2 8
            8 9
            9 11
            11 36
            ;
set F[9] := 1 2
            2 7
            7 5
            5 6
            6 12
            12 37
            ;
set F[10] := 1 2
             2 7
             7 5
             5 6
             6 13
             13 38
             ;
set F[11] := 1 2
             2 7
             7 5
             5 6
             6 14
             14 39
             ;
set F[12] := 1 2
             2 8
             8 9
             9 15
             15 40
             ;
set F[13] := 1 3
             3 17
             17 42
             ;
set F[14] := 1 3
             3 23
             23 21
             21 19
             19 18
             18 43
             ;
set F[15] := 1 3
             3 23
             23 21
             21 19
             19 44
             ;
set F[16] := 1 3
             3 17
             17 22
             22 20
             20 45
             ;
set F[17] := 1 3
             3 23
             23 21
             21 46
             ;
set F[18] := 1 3
             3 17
             17 22
             22 47
             ;
set F[19] := 1 3
             3 17
             17 22
             22 24
             24 49
             ;
set F[20] := 1 3
             3 23
             23 25
             25 50
             ;
set F[21] := 2 1
             1 26
             ;
set F[22] := 2 1
             1 3
             3 28
             ;
set F[23] := 2 7
             7 5
             5 30
             ;
set F[24] := 2 7
             7 5
             5 6
             6 31
             ;
set F[25] := 2 7
             7 32
             ;
set F[26] := 2 8
             8 33
             ;
set F[27] := 2 8
             8 9
             9 34
             ;
set F[28] := 2 8
             8 9
             9 11
             11 36
             ;
set F[29] := 2 7
             7 5
             5 6
             6 12
             12 37
             ;
set F[30] := 2 7
             7 5
             5 6
             6 13
             13 38
             ;
set F[31] := 2 7
             7 5
             5 6
             6 14
             14 39
             ;
set F[32] := 2 8
             8 9
             9 15
             15 40
             ;
set F[33] := 2 1
             1 3
             3 17
             17 42
             ;
set F[34] := 2 1
             1 3
             3 23
             23 21
             21 19
             19 18
             18 43
             ;
set F[35] := 2 1
             1 3
             3 23
             23 21
             21 19
             19 44
             ;
set F[36] := 2 1
             1 3
             3 17
             17 22
             22 20
             20 45
             ;
set F[37] := 2 1
             1 3
             3 23
             23 21
             21 46
             ;
set F[38] := 2 1
             1 3
             3 17
             17 22
             22 47
             ;
set F[39] := 2 1
             1 3
             3 17
             17 22
             22 24
             24 49
             ;
set F[40] := 2 1
             1 3
             3 23
             23 25
             25 50
             ;
set F[41] := 3 1
             1 26
             ;
set F[42] := 3 1
             1 2
             2 27
             ;
set F[43] := 3 1
             1 2
             2 7
             7 5
             5 30
             ;
set F[44] := 3 1
             1 2
             2 7
             7 5
             5 6
             6 31
             ;
set F[45] := 3 1
             1 2
             2 8
             8 33
             ;
set F[46] := 3 1
             1 2
             2 8
             8 9
             9 34
             ;
set F[47] := 3 1
             1 2
             2 8
             8 9
             9 11
             11 36
             ;
set F[48] := 3 1
             1 2
             2 7
             7 5
             5 6
             6 12
             12 37
             ;
set F[49] := 3 1
             1 2
             2 7
             7 5
             5 6
             6 14
             14 39
             ;
set F[50] := 3 1
             1 2
             2 8
             8 9
             9 15
             15 40
             ;
set F[51] := 3 17
             17 42
             ;
set F[52] := 3 23
             23 21
             21 19
             19 18
             18 43
             ;
set F[53] := 3 23
             23 21
             21 19
             19 44
             ;
set F[54] := 3 17
             17 22
             22 20
             20 45
             ;
set F[55] := 3 23
             23 21
             21 46
             ;
set F[56] := 3 17
             17 22
             22 47
             ;
set F[57] := 3 17
             17 22
             22 24
             24 49
             ;
set F[58] := 3 23
             23 25
             25 50
             ;
set F[59] := 4 1
             1 26
             ;
set F[60] := 5 7
             7 2
             2 1
             1 26
             ;
set F[61] := 5 7
             7 2
             2 27
             ;
set F[62] := 5 7
             7 2
             2 1
             1 3
             3 28
             ;
set F[63] := 5 6
             6 31
             ;
set F[64] := 5 6
             6 9
             9 8
             8 33
             ;
set F[65] := 5 6
             6 9
             9 34
             ;
set F[66] := 5 6
             6 9
             9 11
             11 36
             ;
set F[67] := 5 6
             6 12
             12 37
             ;
set F[68] := 5 6
             6 14
             14 39
             ;
set F[69] := 5 6
             6 9
             9 15
             15 40
             ;
set F[70] := 5 7
             7 2
             2 1
             1 3
             3 17
             17 42
             ;
set F[71] := 5 7
             7 2
             2 1
             1 3
             3 23
             23 21
             21 19
             19 18
             18 43
             ;
set F[72] := 5 7
             7 2
             2 1
             1 3
             3 23
             23 21
             21 19
             19 44
             ;
set F[73] := 5 7
             7 2
             2 1
             1 3
             3 17
             17 22
             22 20
             20 45
             ;
set F[74] := 5 7
             7 2
             2 1
             1 3
             3 23
             23 21
             21 46
             ;
set F[75] := 5 7
             7 2
             2 1
             1 3
             3 17
             17 22
             22 47
             ;
set F[76] := 5 7
             7 2
             2 1
             1 3
             3 17
             17 22
             22 24
             24 49
             ;
set F[77] := 5 7
             7 2
             2 1
             1 3
             3 23
             23 25
             25 50
             ;
set F[78] := 6 5
             5 7
             7 2
             2 1
             1 26
             ;
set F[79] := 6 5
             5 7
             7 2
             2 27
             ;
set F[80] := 6 5
             5 7
             7 2
             2 1
             1 3
             3 28
             ;
set F[81] := 6 5
             5 30
             ;
set F[82] := 6 5
             5 7
             7 32
             ;
set F[83] := 6 9
             9 8
             8 33
             ;
set F[84] := 6 9
             9 34
             ;
set F[85] := 6 9
             9 11
             11 36
             ;
set F[86] := 6 12
             12 37
             ;
set F[87] := 6 13
             13 38
             ;
set F[88] := 6 14
             14 39
             ;
set F[89] := 6 9
             9 15
             15 40
             ;
set F[90] := 6 5
             5 7
             7 2
             2 1
             1 3
             3 17
             17 42
             ;
set F[91] := 6 5
             5 7
             7 2
             2 1
             1 3
             3 23
             23 21
             21 19
             19 18
             18 43
             ;
set F[92] := 6 5
             5 7
             7 2
             2 1
             1 3
             3 23
             23 21
             21 19
             19 44
             ;
set F[93] := 6 5
             5 7
             7 2
             2 1
             1 3
             3 17
             17 22
             22 20
             20 45
             ;
set F[94] := 6 5
             5 7
             7 2
             2 1
             1 3
             3 23
             23 21
             21 46
             ;
set F[95] := 6 5
             5 7
             7 2
             2 1
             1 3
             3 17
             17 22
             22 47
             ;
set F[96] := 6 5
             5 7
             7 2
             2 1
             1 3
             3 17
             17 22
             22 24
             24 49
             ;
set F[97] := 6 5
             5 7
             7 2
             2 1
             1 3
             3 23
             23 25
             25 50
             ;
set F[98] := 7 2
             2 1
             1 26
             ;
set F[99] := 7 2
             2 27
             ;
set F[100] := 7 2
              2 1
              1 3
              3 28
              ;
set F[101] := 7 5
              5 30
              ;
set F[102] := 7 5
              5 6
              6 31
              ;
set F[103] := 7 2
              2 8
              8 33
              ;
set F[104] := 7 2
              2 8
              8 9
              9 34
              ;
set F[105] := 7 2
              2 8
              8 9
              9 11
              11 36
              ;
set F[106] := 7 5
              5 6
              6 12
              12 37
              ;
set F[107] := 7 5
              5 6
              6 14
              14 39
              ;
set F[108] := 7 2
              2 8
              8 9
              9 15
              15 40
              ;
set F[109] := 7 2
              2 1
              1 3
              3 17
              17 42
              ;
set F[110] := 7 2
              2 1
              1 3
              3 23
              23 21
              21 19
              19 18
              18 43
              ;
set F[111] := 7 2
              2 1
              1 3
              3 23
              23 21
              21 19
              19 44
              ;
set F[112] := 7 2
              2 1
              1 3
              3 17
              17 22
              22 20
              20 45
              ;
set F[113] := 7 2
              2 1
              1 3
              3 23
              23 21
              21 46
              ;
set F[114] := 7 2
              2 1
              1 3
              3 17
              17 22
              22 47
              ;
set F[115] := 7 2
              2 1
              1 3
              3 17
              17 22
              22 24
              24 49
              ;
set F[116] := 7 2
              2 1
              1 3
              3 23
              23 25
              25 50
              ;
set F[117] := 8 2
              2 1
              1 26
              ;
set F[118] := 8 2
              2 27
              ;
set F[119] := 8 2
              2 1
              1 3
              3 28
              ;
set F[120] := 8 2
              2 7
              7 5
              5 30
              ;
set F[121] := 8 9
              9 6
              6 31
              ;
set F[122] := 8 9
              9 34
              ;
set F[123] := 8 9
              9 11
              11 36
              ;
set F[124] := 8 9
              9 6
              6 12
              12 37
              ;
set F[125] := 8 9
              9 6
              6 14
              14 39
              ;
set F[126] := 8 9
              9 15
              15 40
              ;
set F[127] := 8 2
              2 1
              1 3
              3 17
              17 42
              ;
set F[128] := 8 2
              2 1
              1 3
              3 23
              23 21
              21 19
              19 18
              18 43
              ;
set F[129] := 8 2
              2 1
              1 3
              3 23
              23 21
              21 19
              19 44
              ;
set F[130] := 8 2
              2 1
              1 3
              3 17
              17 22
              22 20
              20 45
              ;
set F[131] := 8 2
              2 1
              1 3
              3 23
              23 21
              21 46
              ;
set F[132] := 8 2
              2 1
              1 3
              3 17
              17 22
              22 47
              ;
set F[133] := 8 2
              2 1
              1 3
              3 17
              17 22
              22 24
              24 49
              ;
set F[134] := 8 2
              2 1
              1 3
              3 23
              23 25
              25 50
              ;
set F[135] := 9 8
              8 2
              2 1
              1 26
              ;
set F[136] := 9 8
              8 2
              2 27
              ;
set F[137] := 9 8
              8 2
              2 1
              1 3
              3 28
              ;
set F[138] := 9 6
              6 5
              5 30
              ;
set F[139] := 9 6
              6 31
              ;
set F[140] := 9 8
              8 33
              ;
set F[141] := 9 11
              11 36
              ;
set F[142] := 9 6
              6 12
              12 37
              ;
set F[143] := 9 6
              6 14
              14 39
              ;
set F[144] := 9 15
              15 40
              ;
set F[145] := 9 8
              8 2
              2 1
              1 3
              3 17
              17 42
              ;
set F[146] := 9 8
              8 2
              2 1
              1 3
              3 23
              23 21
              21 19
              19 18
              18 43
              ;
set F[147] := 9 8
              8 2
              2 1
              1 3
              3 23
              23 21
              21 19
              19 44
              ;
set F[148] := 9 8
              8 2
              2 1
              1 3
              3 17
              17 22
              22 20
              20 45
              ;
set F[149] := 9 8
              8 2
              2 1
              1 3
              3 23
              23 21
              21 46
              ;
set F[150] := 9 8
              8 2
              2 1
              1 3
              3 17
              17 22
              22 47
              ;
set F[151] := 9 8
              8 2
              2 1
              1 3
              3 17
              17 22
              22 24
              24 49
              ;
set F[152] := 9 8
              8 2
              2 1
              1 3
              3 23
              23 25
              25 50
              ;
set F[153] := 10 14
              14 6
              6 5
              5 7
              7 2
              2 1
              1 26
              ;
set F[154] := 10 14
              14 6
              6 5
              5 7
              7 2
              2 27
              ;
set F[155] := 10 14
              14 6
              6 31
              ;
set F[156] := 10 14
              14 6
              6 9
              9 8
              8 33
              ;
set F[157] := 10 14
              14 6
              6 5
              5 7
              7 2
              2 1
              1 3
              3 17
              17 22
              22 20
              20 45
              ;
set F[158] := 10 14
              14 6
              6 5
              5 7
              7 2
              2 1
              1 3
              3 23
              23 21
              21 46
              ;
set F[159] := 10 14
              14 6
              6 5
              5 7
              7 2
              2 1
              1 3
              3 17
              17 22
              22 47
              ;
set F[160] := 11 9
              9 8
              8 2
              2 1
              1 26
              ;
set F[161] := 11 9
              9 8
              8 2
              2 27
              ;
set F[162] := 11 9
              9 8
              8 2
              2 1
              1 3
              3 28
              ;
set F[163] := 11 9
              9 6
              6 5
              5 30
              ;
set F[164] := 11 9
              9 6
              6 31
              ;
set F[165] := 11 9
              9 8
              8 33
              ;
set F[166] := 11 9
              9 34
              ;
set F[167] := 11 9
              9 6
              6 12
              12 37
              ;
set F[168] := 11 9
              9 6
              6 14
              14 39
              ;
set F[169] := 11 9
              9 15
              15 40
              ;
set F[170] := 11 9
              9 8
              8 2
              2 1
              1 3
              3 17
              17 42
              ;
set F[171] := 11 9
              9 8
              8 2
              2 1
              1 3
              3 23
              23 21
              21 19
              19 18
              18 43
              ;
set F[172] := 11 9
              9 8
              8 2
              2 1
              1 3
              3 23
              23 21
              21 19
              19 44
              ;
set F[173] := 11 9
              9 8
              8 2
              2 1
              1 3
              3 17
              17 22
              22 20
              20 45
              ;
set F[174] := 11 9
              9 8
              8 2
              2 1
              1 3
              3 23
              23 21
              21 46
              ;
set F[175] := 11 9
              9 8
              8 2
              2 1
              1 3
              3 17
              17 22
              22 47
              ;
set F[176] := 11 9
              9 8
              8 2
              2 1
              1 3
              3 17
              17 22
              22 24
              24 49
              ;
set F[177] := 11 9
              9 8
              8 2
              2 1
              1 3
              3 23
              23 25
              25 50
              ;
set F[178] := 13 6
              6 5
              5 7
              7 2
              2 1
              1 26
              ;
set F[179] := 13 6
              6 5
              5 7
              7 2
              2 27
              ;
set F[180] := 13 6
              6 5
              5 7
              7 2
              2 1
              1 3
              3 28
              ;
set F[181] := 13 6
              6 5
              5 30
              ;
set F[182] := 13 6
              6 31
              ;
set F[183] := 13 6
              6 9
              9 8
              8 33
              ;
set F[184] := 13 6
              6 9
              9 34
              ;
set F[185] := 13 6
              6 9
              9 11
              11 36
              ;
set F[186] := 13 6
              6 12
              12 37
              ;
set F[187] := 13 6
              6 14
              14 39
              ;
set F[188] := 13 6
              6 9
              9 15
              15 40
              ;
set F[189] := 13 6
              6 5
              5 7
              7 2
              2 1
              1 3
              3 17
              17 42
              ;
set F[190] := 13 6
              6 5
              5 7
              7 2
              2 1
              1 3
              3 23
              23 21
              21 19
              19 18
              18 43
              ;
set F[191] := 13 6
              6 5
              5 7
              7 2
              2 1
              1 3
              3 23
              23 21
              21 19
              19 44
              ;
set F[192] := 13 6
              6 5
              5 7
              7 2
              2 1
              1 3
              3 17
              17 22
              22 20
              20 45
              ;
set F[193] := 13 6
              6 5
              5 7
              7 2
              2 1
              1 3
              3 23
              23 21
              21 46
              ;
set F[194] := 13 6
              6 5
              5 7
              7 2
              2 1
              1 3
              3 17
              17 22
              22 47
              ;
set F[195] := 13 6
              6 5
              5 7
              7 2
              2 1
              1 3
              3 17
              17 22
              22 24
              24 49
              ;
set F[196] := 13 6
              6 5
              5 7
              7 2
              2 1
              1 3
              3 23
              23 25
              25 50
              ;
set F[197] := 14 6
              6 5
              5 7
              7 2
              2 1
              1 26
              ;
set F[198] := 14 6
              6 5
              5 7
              7 2
              2 27
              ;
set F[199] := 14 6
              6 5
              5 7
              7 2
              2 1
              1 3
              3 28
              ;
set F[200] := 14 6
              6 31
              ;
set F[201] := 14 6
              6 9
              9 8
              8 33
              ;
set F[202] := 14 6
              6 5
              5 7
              7 2
              2 1
              1 3
              3 23
              23 21
              21 19
              19 44
              ;
set F[203] := 14 6
              6 5
              5 7
              7 2
              2 1
              1 3
              3 17
              17 22
              22 20
              20 45
              ;
set F[204] := 14 6
              6 5
              5 7
              7 2
              2 1
              1 3
              3 23
              23 21
              21 46
              ;
set F[205] := 14 6
              6 5
              5 7
              7 2
              2 1
              1 3
              3 17
              17 22
              22 47
              ;
set F[206] := 15 9
              9 8
              8 2
              2 1
              1 26
              ;
set F[207] := 15 9
              9 8
              8 2
              2 27
              ;
set F[208] := 15 9
              9 8
              8 2
              2 1
              1 3
              3 28
              ;
set F[209] := 15 9
              9 6
              6 5
              5 30
              ;
set F[210] := 15 9
              9 6
              6 31
              ;
set F[211] := 15 9
              9 8
              8 33
              ;
set F[212] := 15 9
              9 11
              11 36
              ;
set F[213] := 15 9
              9 6
              6 14
              14 39
              ;
set F[214] := 15 9
              9 8
              8 2
              2 1
              1 3
              3 23
              23 21
              21 19
              19 18
              18 43
              ;
set F[215] := 15 9
              9 8
              8 2
              2 1
              1 3
              3 23
              23 21
              21 19
              19 44
              ;
set F[216] := 15 9
              9 8
              8 2
              2 1
              1 3
              3 17
              17 22
              22 20
              20 45
              ;
set F[217] := 15 9
              9 8
              8 2
              2 1
              1 3
              3 23
              23 21
              21 46
              ;
set F[218] := 15 9
              9 8
              8 2
              2 1
              1 3
              3 17
              17 22
              22 47
              ;
set F[219] := 15 9
              9 8
              8 2
              2 1
              1 3
              3 23
              23 25
              25 50
              ;
set F[220] := 16 23
              23 3
              3 1
              1 26
              ;
set F[221] := 16 23
              23 3
              3 1
              1 2
              2 27
              ;
set F[222] := 16 23
              23 3
              3 28
              ;
set F[223] := 16 23
              23 3
              3 1
              1 2
              2 7
              7 5
              5 30
              ;
set F[224] := 16 23
              23 3
              3 1
              1 2
              2 7
              7 5
              5 6
              6 31
              ;
set F[225] := 16 23
              23 3
              3 1
              1 2
              2 8
              8 33
              ;
set F[226] := 16 23
              23 3
              3 1
              1 2
              2 8
              8 9
              9 34
              ;
set F[227] := 16 23
              23 3
              3 1
              1 2
              2 8
              8 9
              9 11
              11 36
              ;
set F[228] := 16 23
              23 3
              3 1
              1 2
              2 7
              7 5
              5 6
              6 12
              12 37
              ;
set F[229] := 16 23
              23 3
              3 1
              1 2
              2 7
              7 5
              5 6
              6 14
              14 39
              ;
set F[230] := 16 23
              23 3
              3 1
              1 2
              2 8
              8 9
              9 15
              15 40
              ;
set F[231] := 16 23
              23 3
              3 17
              17 42
              ;
set F[232] := 16 23
              23 21
              21 19
              19 18
              18 43
              ;
set F[233] := 16 23
              23 21
              21 19
              19 44
              ;
set F[234] := 16 23
              23 21
              21 19
              19 20
              20 45
              ;
set F[235] := 16 23
              23 21
              21 46
              ;
set F[236] := 16 23
              23 3
              3 17
              17 22
              22 47
              ;
set F[237] := 16 23
              23 3
              3 17
              17 22
              22 24
              24 49
              ;
set F[238] := 16 23
              23 25
              25 50
              ;
set F[239] := 17 3
              3 1
              1 26
              ;
set F[240] := 17 3
              3 1
              1 2
              2 27
              ;
set F[241] := 17 3
              3 28
              ;
set F[242] := 17 3
              3 1
              1 2
              2 7
              7 5
              5 30
              ;
set F[243] := 17 3
              3 1
              1 2
              2 7
              7 5
              5 6
              6 31
              ;
set F[244] := 17 3
              3 1
              1 2
              2 8
              8 33
              ;
set F[245] := 17 3
              3 1
              1 2
              2 7
              7 5
              5 6
              6 14
              14 39
              ;
set F[246] := 17 22
              22 20
              20 19
              19 44
              ;
set F[247] := 17 22
              22 20
              20 45
              ;
set F[248] := 17 3
              3 23
              23 21
              21 46
              ;
set F[249] := 17 22
              22 47
              ;
set F[250] := 18 19
              19 21
              21 23
              23 3
              3 1
              1 26
              ;
set F[251] := 18 19
              19 21
              21 23
              23 3
              3 1
              1 2
              2 27
              ;
set F[252] := 18 19
              19 21
              21 23
              23 3
              3 1
              1 2
              2 7
              7 5
              5 6
              6 31
              ;
set F[253] := 18 19
              19 21
              21 23
              23 3
              3 1
              1 2
              2 8
              8 33
              ;
set F[254] := 18 19
              19 21
              21 23
              23 3
              3 1
              1 2
              2 7
              7 5
              5 6
              6 14
              14 39
              ;
set F[255] := 18 19
              19 44
              ;
set F[256] := 18 19
              19 20
              20 45
              ;
set F[257] := 18 19
              19 21
              21 46
              ;
set F[258] := 18 19
              19 20
              20 22
              22 47
              ;
set F[259] := 19 21
              21 23
              23 3
              3 1
              1 26
              ;
set F[260] := 19 21
              21 23
              23 3
              3 1
              1 2
              2 27
              ;
set F[261] := 19 21
              21 23
              23 3
              3 28
              ;
set F[262] := 19 21
              21 23
              23 3
              3 1
              1 2
              2 7
              7 5
              5 30
              ;
set F[263] := 19 21
              21 23
              23 3
              3 1
              1 2
              2 7
              7 5
              5 6
              6 31
              ;
set F[264] := 19 21
              21 23
              23 3
              3 1
              1 2
              2 7
              7 32
              ;
set F[265] := 19 21
              21 23
              23 3
              3 1
              1 2
              2 8
              8 33
              ;
set F[266] := 19 21
              21 23
              23 3
              3 1
              1 2
              2 8
              8 9
              9 34
              ;
set F[267] := 19 21
              21 23
              23 3
              3 1
              1 2
              2 8
              8 9
              9 11
              11 36
              ;
set F[268] := 19 21
              21 23
              23 3
              3 1
              1 2
              2 7
              7 5
              5 6
              6 12
              12 37
              ;
set F[269] := 19 21
              21 23
              23 3
              3 1
              1 2
              2 7
              7 5
              5 6
              6 13
              13 38
              ;
set F[270] := 19 21
              21 23
              23 3
              3 1
              1 2
              2 7
              7 5
              5 6
              6 14
              14 39
              ;
set F[271] := 19 21
              21 23
              23 3
              3 1
              1 2
              2 8
              8 9
              9 15
              15 40
              ;
set F[272] := 19 20
              20 22
              22 17
              17 42
              ;
set F[273] := 19 18
              18 43
              ;
set F[274] := 19 20
              20 45
              ;
set F[275] := 19 21
              21 46
              ;
set F[276] := 19 20
              20 22
              22 47
              ;
set F[277] := 19 20
              20 22
              22 24
              24 49
              ;
set F[278] := 19 21
              21 23
              23 25
              25 50
              ;
set F[279] := 20 22
              22 17
              17 3
              3 1
              1 26
              ;
set F[280] := 20 22
              22 17
              17 3
              3 1
              1 2
              2 27
              ;
set F[281] := 20 22
              22 17
              17 3
              3 28
              ;
set F[282] := 20 22
              22 17
              17 3
              3 1
              1 2
              2 7
              7 5
              5 30
              ;
set F[283] := 20 22
              22 17
              17 3
              3 1
              1 2
              2 7
              7 5
              5 6
              6 31
              ;
set F[284] := 20 22
              22 17
              17 3
              3 1
              1 2
              2 8
              8 33
              ;
set F[285] := 20 22
              22 17
              17 3
              3 1
              1 2
              2 8
              8 9
              9 34
              ;
set F[286] := 20 22
              22 17
              17 3
              3 1
              1 2
              2 8
              8 9
              9 11
              11 36
              ;
set F[287] := 20 22
              22 17
              17 3
              3 1
              1 2
              2 7
              7 5
              5 6
              6 12
              12 37
              ;
set F[288] := 20 22
              22 17
              17 3
              3 1
              1 2
              2 7
              7 5
              5 6
              6 14
              14 39
              ;
set F[289] := 20 22
              22 17
              17 3
              3 1
              1 2
              2 8
              8 9
              9 15
              15 40
              ;
set F[290] := 20 22
              22 17
              17 42
              ;
set F[291] := 20 19
              19 18
              18 43
              ;
set F[292] := 20 19
              19 44
              ;
set F[293] := 20 19
              19 21
              21 46
              ;
set F[294] := 20 22
              22 47
              ;
set F[295] := 20 22
              22 24
              24 49
              ;
set F[296] := 20 19
              19 21
              21 23
              23 25
              25 50
              ;
set F[297] := 21 23
              23 3
              3 1
              1 26
              ;
set F[298] := 21 23
              23 3
              3 1
              1 2
              2 27
              ;
set F[299] := 21 23
              23 3
              3 28
              ;
set F[300] := 21 23
              23 3
              3 1
              1 2
              2 7
              7 5
              5 30
              ;
set F[301] := 21 23
              23 3
              3 1
              1 2
              2 7
              7 5
              5 6
              6 31
              ;
set F[302] := 21 23
              23 3
              3 1
              1 2
              2 8
              8 33
              ;
set F[303] := 21 23
              23 3
              3 1
              1 2
              2 8
              8 9
              9 34
              ;
set F[304] := 21 23
              23 3
              3 1
              1 2
              2 8
              8 9
              9 11
              11 36
              ;
set F[305] := 21 23
              23 3
              3 1
              1 2
              2 7
              7 5
              5 6
              6 12
              12 37
              ;
set F[306] := 21 23
              23 3
              3 1
              1 2
              2 7
              7 5
              5 6
              6 14
              14 39
              ;
set F[307] := 21 23
              23 3
              3 1
              1 2
              2 8
              8 9
              9 15
              15 40
              ;
set F[308] := 21 23
              23 3
              3 17
              17 42
              ;
set F[309] := 21 19
              19 18
              18 43
              ;
set F[310] := 21 19
              19 44
              ;
set F[311] := 21 19
              19 20
              20 45
              ;
set F[312] := 21 19
              19 20
              20 22
              22 47
              ;
set F[313] := 21 19
              19 20
              20 22
              22 24
              24 49
              ;
set F[314] := 21 23
              23 25
              25 50
              ;
set F[315] := 22 17
              17 3
              3 1
              1 26
              ;
set F[316] := 22 17
              17 3
              3 1
              1 2
              2 27
              ;
set F[317] := 22 17
              17 3
              3 28
              ;
set F[318] := 22 17
              17 3
              3 1
              1 2
              2 7
              7 5
              5 30
              ;
set F[319] := 22 17
              17 3
              3 1
              1 2
              2 7
              7 5
              5 6
              6 31
              ;
set F[320] := 22 17
              17 3
              3 1
              1 2
              2 8
              8 33
              ;
set F[321] := 22 17
              17 3
              3 1
              1 2
              2 8
              8 9
              9 34
              ;
set F[322] := 22 17
              17 3
              3 1
              1 2
              2 8
              8 9
              9 11
              11 36
              ;
set F[323] := 22 17
              17 3
              3 1
              1 2
              2 7
              7 5
              5 6
              6 12
              12 37
              ;
set F[324] := 22 17
              17 3
              3 1
              1 2
              2 7
              7 5
              5 6
              6 14
              14 39
              ;
set F[325] := 22 17
              17 3
              3 1
              1 2
              2 8
              8 9
              9 15
              15 40
              ;
set F[326] := 22 17
              17 42
              ;
set F[327] := 22 20
              20 19
              19 18
              18 43
              ;
set F[328] := 22 20
              20 19
              19 44
              ;
set F[329] := 22 20
              20 45
              ;
set F[330] := 22 20
              20 19
              19 21
              21 46
              ;
set F[331] := 22 24
              24 49
              ;
set F[332] := 22 17
              17 3
              3 23
              23 25
              25 50
              ;
set F[333] := 23 3
              3 1
              1 26
              ;
set F[334] := 23 3
              3 1
              1 2
              2 27
              ;
set F[335] := 23 3
              3 28
              ;
set F[336] := 23 3
              3 1
              1 2
              2 7
              7 5
              5 30
              ;
set F[337] := 23 3
              3 1
              1 2
              2 7
              7 5
              5 6
              6 31
              ;
set F[338] := 23 3
              3 1
              1 2
              2 7
              7 32
              ;
set F[339] := 23 3
              3 1
              1 2
              2 8
              8 33
              ;
set F[340] := 23 3
              3 1
              1 2
              2 8
              8 9
              9 34
              ;
set F[341] := 23 3
              3 1
              1 2
              2 8
              8 9
              9 11
              11 36
              ;
set F[342] := 23 3
              3 1
              1 2
              2 7
              7 5
              5 6
              6 12
              12 37
              ;
set F[343] := 23 3
              3 1
              1 2
              2 7
              7 5
              5 6
              6 13
              13 38
              ;
set F[344] := 23 3
              3 1
              1 2
              2 7
              7 5
              5 6
              6 14
              14 39
              ;
set F[345] := 23 3
              3 1
              1 2
              2 8
              8 9
              9 15
              15 40
              ;
set F[346] := 23 3
              3 17
              17 42
              ;
set F[347] := 23 21
              21 19
              19 18
              18 43
              ;
set F[348] := 23 21
              21 19
              19 44
              ;
set F[349] := 23 21
              21 19
              19 20
              20 45
              ;
set F[350] := 23 21
              21 46
              ;
set F[351] := 23 3
              3 17
              17 22
              22 47
              ;
set F[352] := 23 3
              3 17
              17 22
              22 24
              24 49
              ;
set F[353] := 23 25
              25 50
              ;
set F[354] := 25 23
              23 3
              3 1
              1 26
              ;
set F[355] := 25 23
              23 3
              3 1
              1 2
              2 27
              ;
set F[356] := 25 23
              23 3
              3 1
              1 2
              2 7
              7 5
              5 6
              6 31
              ;
set F[357] := 25 23
              23 3
              3 1
              1 2
              2 8
              8 33
              ;
set F[358] := 25 23
              23 21
              21 19
              19 20
              20 45
              ;
set F[359] := 25 23
              23 21
              21 46
              ;
set F[360] := 25 23
              23 3
              3 17
              17 22
              22 47
              ;
set Last[1] := 2 27;
set Last[2] := 3 28;
set Last[3] := 5 30;
set Last[4] := 6 31;
set Last[5] := 7 32;
set Last[6] := 8 33;
set Last[7] := 9 34;
set Last[8] := 11 36;
set Last[9] := 12 37;
set Last[10] := 13 38;
set Last[11] := 14 39;
set Last[12] := 15 40;
set Last[13] := 17 42;
set Last[14] := 18 43;
set Last[15] := 19 44;
set Last[16] := 20 45;
set Last[17] := 21 46;
set Last[18] := 22 47;
set Last[19] := 24 49;
set Last[20] := 25 50;
set Last[21] := 1 26;
set Last[22] := 3 28;
set Last[23] := 5 30;
set Last[24] := 6 31;
set Last[25] := 7 32;
set Last[26] := 8 33;
set Last[27] := 9 34;
set Last[28] := 11 36;
set Last[29] := 12 37;
set Last[30] := 13 38;
set Last[31] := 14 39;
set Last[32] := 15 40;
set Last[33] := 17 42;
set Last[34] := 18 43;
set Last[35] := 19 44;
set Last[36] := 20 45;
set Last[37] := 21 46;
set Last[38] := 22 47;
set Last[39] := 24 49;
set Last[40] := 25 50;
set Last[41] := 1 26;
set Last[42] := 2 27;
set Last[43] := 5 30;
set Last[44] := 6 31;
set Last[45] := 8 33;
set Last[46] := 9 34;
set Last[47] := 11 36;
set Last[48] := 12 37;
set Last[49] := 14 39;
set Last[50] := 15 40;
set Last[51] := 17 42;
set Last[52] := 18 43;
set Last[53] := 19 44;
set Last[54] := 20 45;
set Last[55] := 21 46;
set Last[56] := 22 47;
set Last[57] := 24 49;
set Last[58] := 25 50;
set Last[59] := 1 26;
set Last[60] := 1 26;
set Last[61] := 2 27;
set Last[62] := 3 28;
set Last[63] := 6 31;
set Last[64] := 8 33;
set Last[65] := 9 34;
set Last[66] := 11 36;
set Last[67] := 12 37;
set Last[68] := 14 39;
set Last[69] := 15 40;
set Last[70] := 17 42;
set Last[71] := 18 43;
set Last[72] := 19 44;
set Last[73] := 20 45;
set Last[74] := 21 46;
set Last[75] := 22 47;
set Last[76] := 24 49;
set Last[77] := 25 50;
set Last[78] := 1 26;
set Last[79] := 2 27;
set Last[80] := 3 28;
set Last[81] := 5 30;
set Last[82] := 7 32;
set Last[83] := 8 33;
set Last[84] := 9 34;
set Last[85] := 11 36;
set Last[86] := 12 37;
set Last[87] := 13 38;
set Last[88] := 14 39;
set Last[89] := 15 40;
set Last[90] := 17 42;
set Last[91] := 18 43;
set Last[92] := 19 44;
set Last[93] := 20 45;
set Last[94] := 21 46;
set Last[95] := 22 47;
set Last[96] := 24 49;
set Last[97] := 25 50;
set Last[98] := 1 26;
set Last[99] := 2 27;
set Last[100] := 3 28;
set Last[101] := 5 30;
set Last[102] := 6 31;
set Last[103] := 8 33;
set Last[104] := 9 34;
set Last[105] := 11 36;
set Last[106] := 12 37;
set Last[107] := 14 39;
set Last[108] := 15 40;
set Last[109] := 17 42;
set Last[110] := 18 43;
set Last[111] := 19 44;
set Last[112] := 20 45;
set Last[113] := 21 46;
set Last[114] := 22 47;
set Last[115] := 24 49;
set Last[116] := 25 50;
set Last[117] := 1 26;
set Last[118] := 2 27;
set Last[119] := 3 28;
set Last[120] := 5 30;
set Last[121] := 6 31;
set Last[122] := 9 34;
set Last[123] := 11 36;
set Last[124] := 12 37;
set Last[125] := 14 39;
set Last[126] := 15 40;
set Last[127] := 17 42;
set Last[128] := 18 43;
set Last[129] := 19 44;
set Last[130] := 20 45;
set Last[131] := 21 46;
set Last[132] := 22 47;
set Last[133] := 24 49;
set Last[134] := 25 50;
set Last[135] := 1 26;
set Last[136] := 2 27;
set Last[137] := 3 28;
set Last[138] := 5 30;
set Last[139] := 6 31;
set Last[140] := 8 33;
set Last[141] := 11 36;
set Last[142] := 12 37;
set Last[143] := 14 39;
set Last[144] := 15 40;
set Last[145] := 17 42;
set Last[146] := 18 43;
set Last[147] := 19 44;
set Last[148] := 20 45;
set Last[149] := 21 46;
set Last[150] := 22 47;
set Last[151] := 24 49;
set Last[152] := 25 50;
set Last[153] := 1 26;
set Last[154] := 2 27;
set Last[155] := 6 31;
set Last[156] := 8 33;
set Last[157] := 20 45;
set Last[158] := 21 46;
set Last[159] := 22 47;
set Last[160] := 1 26;
set Last[161] := 2 27;
set Last[162] := 3 28;
set Last[163] := 5 30;
set Last[164] := 6 31;
set Last[165] := 8 33;
set Last[166] := 9 34;
set Last[167] := 12 37;
set Last[168] := 14 39;
set Last[169] := 15 40;
set Last[170] := 17 42;
set Last[171] := 18 43;
set Last[172] := 19 44;
set Last[173] := 20 45;
set Last[174] := 21 46;
set Last[175] := 22 47;
set Last[176] := 24 49;
set Last[177] := 25 50;
set Last[178] := 1 26;
set Last[179] := 2 27;
set Last[180] := 3 28;
set Last[181] := 5 30;
set Last[182] := 6 31;
set Last[183] := 8 33;
set Last[184] := 9 34;
set Last[185] := 11 36;
set Last[186] := 12 37;
set Last[187] := 14 39;
set Last[188] := 15 40;
set Last[189] := 17 42;
set Last[190] := 18 43;
set Last[191] := 19 44;
set Last[192] := 20 45;
set Last[193] := 21 46;
set Last[194] := 22 47;
set Last[195] := 24 49;
set Last[196] := 25 50;
set Last[197] := 1 26;
set Last[198] := 2 27;
set Last[199] := 3 28;
set Last[200] := 6 31;
set Last[201] := 8 33;
set Last[202] := 19 44;
set Last[203] := 20 45;
set Last[204] := 21 46;
set Last[205] := 22 47;
set Last[206] := 1 26;
set Last[207] := 2 27;
set Last[208] := 3 28;
set Last[209] := 5 30;
set Last[210] := 6 31;
set Last[211] := 8 33;
set Last[212] := 11 36;
set Last[213] := 14 39;
set Last[214] := 18 43;
set Last[215] := 19 44;
set Last[216] := 20 45;
set Last[217] := 21 46;
set Last[218] := 22 47;
set Last[219] := 25 50;
set Last[220] := 1 26;
set Last[221] := 2 27;
set Last[222] := 3 28;
set Last[223] := 5 30;
set Last[224] := 6 31;
set Last[225] := 8 33;
set Last[226] := 9 34;
set Last[227] := 11 36;
set Last[228] := 12 37;
set Last[229] := 14 39;
set Last[230] := 15 40;
set Last[231] := 17 42;
set Last[232] := 18 43;
set Last[233] := 19 44;
set Last[234] := 20 45;
set Last[235] := 21 46;
set Last[236] := 22 47;
set Last[237] := 24 49;
set Last[238] := 25 50;
set Last[239] := 1 26;
set Last[240] := 2 27;
set Last[241] := 3 28;
set Last[242] := 5 30;
set Last[243] := 6 31;
set Last[244] := 8 33;
set Last[245] := 14 39;
set Last[246] := 19 44;
set Last[247] := 20 45;
set Last[248] := 21 46;
set Last[249] := 22 47;
set Last[250] := 1 26;
set Last[251] := 2 27;
set Last[252] := 6 31;
set Last[253] := 8 33;
set Last[254] := 14 39;
set Last[255] := 19 44;
set Last[256] := 20 45;
set Last[257] := 21 46;
set Last[258] := 22 47;
set Last[259] := 1 26;
set Last[260] := 2 27;
set Last[261] := 3 28;
set Last[262] := 5 30;
set Last[263] := 6 31;
set Last[264] := 7 32;
set Last[265] := 8 33;
set Last[266] := 9 34;
set Last[267] := 11 36;
set Last[268] := 12 37;
set Last[269] := 13 38;
set Last[270] := 14 39;
set Last[271] := 15 40;
set Last[272] := 17 42;
set Last[273] := 18 43;
set Last[274] := 20 45;
set Last[275] := 21 46;
set Last[276] := 22 47;
set Last[277] := 24 49;
set Last[278] := 25 50;
set Last[279] := 1 26;
set Last[280] := 2 27;
set Last[281] := 3 28;
set Last[282] := 5 30;
set Last[283] := 6 31;
set Last[284] := 8 33;
set Last[285] := 9 34;
set Last[286] := 11 36;
set Last[287] := 12 37;
set Last[288] := 14 39;
set Last[289] := 15 40;
set Last[290] := 17 42;
set Last[291] := 18 43;
set Last[292] := 19 44;
set Last[293] := 21 46;
set Last[294] := 22 47;
set Last[295] := 24 49;
set Last[296] := 25 50;
set Last[297] := 1 26;
set Last[298] := 2 27;
set Last[299] := 3 28;
set Last[300] := 5 30;
set Last[301] := 6 31;
set Last[302] := 8 33;
set Last[303] := 9 34;
set Last[304] := 11 36;
set Last[305] := 12 37;
set Last[306] := 14 39;
set Last[307] := 15 40;
set Last[308] := 17 42;
set Last[309] := 18 43;
set Last[310] := 19 44;
set Last[311] := 20 45;
set Last[312] := 22 47;
set Last[313] := 24 49;
set Last[314] := 25 50;
set Last[315] := 1 26;
set Last[316] := 2 27;
set Last[317] := 3 28;
set Last[318] := 5 30;
set Last[319] := 6 31;
set Last[320] := 8 33;
set Last[321] := 9 34;
set Last[322] := 11 36;
set Last[323] := 12 37;
set Last[324] := 14 39;
set Last[325] := 15 40;
set Last[326] := 17 42;
set Last[327] := 18 43;
set Last[328] := 19 44;
set Last[329] := 20 45;
set Last[330] := 21 46;
set Last[331] := 24 49;
set Last[332] := 25 50;
set Last[333] := 1 26;
set Last[334] := 2 27;
set Last[335] := 3 28;
set Last[336] := 5 30;
set Last[337] := 6 31;
set Last[338] := 7 32;
set Last[339] := 8 33;
set Last[340] := 9 34;
set Last[341] := 11 36;
set Last[342] := 12 37;
set Last[343] := 13 38;
set Last[344] := 14 39;
set Last[345] := 15 40;
set Last[346] := 17 42;
set Last[347] := 18 43;
set Last[348] := 19 44;
set Last[349] := 20 45;
set Last[350] := 21 46;
set Last[351] := 22 47;
set Last[352] := 24 49;
set Last[353] := 25 50;
set Last[354] := 1 26;
set Last[355] := 2 27;
set Last[356] := 6 31;
set Last[357] := 8 33;
set Last[358] := 20 45;
set Last[359] := 21 46;
set Last[360] := 22 47;

param q := 5;

end;
