data;

set V := 1 2 3 4 5 6 7 8 9 10 11 12 13 14 15 16 17 18 19 20 21 22 23 24 25 26 27 28 29 30;

set A := 1 4
         1 5
         1 16
         2 3
         2 5
         2 17
         3 2
         3 6
         3 18
         4 1
         4 6
         4 19
         5 1
         5 2
         5 20
         6 3
         6 4
         6 7
         6 15
         6 21
         7 6
         7 9
         7 22
         8 9
         8 10
         8 23
         9 7
         9 8
         9 24
         10 8
         10 11
         10 25
         11 10
         11 12
         11 26
         12 11
         12 13
         12 27
         13 12
         13 14
         13 28
         14 13
         14 15
         14 29
         15 6
         15 14
         15 30
         ;

set S := 1 2 3 4 5 6 7 8 9 10 11 12 13 14 15 16 17 18 19 20 21 22 23 24 25 26 27 28 29 30 31 32 33 34 35 36 37 38 39 40 41 42 43 44 45 46 47 48 49 50 51 52 53 54 55 56 57 58 59 60 61 62 63 64 65 66 67 68 69 70 71 72 73 74 75 76 77 78 79 80 81 82 83 84 85 86 87 88 89 90 91 92 93 94 95 96 97 98 99 100 101 102 103 104 105 106 107 108 109 110 111 112 113 114 115 116 117 118 119 120 121 122 123 124 125 126 127 128 129 130 131 132 133 134 135 136 137 138 139 140 141 142 143 144 145 146 147 148 149 150 151 152 153 154 155 156 157 158 159 160 161 162 163 164 165 166 167 168 169 170 171 172 173 174 175 176 177 178 179 180 181 182 183 184 185 186 187 188 189 190 191 192 193 194 195 196 197 198 199 200 201 202 203 204 205 206 207 208 209 210;

set F[1] := 1 5
            5 2
            2 17
            ;
set F[2] := 1 4
            4 6
            6 3
            3 18
            ;
set F[3] := 1 4
            4 19
            ;
set F[4] := 1 5
            5 20
            ;
set F[5] := 1 4
            4 6
            6 21
            ;
set F[6] := 1 4
            4 6
            6 7
            7 22
            ;
set F[7] := 1 4
            4 6
            6 7
            7 9
            9 8
            8 23
            ;
set F[8] := 1 4
            4 6
            6 7
            7 9
            9 24
            ;
set F[9] := 1 4
            4 6
            6 7
            7 9
            9 8
            8 10
            10 25
            ;
set F[10] := 1 4
             4 6
             6 15
             15 14
             14 13
             13 12
             12 11
             11 26
             ;
set F[11] := 1 4
             4 6
             6 15
             15 14
             14 13
             13 12
             12 27
             ;
set F[12] := 1 4
             4 6
             6 15
             15 14
             14 13
             13 28
             ;
set F[13] := 1 4
             4 6
             6 15
             15 14
             14 29
             ;
set F[14] := 1 4
             4 6
             6 15
             15 30
             ;
set F[15] := 2 5
             5 1
             1 16
             ;
set F[16] := 2 3
             3 18
             ;
set F[17] := 2 3
             3 6
             6 4
             4 19
             ;
set F[18] := 2 5
             5 20
             ;
set F[19] := 2 3
             3 6
             6 21
             ;
set F[20] := 2 3
             3 6
             6 7
             7 22
             ;
set F[21] := 2 3
             3 6
             6 7
             7 9
             9 8
             8 23
             ;
set F[22] := 2 3
             3 6
             6 7
             7 9
             9 24
             ;
set F[23] := 2 3
             3 6
             6 7
             7 9
             9 8
             8 10
             10 25
             ;
set F[24] := 2 3
             3 6
             6 15
             15 14
             14 13
             13 12
             12 11
             11 26
             ;
set F[25] := 2 3
             3 6
             6 15
             15 14
             14 13
             13 12
             12 27
             ;
set F[26] := 2 3
             3 6
             6 15
             15 14
             14 13
             13 28
             ;
set F[27] := 2 3
             3 6
             6 15
             15 14
             14 29
             ;
set F[28] := 2 3
             3 6
             6 15
             15 30
             ;
set F[29] := 3 2
             2 5
             5 1
             1 16
             ;
set F[30] := 3 2
             2 17
             ;
set F[31] := 3 6
             6 4
             4 19
             ;
set F[32] := 3 2
             2 5
             5 20
             ;
set F[33] := 3 6
             6 21
             ;
set F[34] := 3 6
             6 7
             7 22
             ;
set F[35] := 3 6
             6 7
             7 9
             9 8
             8 23
             ;
set F[36] := 3 6
             6 7
             7 9
             9 24
             ;
set F[37] := 3 6
             6 7
             7 9
             9 8
             8 10
             10 25
             ;
set F[38] := 3 6
             6 15
             15 14
             14 13
             13 12
             12 11
             11 26
             ;
set F[39] := 3 6
             6 15
             15 14
             14 13
             13 12
             12 27
             ;
set F[40] := 3 6
             6 15
             15 14
             14 13
             13 28
             ;
set F[41] := 3 6
             6 15
             15 14
             14 29
             ;
set F[42] := 3 6
             6 15
             15 30
             ;
set F[43] := 4 1
             1 16
             ;
set F[44] := 4 1
             1 5
             5 2
             2 17
             ;
set F[45] := 4 6
             6 3
             3 18
             ;
set F[46] := 4 1
             1 5
             5 20
             ;
set F[47] := 4 6
             6 21
             ;
set F[48] := 4 6
             6 7
             7 22
             ;
set F[49] := 4 6
             6 7
             7 9
             9 8
             8 23
             ;
set F[50] := 4 6
             6 7
             7 9
             9 24
             ;
set F[51] := 4 6
             6 7
             7 9
             9 8
             8 10
             10 25
             ;
set F[52] := 4 6
             6 15
             15 14
             14 13
             13 12
             12 11
             11 26
             ;
set F[53] := 4 6
             6 15
             15 14
             14 13
             13 12
             12 27
             ;
set F[54] := 4 6
             6 15
             15 14
             14 13
             13 28
             ;
set F[55] := 4 6
             6 15
             15 14
             14 29
             ;
set F[56] := 4 6
             6 15
             15 30
             ;
set F[57] := 5 1
             1 16
             ;
set F[58] := 5 2
             2 17
             ;
set F[59] := 5 2
             2 3
             3 18
             ;
set F[60] := 5 1
             1 4
             4 19
             ;
set F[61] := 5 1
             1 4
             4 6
             6 21
             ;
set F[62] := 5 1
             1 4
             4 6
             6 7
             7 22
             ;
set F[63] := 5 1
             1 4
             4 6
             6 7
             7 9
             9 8
             8 23
             ;
set F[64] := 5 1
             1 4
             4 6
             6 7
             7 9
             9 24
             ;
set F[65] := 5 1
             1 4
             4 6
             6 7
             7 9
             9 8
             8 10
             10 25
             ;
set F[66] := 5 1
             1 4
             4 6
             6 15
             15 14
             14 13
             13 12
             12 11
             11 26
             ;
set F[67] := 5 1
             1 4
             4 6
             6 15
             15 14
             14 13
             13 12
             12 27
             ;
set F[68] := 5 1
             1 4
             4 6
             6 15
             15 14
             14 13
             13 28
             ;
set F[69] := 5 1
             1 4
             4 6
             6 15
             15 14
             14 29
             ;
set F[70] := 5 1
             1 4
             4 6
             6 15
             15 30
             ;
set F[71] := 6 4
             4 1
             1 16
             ;
set F[72] := 6 3
             3 2
             2 17
             ;
set F[73] := 6 3
             3 18
             ;
set F[74] := 6 4
             4 19
             ;
set F[75] := 6 3
             3 2
             2 5
             5 20
             ;
set F[76] := 6 7
             7 22
             ;
set F[77] := 6 7
             7 9
             9 8
             8 23
             ;
set F[78] := 6 7
             7 9
             9 24
             ;
set F[79] := 6 7
             7 9
             9 8
             8 10
             10 25
             ;
set F[80] := 6 15
             15 14
             14 13
             13 12
             12 11
             11 26
             ;
set F[81] := 6 15
             15 14
             14 13
             13 12
             12 27
             ;
set F[82] := 6 15
             15 14
             14 13
             13 28
             ;
set F[83] := 6 15
             15 14
             14 29
             ;
set F[84] := 6 15
             15 30
             ;
set F[85] := 7 6
             6 4
             4 1
             1 16
             ;
set F[86] := 7 6
             6 3
             3 2
             2 17
             ;
set F[87] := 7 6
             6 3
             3 18
             ;
set F[88] := 7 6
             6 4
             4 19
             ;
set F[89] := 7 6
             6 3
             3 2
             2 5
             5 20
             ;
set F[90] := 7 6
             6 21
             ;
set F[91] := 7 9
             9 8
             8 23
             ;
set F[92] := 7 9
             9 24
             ;
set F[93] := 7 9
             9 8
             8 10
             10 25
             ;
set F[94] := 7 9
             9 8
             8 10
             10 11
             11 26
             ;
set F[95] := 7 6
             6 15
             15 14
             14 13
             13 12
             12 27
             ;
set F[96] := 7 6
             6 15
             15 14
             14 13
             13 28
             ;
set F[97] := 7 6
             6 15
             15 14
             14 29
             ;
set F[98] := 7 6
             6 15
             15 30
             ;
set F[99] := 8 9
             9 7
             7 6
             6 4
             4 1
             1 16
             ;
set F[100] := 8 9
              9 7
              7 6
              6 3
              3 2
              2 17
              ;
set F[101] := 8 9
              9 7
              7 6
              6 3
              3 18
              ;
set F[102] := 8 9
              9 7
              7 6
              6 4
              4 19
              ;
set F[103] := 8 9
              9 7
              7 6
              6 3
              3 2
              2 5
              5 20
              ;
set F[104] := 8 9
              9 7
              7 6
              6 21
              ;
set F[105] := 8 9
              9 7
              7 22
              ;
set F[106] := 8 9
              9 24
              ;
set F[107] := 8 10
              10 25
              ;
set F[108] := 8 10
              10 11
              11 26
              ;
set F[109] := 8 10
              10 11
              11 12
              12 27
              ;
set F[110] := 8 10
              10 11
              11 12
              12 13
              13 28
              ;
set F[111] := 8 9
              9 7
              7 6
              6 15
              15 14
              14 29
              ;
set F[112] := 8 9
              9 7
              7 6
              6 15
              15 30
              ;
set F[113] := 9 7
              7 6
              6 4
              4 1
              1 16
              ;
set F[114] := 9 7
              7 6
              6 3
              3 2
              2 17
              ;
set F[115] := 9 7
              7 6
              6 3
              3 18
              ;
set F[116] := 9 7
              7 6
              6 4
              4 19
              ;
set F[117] := 9 7
              7 6
              6 3
              3 2
              2 5
              5 20
              ;
set F[118] := 9 7
              7 6
              6 21
              ;
set F[119] := 9 7
              7 22
              ;
set F[120] := 9 8
              8 23
              ;
set F[121] := 9 8
              8 10
              10 25
              ;
set F[122] := 9 8
              8 10
              10 11
              11 26
              ;
set F[123] := 9 8
              8 10
              10 11
              11 12
              12 27
              ;
set F[124] := 9 7
              7 6
              6 15
              15 14
              14 13
              13 28
              ;
set F[125] := 9 7
              7 6
              6 15
              15 14
              14 29
              ;
set F[126] := 9 7
              7 6
              6 15
              15 30
              ;
set F[127] := 10 8
              8 9
              9 7
              7 6
              6 4
              4 1
              1 16
              ;
set F[128] := 10 8
              8 9
              9 7
              7 6
              6 3
              3 2
              2 17
              ;
set F[129] := 10 8
              8 9
              9 7
              7 6
              6 3
              3 18
              ;
set F[130] := 10 8
              8 9
              9 7
              7 6
              6 4
              4 19
              ;
set F[131] := 10 8
              8 9
              9 7
              7 6
              6 3
              3 2
              2 5
              5 20
              ;
set F[132] := 10 8
              8 9
              9 7
              7 6
              6 21
              ;
set F[133] := 10 8
              8 9
              9 7
              7 22
              ;
set F[134] := 10 8
              8 23
              ;
set F[135] := 10 8
              8 9
              9 24
              ;
set F[136] := 10 11
              11 26
              ;
set F[137] := 10 11
              11 12
              12 27
              ;
set F[138] := 10 11
              11 12
              12 13
              13 28
              ;
set F[139] := 10 11
              11 12
              12 13
              13 14
              14 29
              ;
set F[140] := 10 8
              8 9
              9 7
              7 6
              6 15
              15 30
              ;
set F[141] := 11 10
              10 8
              8 9
              9 7
              7 6
              6 4
              4 1
              1 16
              ;
set F[142] := 11 10
              10 8
              8 9
              9 7
              7 6
              6 3
              3 2
              2 17
              ;
set F[143] := 11 10
              10 8
              8 9
              9 7
              7 6
              6 3
              3 18
              ;
set F[144] := 11 10
              10 8
              8 9
              9 7
              7 6
              6 4
              4 19
              ;
set F[145] := 11 10
              10 8
              8 9
              9 7
              7 6
              6 3
              3 2
              2 5
              5 20
              ;
set F[146] := 11 10
              10 8
              8 9
              9 7
              7 6
              6 21
              ;
set F[147] := 11 10
              10 8
              8 9
              9 7
              7 22
              ;
set F[148] := 11 10
              10 8
              8 23
              ;
set F[149] := 11 10
              10 8
              8 9
              9 24
              ;
set F[150] := 11 10
              10 25
              ;
set F[151] := 11 12
              12 27
              ;
set F[152] := 11 12
              12 13
              13 28
              ;
set F[153] := 11 12
              12 13
              13 14
              14 29
              ;
set F[154] := 11 12
              12 13
              13 14
              14 15
              15 30
              ;
set F[155] := 12 13
              13 14
              14 15
              15 6
              6 4
              4 1
              1 16
              ;
set F[156] := 12 13
              13 14
              14 15
              15 6
              6 3
              3 2
              2 17
              ;
set F[157] := 12 13
              13 14
              14 15
              15 6
              6 3
              3 18
              ;
set F[158] := 12 13
              13 14
              14 15
              15 6
              6 4
              4 19
              ;
set F[159] := 12 13
              13 14
              14 15
              15 6
              6 3
              3 2
              2 5
              5 20
              ;
set F[160] := 12 13
              13 14
              14 15
              15 6
              6 21
              ;
set F[161] := 12 11
              11 10
              10 8
              8 9
              9 7
              7 22
              ;
set F[162] := 12 11
              11 10
              10 8
              8 23
              ;
set F[163] := 12 11
              11 10
              10 8
              8 9
              9 24
              ;
set F[164] := 12 11
              11 10
              10 25
              ;
set F[165] := 12 11
              11 26
              ;
set F[166] := 12 13
              13 28
              ;
set F[167] := 12 13
              13 14
              14 29
              ;
set F[168] := 12 13
              13 14
              14 15
              15 30
              ;
set F[169] := 13 14
              14 15
              15 6
              6 4
              4 1
              1 16
              ;
set F[170] := 13 14
              14 15
              15 6
              6 3
              3 2
              2 17
              ;
set F[171] := 13 14
              14 15
              15 6
              6 3
              3 18
              ;
set F[172] := 13 14
              14 15
              15 6
              6 4
              4 19
              ;
set F[173] := 13 14
              14 15
              15 6
              6 3
              3 2
              2 5
              5 20
              ;
set F[174] := 13 14
              14 15
              15 6
              6 21
              ;
set F[175] := 13 14
              14 15
              15 6
              6 7
              7 22
              ;
set F[176] := 13 12
              12 11
              11 10
              10 8
              8 23
              ;
set F[177] := 13 12
              12 11
              11 10
              10 8
              8 9
              9 24
              ;
set F[178] := 13 12
              12 11
              11 10
              10 25
              ;
set F[179] := 13 12
              12 11
              11 26
              ;
set F[180] := 13 12
              12 27
              ;
set F[181] := 13 14
              14 29
              ;
set F[182] := 13 14
              14 15
              15 30
              ;
set F[183] := 14 15
              15 6
              6 4
              4 1
              1 16
              ;
set F[184] := 14 15
              15 6
              6 3
              3 2
              2 17
              ;
set F[185] := 14 15
              15 6
              6 3
              3 18
              ;
set F[186] := 14 15
              15 6
              6 4
              4 19
              ;
set F[187] := 14 15
              15 6
              6 3
              3 2
              2 5
              5 20
              ;
set F[188] := 14 15
              15 6
              6 21
              ;
set F[189] := 14 15
              15 6
              6 7
              7 22
              ;
set F[190] := 14 13
              13 12
              12 11
              11 10
              10 8
              8 23
              ;
set F[191] := 14 15
              15 6
              6 7
              7 9
              9 24
              ;
set F[192] := 14 13
              13 12
              12 11
              11 10
              10 25
              ;
set F[193] := 14 13
              13 12
              12 11
              11 26
              ;
set F[194] := 14 13
              13 12
              12 27
              ;
set F[195] := 14 13
              13 28
              ;
set F[196] := 14 15
              15 30
              ;
set F[197] := 15 6
              6 4
              4 1
              1 16
              ;
set F[198] := 15 6
              6 3
              3 2
              2 17
              ;
set F[199] := 15 6
              6 3
              3 18
              ;
set F[200] := 15 6
              6 4
              4 19
              ;
set F[201] := 15 6
              6 3
              3 2
              2 5
              5 20
              ;
set F[202] := 15 6
              6 21
              ;
set F[203] := 15 6
              6 7
              7 22
              ;
set F[204] := 15 6
              6 7
              7 9
              9 8
              8 23
              ;
set F[205] := 15 6
              6 7
              7 9
              9 24
              ;
set F[206] := 15 6
              6 7
              7 9
              9 8
              8 10
              10 25
              ;
set F[207] := 15 14
              14 13
              13 12
              12 11
              11 26
              ;
set F[208] := 15 14
              14 13
              13 12
              12 27
              ;
set F[209] := 15 14
              14 13
              13 28
              ;
set F[210] := 15 14
              14 29
              ;
set Last[1] := 2 17;
set Last[2] := 3 18;
set Last[3] := 4 19;
set Last[4] := 5 20;
set Last[5] := 6 21;
set Last[6] := 7 22;
set Last[7] := 8 23;
set Last[8] := 9 24;
set Last[9] := 10 25;
set Last[10] := 11 26;
set Last[11] := 12 27;
set Last[12] := 13 28;
set Last[13] := 14 29;
set Last[14] := 15 30;
set Last[15] := 1 16;
set Last[16] := 3 18;
set Last[17] := 4 19;
set Last[18] := 5 20;
set Last[19] := 6 21;
set Last[20] := 7 22;
set Last[21] := 8 23;
set Last[22] := 9 24;
set Last[23] := 10 25;
set Last[24] := 11 26;
set Last[25] := 12 27;
set Last[26] := 13 28;
set Last[27] := 14 29;
set Last[28] := 15 30;
set Last[29] := 1 16;
set Last[30] := 2 17;
set Last[31] := 4 19;
set Last[32] := 5 20;
set Last[33] := 6 21;
set Last[34] := 7 22;
set Last[35] := 8 23;
set Last[36] := 9 24;
set Last[37] := 10 25;
set Last[38] := 11 26;
set Last[39] := 12 27;
set Last[40] := 13 28;
set Last[41] := 14 29;
set Last[42] := 15 30;
set Last[43] := 1 16;
set Last[44] := 2 17;
set Last[45] := 3 18;
set Last[46] := 5 20;
set Last[47] := 6 21;
set Last[48] := 7 22;
set Last[49] := 8 23;
set Last[50] := 9 24;
set Last[51] := 10 25;
set Last[52] := 11 26;
set Last[53] := 12 27;
set Last[54] := 13 28;
set Last[55] := 14 29;
set Last[56] := 15 30;
set Last[57] := 1 16;
set Last[58] := 2 17;
set Last[59] := 3 18;
set Last[60] := 4 19;
set Last[61] := 6 21;
set Last[62] := 7 22;
set Last[63] := 8 23;
set Last[64] := 9 24;
set Last[65] := 10 25;
set Last[66] := 11 26;
set Last[67] := 12 27;
set Last[68] := 13 28;
set Last[69] := 14 29;
set Last[70] := 15 30;
set Last[71] := 1 16;
set Last[72] := 2 17;
set Last[73] := 3 18;
set Last[74] := 4 19;
set Last[75] := 5 20;
set Last[76] := 7 22;
set Last[77] := 8 23;
set Last[78] := 9 24;
set Last[79] := 10 25;
set Last[80] := 11 26;
set Last[81] := 12 27;
set Last[82] := 13 28;
set Last[83] := 14 29;
set Last[84] := 15 30;
set Last[85] := 1 16;
set Last[86] := 2 17;
set Last[87] := 3 18;
set Last[88] := 4 19;
set Last[89] := 5 20;
set Last[90] := 6 21;
set Last[91] := 8 23;
set Last[92] := 9 24;
set Last[93] := 10 25;
set Last[94] := 11 26;
set Last[95] := 12 27;
set Last[96] := 13 28;
set Last[97] := 14 29;
set Last[98] := 15 30;
set Last[99] := 1 16;
set Last[100] := 2 17;
set Last[101] := 3 18;
set Last[102] := 4 19;
set Last[103] := 5 20;
set Last[104] := 6 21;
set Last[105] := 7 22;
set Last[106] := 9 24;
set Last[107] := 10 25;
set Last[108] := 11 26;
set Last[109] := 12 27;
set Last[110] := 13 28;
set Last[111] := 14 29;
set Last[112] := 15 30;
set Last[113] := 1 16;
set Last[114] := 2 17;
set Last[115] := 3 18;
set Last[116] := 4 19;
set Last[117] := 5 20;
set Last[118] := 6 21;
set Last[119] := 7 22;
set Last[120] := 8 23;
set Last[121] := 10 25;
set Last[122] := 11 26;
set Last[123] := 12 27;
set Last[124] := 13 28;
set Last[125] := 14 29;
set Last[126] := 15 30;
set Last[127] := 1 16;
set Last[128] := 2 17;
set Last[129] := 3 18;
set Last[130] := 4 19;
set Last[131] := 5 20;
set Last[132] := 6 21;
set Last[133] := 7 22;
set Last[134] := 8 23;
set Last[135] := 9 24;
set Last[136] := 11 26;
set Last[137] := 12 27;
set Last[138] := 13 28;
set Last[139] := 14 29;
set Last[140] := 15 30;
set Last[141] := 1 16;
set Last[142] := 2 17;
set Last[143] := 3 18;
set Last[144] := 4 19;
set Last[145] := 5 20;
set Last[146] := 6 21;
set Last[147] := 7 22;
set Last[148] := 8 23;
set Last[149] := 9 24;
set Last[150] := 10 25;
set Last[151] := 12 27;
set Last[152] := 13 28;
set Last[153] := 14 29;
set Last[154] := 15 30;
set Last[155] := 1 16;
set Last[156] := 2 17;
set Last[157] := 3 18;
set Last[158] := 4 19;
set Last[159] := 5 20;
set Last[160] := 6 21;
set Last[161] := 7 22;
set Last[162] := 8 23;
set Last[163] := 9 24;
set Last[164] := 10 25;
set Last[165] := 11 26;
set Last[166] := 13 28;
set Last[167] := 14 29;
set Last[168] := 15 30;
set Last[169] := 1 16;
set Last[170] := 2 17;
set Last[171] := 3 18;
set Last[172] := 4 19;
set Last[173] := 5 20;
set Last[174] := 6 21;
set Last[175] := 7 22;
set Last[176] := 8 23;
set Last[177] := 9 24;
set Last[178] := 10 25;
set Last[179] := 11 26;
set Last[180] := 12 27;
set Last[181] := 14 29;
set Last[182] := 15 30;
set Last[183] := 1 16;
set Last[184] := 2 17;
set Last[185] := 3 18;
set Last[186] := 4 19;
set Last[187] := 5 20;
set Last[188] := 6 21;
set Last[189] := 7 22;
set Last[190] := 8 23;
set Last[191] := 9 24;
set Last[192] := 10 25;
set Last[193] := 11 26;
set Last[194] := 12 27;
set Last[195] := 13 28;
set Last[196] := 15 30;
set Last[197] := 1 16;
set Last[198] := 2 17;
set Last[199] := 3 18;
set Last[200] := 4 19;
set Last[201] := 5 20;
set Last[202] := 6 21;
set Last[203] := 7 22;
set Last[204] := 8 23;
set Last[205] := 9 24;
set Last[206] := 10 25;
set Last[207] := 11 26;
set Last[208] := 12 27;
set Last[209] := 13 28;
set Last[210] := 14 29;

param q := 5;

end;
