data;

set V := 1 2 3 4 5 6 7 8 9 10 11 12 13 14 15 16 17 18 19 20 21 22 23 24 25 26 27 28 29 30 31 32 33 34 35 37 39 40 41 42 43 44 45 46 47 48 49 50 51 52 53 55 56 57 58 59 60 61 62 63 64 66 67 68 69 70 71;

set A := 1 15
         1 37
         2 31
         3 13
         3 39
         4 15
         4 40
         5 28
         5 41
         6 31
         6 42
         7 14
         7 43
         8 44
         9 28
         9 45
         10 30
         10 46
         11 30
         11 47
         12 30
         12 48
         13 3
         13 32
         13 33
         13 49
         14 7
         14 27
         14 33
         14 50
         15 1
         15 4
         15 31
         15 32
         15 51
         16 30
         16 52
         17 30
         17 53
         18 28
         19 28
         19 55
         20 56
         21 28
         21 57
         22 30
         22 58
         23 30
         23 59
         24 60
         25 29
         25 61
         26 29
         26 32
         26 62
         27 63
         28 5
         28 8
         28 9
         28 19
         28 20
         28 21
         28 35
         28 64
         29 24
         29 25
         29 26
         30 10
         30 11
         30 12
         30 16
         30 17
         30 22
         30 23
         30 34
         30 66
         31 6
         31 15
         31 34
         31 67
         32 13
         32 15
         32 26
         32 68
         33 13
         33 14
         33 35
         33 69
         34 30
         34 31
         34 70
         35 28
         35 33
         35 71
         ;

set S := 1 2 3 4 5 6 7 8 9 10 11 12 13 14 15 16 17 18 19 20 21 22 23 24 25 26 27 28 29 30 31 32 33 34 35 36 37 38 39 40 41 42 43 44 45 46 47 48 49 50 51 52 53 54 55 56 57 58 59 60 61 62 63 64 65 66 67 68 69 70 71 72 73 74 75 76 77 78 79 80 81 82 83 84 85 86 87 88 89 90 91 92 93 94 95 96 97 98 99 100 101 102 103 104 105 106 107 108 109 110 111 112 113 114 115 116 117 118 119 120 121 122 123 124 125 126 127 128 129 130 131 132 133 134 135 136 137 138 139 140 141 142 143 144 145 146 147 148 149 150 151 152 153 154 155 156 157 158 159 160 161 162 163 164 165 166 167 168 169 170 171 172 173 174 175 176 177 178 179 180 181 182 183 184 185 186 187 188 189 190 191 192 193 194 195 196 197 198 199 200 201 202 203 204 205 206 207 208 209 210 211 212 213 214 215 216 217 218 219 220 221 222 223 224 225 226 227 228 229 230 231 232 233 234 235 236 237 238 239 240 241 242 243 244 245 246 247 248 249 250 251 252 253 254 255 256 257 258 259 260 261 262 263 264 265 266 267 268 269 270 271 272 273 274 275 276 277 278 279 280 281 282 283 284 285 286 287 288 289 290 291 292 293 294 295 296 297 298 299 300 301 302 303 304 305 306 307 308 309 310 311 312 313 314 315 316 317 318 319 320 321 322 323 324 325 326 327 328 329 330 331 332 333 334 335 336 337 338 339 340 341 342 343 344 345 346 347 348 349 350 351 352 353 354 355 356 357 358 359 360 361 362 363 364 365 366 367 368 369 370 371 372 373 374 375 376 377 378 379 380 381 382 383 384 385 386 387 388 389 390 391 392 393 394 395 396 397 398 399 400 401 402 403 404 405 406 407 408 409 410 411 412 413 414 415 416 417 418 419 420 421 422 423 424 425 426 427 428 429 430 431 432 433 434 435 436 437 438 439 440 441 442 443 444 445 446 447 448 449 450 451 452 453 454 455 456 457 458 459 460 461 462 463 464 465 466 467 468 469 470 471 472 473 474 475 476 477;

set F[1] := 1 15
            15 32
            32 13
            13 49
            ;
set F[2] := 1 15
            15 32
            32 13
            13 33
            33 14
            14 50
            ;
set F[3] := 1 15
            15 51
            ;
set F[4] := 1 15
            15 31
            31 34
            34 30
            30 17
            17 53
            ;
set F[5] := 1 15
            15 31
            31 34
            34 30
            30 23
            23 59
            ;
set F[6] := 1 15
            15 32
            32 26
            26 29
            29 25
            25 61
            ;
set F[7] := 1 15
            15 32
            32 26
            26 62
            ;
set F[8] := 1 15
            15 32
            32 13
            13 33
            33 35
            35 28
            28 64
            ;
set F[9] := 1 15
            15 31
            31 34
            34 30
            30 66
            ;
set F[10] := 1 15
             15 31
             31 67
             ;
set F[11] := 1 15
             15 32
             32 68
             ;
set F[12] := 1 15
             15 32
             32 13
             13 33
             33 69
             ;
set F[13] := 1 15
             15 31
             31 34
             34 70
             ;
set F[14] := 2 31
             31 15
             15 32
             32 13
             13 49
             ;
set F[15] := 2 31
             31 15
             15 32
             32 13
             13 33
             33 14
             14 50
             ;
set F[16] := 2 31
             31 15
             15 51
             ;
set F[17] := 2 31
             31 34
             34 30
             30 17
             17 53
             ;
set F[18] := 2 31
             31 15
             15 32
             32 26
             26 29
             29 25
             25 61
             ;
set F[19] := 2 31
             31 15
             15 32
             32 26
             26 62
             ;
set F[20] := 2 31
             31 15
             15 32
             32 13
             13 33
             33 35
             35 28
             28 64
             ;
set F[21] := 2 31
             31 34
             34 30
             30 66
             ;
set F[22] := 2 31
             31 67
             ;
set F[23] := 2 31
             31 15
             15 32
             32 68
             ;
set F[24] := 2 31
             31 15
             15 32
             32 13
             13 33
             33 69
             ;
set F[25] := 2 31
             31 34
             34 70
             ;
set F[26] := 3 13
             13 49
             ;
set F[27] := 3 13
             13 32
             32 15
             15 51
             ;
set F[28] := 3 13
             13 33
             33 35
             35 28
             28 64
             ;
set F[29] := 3 13
             13 32
             32 15
             15 31
             31 67
             ;
set F[30] := 3 13
             13 32
             32 68
             ;
set F[31] := 3 13
             13 33
             33 69
             ;
set F[32] := 4 15
             15 1
             1 37
             ;
set F[33] := 4 15
             15 32
             32 13
             13 33
             33 35
             35 28
             28 8
             8 44
             ;
set F[34] := 4 15
             15 32
             32 13
             13 49
             ;
set F[35] := 4 15
             15 32
             32 13
             13 33
             33 14
             14 50
             ;
set F[36] := 4 15
             15 51
             ;
set F[37] := 4 15
             15 31
             31 34
             34 30
             30 17
             17 53
             ;
set F[38] := 4 15
             15 32
             32 13
             13 33
             33 35
             35 28
             28 19
             19 55
             ;
set F[39] := 4 15
             15 31
             31 34
             34 30
             30 23
             23 59
             ;
set F[40] := 4 15
             15 32
             32 26
             26 29
             29 25
             25 61
             ;
set F[41] := 4 15
             15 32
             32 26
             26 62
             ;
set F[42] := 4 15
             15 32
             32 13
             13 33
             33 35
             35 28
             28 64
             ;
set F[43] := 4 15
             15 31
             31 34
             34 30
             30 66
             ;
set F[44] := 4 15
             15 31
             31 67
             ;
set F[45] := 4 15
             15 32
             32 68
             ;
set F[46] := 4 15
             15 32
             32 13
             13 33
             33 69
             ;
set F[47] := 4 15
             15 31
             31 34
             34 70
             ;
set F[48] := 5 28
             28 35
             35 33
             33 13
             13 32
             32 15
             15 1
             1 37
             ;
set F[49] := 5 28
             28 8
             8 44
             ;
set F[50] := 5 28
             28 35
             35 33
             33 13
             13 49
             ;
set F[51] := 5 28
             28 35
             35 33
             33 14
             14 50
             ;
set F[52] := 5 28
             28 35
             35 33
             33 13
             13 32
             32 15
             15 51
             ;
set F[53] := 5 28
             28 35
             35 33
             33 13
             13 32
             32 15
             15 31
             31 34
             34 30
             30 17
             17 53
             ;
set F[54] := 5 28
             28 19
             19 55
             ;
set F[55] := 5 28
             28 35
             35 33
             33 13
             13 32
             32 15
             15 31
             31 34
             34 30
             30 23
             23 59
             ;
set F[56] := 5 28
             28 35
             35 33
             33 13
             13 32
             32 26
             26 29
             29 25
             25 61
             ;
set F[57] := 5 28
             28 35
             35 33
             33 13
             13 32
             32 26
             26 62
             ;
set F[58] := 5 28
             28 64
             ;
set F[59] := 5 28
             28 35
             35 33
             33 13
             13 32
             32 15
             15 31
             31 34
             34 30
             30 66
             ;
set F[60] := 5 28
             28 35
             35 33
             33 13
             13 32
             32 15
             15 31
             31 67
             ;
set F[61] := 5 28
             28 35
             35 33
             33 13
             13 32
             32 68
             ;
set F[62] := 5 28
             28 35
             35 33
             33 69
             ;
set F[63] := 5 28
             28 35
             35 33
             33 13
             13 32
             32 15
             15 31
             31 34
             34 70
             ;
set F[64] := 6 31
             31 15
             15 32
             32 13
             13 49
             ;
set F[65] := 6 31
             31 15
             15 51
             ;
set F[66] := 6 31
             31 15
             15 32
             32 13
             13 33
             33 35
             35 28
             28 64
             ;
set F[67] := 6 31
             31 67
             ;
set F[68] := 7 14
             14 33
             33 35
             35 28
             28 64
             ;
set F[69] := 9 28
             28 35
             35 33
             33 13
             13 49
             ;
set F[70] := 9 28
             28 35
             35 33
             33 13
             13 32
             32 15
             15 51
             ;
set F[71] := 9 28
             28 64
             ;
set F[72] := 9 28
             28 35
             35 33
             33 13
             13 32
             32 15
             15 31
             31 67
             ;
set F[73] := 9 28
             28 35
             35 33
             33 13
             13 32
             32 68
             ;
set F[74] := 9 28
             28 35
             35 33
             33 69
             ;
set F[75] := 10 30
             30 34
             34 31
             31 15
             15 1
             1 37
             ;
set F[76] := 10 30
             30 34
             34 31
             31 15
             15 32
             32 13
             13 33
             33 14
             14 7
             7 43
             ;
set F[77] := 10 30
             30 34
             34 31
             31 15
             15 32
             32 13
             13 33
             33 35
             35 28
             28 8
             8 44
             ;
set F[78] := 10 30
             30 12
             12 48
             ;
set F[79] := 10 30
             30 34
             34 31
             31 15
             15 32
             32 13
             13 49
             ;
set F[80] := 10 30
             30 34
             34 31
             31 15
             15 32
             32 13
             13 33
             33 14
             14 50
             ;
set F[81] := 10 30
             30 34
             34 31
             31 15
             15 51
             ;
set F[82] := 10 30
             30 16
             16 52
             ;
set F[83] := 10 30
             30 17
             17 53
             ;
set F[84] := 10 30
             30 34
             34 31
             31 15
             15 32
             32 13
             13 33
             33 35
             35 28
             28 19
             19 55
             ;
set F[85] := 10 30
             30 34
             34 31
             31 15
             15 32
             32 13
             13 33
             33 35
             35 28
             28 21
             21 57
             ;
set F[86] := 10 30
             30 23
             23 59
             ;
set F[87] := 10 30
             30 34
             34 31
             31 15
             15 32
             32 26
             26 29
             29 25
             25 61
             ;
set F[88] := 10 30
             30 34
             34 31
             31 15
             15 32
             32 26
             26 62
             ;
set F[89] := 10 30
             30 34
             34 31
             31 15
             15 32
             32 13
             13 33
             33 14
             14 27
             27 63
             ;
set F[90] := 10 30
             30 34
             34 31
             31 15
             15 32
             32 13
             13 33
             33 35
             35 28
             28 64
             ;
set F[91] := 10 30
             30 66
             ;
set F[92] := 10 30
             30 34
             34 31
             31 67
             ;
set F[93] := 10 30
             30 34
             34 31
             31 15
             15 32
             32 68
             ;
set F[94] := 10 30
             30 34
             34 31
             31 15
             15 32
             32 13
             13 33
             33 69
             ;
set F[95] := 10 30
             30 34
             34 70
             ;
set F[96] := 11 30
             30 34
             34 31
             31 15
             15 32
             32 13
             13 49
             ;
set F[97] := 11 30
             30 34
             34 31
             31 15
             15 32
             32 13
             13 33
             33 14
             14 50
             ;
set F[98] := 11 30
             30 34
             34 31
             31 15
             15 51
             ;
set F[99] := 11 30
             30 34
             34 31
             31 15
             15 32
             32 26
             26 62
             ;
set F[100] := 11 30
              30 34
              34 31
              31 15
              15 32
              32 13
              13 33
              33 35
              35 28
              28 64
              ;
set F[101] := 11 30
              30 34
              34 31
              31 67
              ;
set F[102] := 11 30
              30 34
              34 31
              31 15
              15 32
              32 68
              ;
set F[103] := 11 30
              30 34
              34 31
              31 15
              15 32
              32 13
              13 33
              33 69
              ;
set F[104] := 11 30
              30 34
              34 70
              ;
set F[105] := 12 30
              30 34
              34 31
              31 15
              15 32
              32 13
              13 49
              ;
set F[106] := 12 30
              30 34
              34 31
              31 15
              15 32
              32 13
              13 33
              33 14
              14 50
              ;
set F[107] := 12 30
              30 34
              34 31
              31 15
              15 51
              ;
set F[108] := 12 30
              30 17
              17 53
              ;
set F[109] := 12 30
              30 34
              34 31
              31 15
              15 32
              32 26
              26 29
              29 25
              25 61
              ;
set F[110] := 12 30
              30 34
              34 31
              31 15
              15 32
              32 26
              26 62
              ;
set F[111] := 12 30
              30 34
              34 31
              31 15
              15 32
              32 13
              13 33
              33 35
              35 28
              28 64
              ;
set F[112] := 12 30
              30 66
              ;
set F[113] := 12 30
              30 34
              34 31
              31 67
              ;
set F[114] := 12 30
              30 34
              34 31
              31 15
              15 32
              32 68
              ;
set F[115] := 12 30
              30 34
              34 31
              31 15
              15 32
              32 13
              13 33
              33 69
              ;
set F[116] := 12 30
              30 34
              34 70
              ;
set F[117] := 13 32
              32 15
              15 1
              1 37
              ;
set F[118] := 13 3
              3 39
              ;
set F[119] := 13 32
              32 15
              15 4
              4 40
              ;
set F[120] := 13 33
              33 14
              14 7
              7 43
              ;
set F[121] := 13 33
              33 35
              35 28
              28 8
              8 44
              ;
set F[122] := 13 32
              32 15
              15 31
              31 34
              34 30
              30 10
              10 46
              ;
set F[123] := 13 32
              32 15
              15 31
              31 34
              34 30
              30 11
              11 47
              ;
set F[124] := 13 32
              32 15
              15 31
              31 34
              34 30
              30 12
              12 48
              ;
set F[125] := 13 33
              33 14
              14 50
              ;
set F[126] := 13 32
              32 15
              15 51
              ;
set F[127] := 13 32
              32 15
              15 31
              31 34
              34 30
              30 16
              16 52
              ;
set F[128] := 13 32
              32 15
              15 31
              31 34
              34 30
              30 17
              17 53
              ;
set F[129] := 13 33
              33 35
              35 28
              28 19
              19 55
              ;
set F[130] := 13 33
              33 35
              35 28
              28 21
              21 57
              ;
set F[131] := 13 32
              32 15
              15 31
              31 34
              34 30
              30 22
              22 58
              ;
set F[132] := 13 32
              32 15
              15 31
              31 34
              34 30
              30 23
              23 59
              ;
set F[133] := 13 32
              32 26
              26 29
              29 24
              24 60
              ;
set F[134] := 13 32
              32 26
              26 29
              29 25
              25 61
              ;
set F[135] := 13 32
              32 26
              26 62
              ;
set F[136] := 13 33
              33 14
              14 27
              27 63
              ;
set F[137] := 13 33
              33 35
              35 28
              28 64
              ;
set F[138] := 13 32
              32 15
              15 31
              31 34
              34 30
              30 66
              ;
set F[139] := 13 32
              32 15
              15 31
              31 67
              ;
set F[140] := 13 32
              32 68
              ;
set F[141] := 13 33
              33 69
              ;
set F[142] := 13 32
              32 15
              15 31
              31 34
              34 70
              ;
set F[143] := 13 33
              33 35
              35 71
              ;
set F[144] := 14 33
              33 13
              13 32
              32 15
              15 1
              1 37
              ;
set F[145] := 14 33
              33 13
              13 3
              3 39
              ;
set F[146] := 14 33
              33 13
              13 32
              32 15
              15 4
              4 40
              ;
set F[147] := 14 7
              7 43
              ;
set F[148] := 14 33
              33 35
              35 28
              28 8
              8 44
              ;
set F[149] := 14 33
              33 13
              13 32
              32 15
              15 31
              31 34
              34 30
              30 10
              10 46
              ;
set F[150] := 14 33
              33 13
              13 32
              32 15
              15 31
              31 34
              34 30
              30 11
              11 47
              ;
set F[151] := 14 33
              33 13
              13 32
              32 15
              15 31
              31 34
              34 30
              30 12
              12 48
              ;
set F[152] := 14 33
              33 13
              13 49
              ;
set F[153] := 14 33
              33 13
              13 32
              32 15
              15 51
              ;
set F[154] := 14 33
              33 13
              13 32
              32 15
              15 31
              31 34
              34 30
              30 16
              16 52
              ;
set F[155] := 14 33
              33 13
              13 32
              32 15
              15 31
              31 34
              34 30
              30 17
              17 53
              ;
set F[156] := 14 33
              33 35
              35 28
              28 19
              19 55
              ;
set F[157] := 14 33
              33 35
              35 28
              28 21
              21 57
              ;
set F[158] := 14 33
              33 13
              13 32
              32 15
              15 31
              31 34
              34 30
              30 22
              22 58
              ;
set F[159] := 14 33
              33 13
              13 32
              32 15
              15 31
              31 34
              34 30
              30 23
              23 59
              ;
set F[160] := 14 33
              33 13
              13 32
              32 26
              26 29
              29 24
              24 60
              ;
set F[161] := 14 33
              33 13
              13 32
              32 26
              26 29
              29 25
              25 61
              ;
set F[162] := 14 33
              33 13
              13 32
              32 26
              26 62
              ;
set F[163] := 14 27
              27 63
              ;
set F[164] := 14 33
              33 35
              35 28
              28 64
              ;
set F[165] := 14 33
              33 13
              13 32
              32 15
              15 31
              31 34
              34 30
              30 66
              ;
set F[166] := 14 33
              33 13
              13 32
              32 15
              15 31
              31 67
              ;
set F[167] := 14 33
              33 13
              13 32
              32 68
              ;
set F[168] := 14 33
              33 69
              ;
set F[169] := 14 33
              33 13
              13 32
              32 15
              15 31
              31 34
              34 70
              ;
set F[170] := 14 33
              33 35
              35 71
              ;
set F[171] := 15 1
              1 37
              ;
set F[172] := 15 32
              32 13
              13 33
              33 14
              14 7
              7 43
              ;
set F[173] := 15 32
              32 13
              13 33
              33 35
              35 28
              28 8
              8 44
              ;
set F[174] := 15 31
              31 34
              34 30
              30 10
              10 46
              ;
set F[175] := 15 31
              31 34
              34 30
              30 12
              12 48
              ;
set F[176] := 15 32
              32 13
              13 49
              ;
set F[177] := 15 32
              32 13
              13 33
              33 14
              14 50
              ;
set F[178] := 15 31
              31 34
              34 30
              30 16
              16 52
              ;
set F[179] := 15 31
              31 34
              34 30
              30 17
              17 53
              ;
set F[180] := 15 32
              32 13
              13 33
              33 35
              35 28
              28 19
              19 55
              ;
set F[181] := 15 32
              32 13
              13 33
              33 35
              35 28
              28 21
              21 57
              ;
set F[182] := 15 31
              31 34
              34 30
              30 22
              22 58
              ;
set F[183] := 15 31
              31 34
              34 30
              30 23
              23 59
              ;
set F[184] := 15 32
              32 26
              26 29
              29 25
              25 61
              ;
set F[185] := 15 32
              32 26
              26 62
              ;
set F[186] := 15 32
              32 13
              13 33
              33 14
              14 27
              27 63
              ;
set F[187] := 15 32
              32 13
              13 33
              33 35
              35 28
              28 64
              ;
set F[188] := 15 31
              31 34
              34 30
              30 66
              ;
set F[189] := 15 31
              31 67
              ;
set F[190] := 15 32
              32 68
              ;
set F[191] := 15 32
              32 13
              13 33
              33 69
              ;
set F[192] := 15 31
              31 34
              34 70
              ;
set F[193] := 15 32
              32 13
              13 33
              33 35
              35 71
              ;
set F[194] := 16 30
              30 34
              34 31
              31 15
              15 32
              32 13
              13 33
              33 35
              35 28
              28 64
              ;
set F[195] := 17 30
              30 34
              34 31
              31 15
              15 1
              1 37
              ;
set F[196] := 17 30
              30 34
              34 31
              31 15
              15 32
              32 13
              13 33
              33 35
              35 28
              28 8
              8 44
              ;
set F[197] := 17 30
              30 34
              34 31
              31 15
              15 32
              32 13
              13 49
              ;
set F[198] := 17 30
              30 34
              34 31
              31 15
              15 32
              32 13
              13 33
              33 14
              14 50
              ;
set F[199] := 17 30
              30 34
              34 31
              31 15
              15 51
              ;
set F[200] := 17 30
              30 34
              34 31
              31 15
              15 32
              32 13
              13 33
              33 35
              35 28
              28 19
              19 55
              ;
set F[201] := 17 30
              30 23
              23 59
              ;
set F[202] := 17 30
              30 34
              34 31
              31 15
              15 32
              32 26
              26 29
              29 25
              25 61
              ;
set F[203] := 17 30
              30 34
              34 31
              31 15
              15 32
              32 26
              26 62
              ;
set F[204] := 17 30
              30 34
              34 31
              31 15
              15 32
              32 13
              13 33
              33 35
              35 28
              28 64
              ;
set F[205] := 17 30
              30 66
              ;
set F[206] := 17 30
              30 34
              34 31
              31 67
              ;
set F[207] := 17 30
              30 34
              34 31
              31 15
              15 32
              32 68
              ;
set F[208] := 17 30
              30 34
              34 31
              31 15
              15 32
              32 13
              13 33
              33 69
              ;
set F[209] := 17 30
              30 34
              34 70
              ;
set F[210] := 18 28
              28 35
              35 33
              33 13
              13 49
              ;
set F[211] := 18 28
              28 35
              35 33
              33 14
              14 50
              ;
set F[212] := 18 28
              28 35
              35 33
              33 13
              13 32
              32 15
              15 51
              ;
set F[213] := 18 28
              28 35
              35 33
              33 13
              13 32
              32 15
              15 31
              31 34
              34 30
              30 17
              17 53
              ;
set F[214] := 18 28
              28 35
              35 33
              33 13
              13 32
              32 26
              26 62
              ;
set F[215] := 18 28
              28 64
              ;
set F[216] := 18 28
              28 35
              35 33
              33 13
              13 32
              32 15
              15 31
              31 34
              34 30
              30 66
              ;
set F[217] := 18 28
              28 35
              35 33
              33 13
              13 32
              32 15
              15 31
              31 67
              ;
set F[218] := 18 28
              28 35
              35 33
              33 13
              13 32
              32 68
              ;
set F[219] := 18 28
              28 35
              35 33
              33 69
              ;
set F[220] := 18 28
              28 35
              35 33
              33 13
              13 32
              32 15
              15 31
              31 34
              34 70
              ;
set F[221] := 19 28
              28 35
              35 33
              33 13
              13 32
              32 15
              15 1
              1 37
              ;
set F[222] := 19 28
              28 8
              8 44
              ;
set F[223] := 19 28
              28 35
              35 33
              33 13
              13 49
              ;
set F[224] := 19 28
              28 35
              35 33
              33 14
              14 50
              ;
set F[225] := 19 28
              28 35
              35 33
              33 13
              13 32
              32 15
              15 51
              ;
set F[226] := 19 28
              28 35
              35 33
              33 13
              13 32
              32 15
              15 31
              31 34
              34 30
              30 17
              17 53
              ;
set F[227] := 19 28
              28 35
              35 33
              33 13
              13 32
              32 15
              15 31
              31 34
              34 30
              30 23
              23 59
              ;
set F[228] := 19 28
              28 35
              35 33
              33 13
              13 32
              32 26
              26 29
              29 25
              25 61
              ;
set F[229] := 19 28
              28 35
              35 33
              33 13
              13 32
              32 26
              26 62
              ;
set F[230] := 19 28
              28 64
              ;
set F[231] := 19 28
              28 35
              35 33
              33 13
              13 32
              32 15
              15 31
              31 34
              34 30
              30 66
              ;
set F[232] := 19 28
              28 35
              35 33
              33 13
              13 32
              32 15
              15 31
              31 67
              ;
set F[233] := 19 28
              28 35
              35 33
              33 13
              13 32
              32 68
              ;
set F[234] := 19 28
              28 35
              35 33
              33 69
              ;
set F[235] := 19 28
              28 35
              35 33
              33 13
              13 32
              32 15
              15 31
              31 34
              34 70
              ;
set F[236] := 21 28
              28 35
              35 33
              33 13
              13 49
              ;
set F[237] := 21 28
              28 64
              ;
set F[238] := 21 28
              28 35
              35 33
              33 13
              13 32
              32 15
              15 31
              31 67
              ;
set F[239] := 22 30
              30 34
              34 31
              31 15
              15 32
              32 13
              13 33
              33 35
              35 28
              28 64
              ;
set F[240] := 23 30
              30 34
              34 31
              31 15
              15 1
              1 37
              ;
set F[241] := 23 30
              30 34
              34 31
              31 15
              15 32
              32 13
              13 33
              33 14
              14 7
              7 43
              ;
set F[242] := 23 30
              30 34
              34 31
              31 15
              15 32
              32 13
              13 33
              33 35
              35 28
              28 8
              8 44
              ;
set F[243] := 23 30
              30 34
              34 31
              31 15
              15 32
              32 13
              13 49
              ;
set F[244] := 23 30
              30 34
              34 31
              31 15
              15 32
              32 13
              13 33
              33 14
              14 50
              ;
set F[245] := 23 30
              30 34
              34 31
              31 15
              15 51
              ;
set F[246] := 23 30
              30 17
              17 53
              ;
set F[247] := 23 30
              30 34
              34 31
              31 15
              15 32
              32 13
              13 33
              33 35
              35 28
              28 19
              19 55
              ;
set F[248] := 23 30
              30 34
              34 31
              31 15
              15 32
              32 13
              13 33
              33 35
              35 28
              28 21
              21 57
              ;
set F[249] := 23 30
              30 34
              34 31
              31 15
              15 32
              32 26
              26 29
              29 25
              25 61
              ;
set F[250] := 23 30
              30 34
              34 31
              31 15
              15 32
              32 26
              26 62
              ;
set F[251] := 23 30
              30 34
              34 31
              31 15
              15 32
              32 13
              13 33
              33 14
              14 27
              27 63
              ;
set F[252] := 23 30
              30 34
              34 31
              31 15
              15 32
              32 13
              13 33
              33 35
              35 28
              28 64
              ;
set F[253] := 23 30
              30 66
              ;
set F[254] := 23 30
              30 34
              34 31
              31 67
              ;
set F[255] := 23 30
              30 34
              34 31
              31 15
              15 32
              32 68
              ;
set F[256] := 23 30
              30 34
              34 31
              31 15
              15 32
              32 13
              13 33
              33 69
              ;
set F[257] := 23 30
              30 34
              34 70
              ;
set F[258] := 25 29
              29 26
              26 32
              32 15
              15 1
              1 37
              ;
set F[259] := 25 29
              29 26
              26 32
              32 13
              13 33
              33 35
              35 28
              28 8
              8 44
              ;
set F[260] := 25 29
              29 26
              26 32
              32 13
              13 49
              ;
set F[261] := 25 29
              29 26
              26 32
              32 13
              13 33
              33 14
              14 50
              ;
set F[262] := 25 29
              29 26
              26 32
              32 15
              15 51
              ;
set F[263] := 25 29
              29 26
              26 32
              32 15
              15 31
              31 34
              34 30
              30 17
              17 53
              ;
set F[264] := 25 29
              29 26
              26 32
              32 13
              13 33
              33 35
              35 28
              28 19
              19 55
              ;
set F[265] := 25 29
              29 26
              26 32
              32 13
              13 33
              33 35
              35 28
              28 21
              21 57
              ;
set F[266] := 25 29
              29 26
              26 32
              32 15
              15 31
              31 34
              34 30
              30 23
              23 59
              ;
set F[267] := 25 29
              29 26
              26 62
              ;
set F[268] := 25 29
              29 26
              26 32
              32 13
              13 33
              33 14
              14 27
              27 63
              ;
set F[269] := 25 29
              29 26
              26 32
              32 13
              13 33
              33 35
              35 28
              28 64
              ;
set F[270] := 25 29
              29 26
              26 32
              32 15
              15 31
              31 34
              34 30
              30 66
              ;
set F[271] := 25 29
              29 26
              26 32
              32 15
              15 31
              31 67
              ;
set F[272] := 25 29
              29 26
              26 32
              32 68
              ;
set F[273] := 25 29
              29 26
              26 32
              32 13
              13 33
              33 69
              ;
set F[274] := 25 29
              29 26
              26 32
              32 15
              15 31
              31 34
              34 70
              ;
set F[275] := 26 32
              32 13
              13 49
              ;
set F[276] := 26 32
              32 13
              13 33
              33 14
              14 50
              ;
set F[277] := 26 32
              32 15
              15 51
              ;
set F[278] := 26 32
              32 13
              13 33
              33 35
              35 28
              28 64
              ;
set F[279] := 26 32
              32 15
              15 31
              31 67
              ;
set F[280] := 26 32
              32 68
              ;
set F[281] := 26 32
              32 13
              13 33
              33 69
              ;
set F[282] := 26 32
              32 15
              15 31
              31 34
              34 70
              ;
set F[283] := 28 35
              35 33
              33 13
              13 32
              32 15
              15 1
              1 37
              ;
set F[284] := 28 35
              35 33
              33 13
              13 3
              3 39
              ;
set F[285] := 28 35
              35 33
              33 13
              13 32
              32 15
              15 4
              4 40
              ;
set F[286] := 28 5
              5 41
              ;
set F[287] := 28 35
              35 33
              33 13
              13 32
              32 15
              15 31
              31 6
              6 42
              ;
set F[288] := 28 35
              35 33
              33 14
              14 7
              7 43
              ;
set F[289] := 28 8
              8 44
              ;
set F[290] := 28 9
              9 45
              ;
set F[291] := 28 35
              35 33
              33 13
              13 32
              32 15
              15 31
              31 34
              34 30
              30 10
              10 46
              ;
set F[292] := 28 35
              35 33
              33 13
              13 32
              32 15
              15 31
              31 34
              34 30
              30 11
              11 47
              ;
set F[293] := 28 35
              35 33
              33 13
              13 32
              32 15
              15 31
              31 34
              34 30
              30 12
              12 48
              ;
set F[294] := 28 35
              35 33
              33 13
              13 49
              ;
set F[295] := 28 35
              35 33
              33 14
              14 50
              ;
set F[296] := 28 35
              35 33
              33 13
              13 32
              32 15
              15 51
              ;
set F[297] := 28 35
              35 33
              33 13
              13 32
              32 15
              15 31
              31 34
              34 30
              30 16
              16 52
              ;
set F[298] := 28 35
              35 33
              33 13
              13 32
              32 15
              15 31
              31 34
              34 30
              30 17
              17 53
              ;
set F[299] := 28 19
              19 55
              ;
set F[300] := 28 20
              20 56
              ;
set F[301] := 28 21
              21 57
              ;
set F[302] := 28 35
              35 33
              33 13
              13 32
              32 15
              15 31
              31 34
              34 30
              30 22
              22 58
              ;
set F[303] := 28 35
              35 33
              33 13
              13 32
              32 15
              15 31
              31 34
              34 30
              30 23
              23 59
              ;
set F[304] := 28 35
              35 33
              33 13
              13 32
              32 26
              26 29
              29 24
              24 60
              ;
set F[305] := 28 35
              35 33
              33 13
              13 32
              32 26
              26 29
              29 25
              25 61
              ;
set F[306] := 28 35
              35 33
              33 13
              13 32
              32 26
              26 62
              ;
set F[307] := 28 35
              35 33
              33 14
              14 27
              27 63
              ;
set F[308] := 28 35
              35 33
              33 13
              13 32
              32 15
              15 31
              31 34
              34 30
              30 66
              ;
set F[309] := 28 35
              35 33
              33 13
              13 32
              32 15
              15 31
              31 67
              ;
set F[310] := 28 35
              35 33
              33 13
              13 32
              32 68
              ;
set F[311] := 28 35
              35 33
              33 69
              ;
set F[312] := 28 35
              35 33
              33 13
              13 32
              32 15
              15 31
              31 34
              34 70
              ;
set F[313] := 28 35
              35 71
              ;
set F[314] := 29 26
              26 32
              32 15
              15 1
              1 37
              ;
set F[315] := 29 26
              26 32
              32 13
              13 33
              33 14
              14 7
              7 43
              ;
set F[316] := 29 26
              26 32
              32 13
              13 33
              33 35
              35 28
              28 8
              8 44
              ;
set F[317] := 29 26
              26 32
              32 15
              15 31
              31 34
              34 30
              30 10
              10 46
              ;
set F[318] := 29 26
              26 32
              32 15
              15 31
              31 34
              34 30
              30 12
              12 48
              ;
set F[319] := 29 26
              26 32
              32 13
              13 49
              ;
set F[320] := 29 26
              26 32
              32 13
              13 33
              33 14
              14 50
              ;
set F[321] := 29 26
              26 32
              32 15
              15 51
              ;
set F[322] := 29 26
              26 32
              32 15
              15 31
              31 34
              34 30
              30 16
              16 52
              ;
set F[323] := 29 26
              26 32
              32 15
              15 31
              31 34
              34 30
              30 17
              17 53
              ;
set F[324] := 29 26
              26 32
              32 13
              13 33
              33 35
              35 28
              28 19
              19 55
              ;
set F[325] := 29 26
              26 32
              32 13
              13 33
              33 35
              35 28
              28 21
              21 57
              ;
set F[326] := 29 26
              26 32
              32 15
              15 31
              31 34
              34 30
              30 23
              23 59
              ;
set F[327] := 29 25
              25 61
              ;
set F[328] := 29 26
              26 62
              ;
set F[329] := 29 26
              26 32
              32 13
              13 33
              33 14
              14 27
              27 63
              ;
set F[330] := 29 26
              26 32
              32 13
              13 33
              33 35
              35 28
              28 64
              ;
set F[331] := 29 26
              26 32
              32 15
              15 31
              31 34
              34 30
              30 66
              ;
set F[332] := 29 26
              26 32
              32 15
              15 31
              31 67
              ;
set F[333] := 29 26
              26 32
              32 68
              ;
set F[334] := 29 26
              26 32
              32 13
              13 33
              33 69
              ;
set F[335] := 29 26
              26 32
              32 15
              15 31
              31 34
              34 70
              ;
set F[336] := 30 34
              34 31
              31 15
              15 1
              1 37
              ;
set F[337] := 30 34
              34 31
              31 15
              15 32
              32 13
              13 3
              3 39
              ;
set F[338] := 30 34
              34 31
              31 15
              15 4
              4 40
              ;
set F[339] := 30 34
              34 31
              31 15
              15 32
              32 13
              13 33
              33 35
              35 28
              28 5
              5 41
              ;
set F[340] := 30 34
              34 31
              31 6
              6 42
              ;
set F[341] := 30 34
              34 31
              31 15
              15 32
              32 13
              13 33
              33 14
              14 7
              7 43
              ;
set F[342] := 30 34
              34 31
              31 15
              15 32
              32 13
              13 33
              33 35
              35 28
              28 8
              8 44
              ;
set F[343] := 30 34
              34 31
              31 15
              15 32
              32 13
              13 33
              33 35
              35 28
              28 9
              9 45
              ;
set F[344] := 30 10
              10 46
              ;
set F[345] := 30 11
              11 47
              ;
set F[346] := 30 12
              12 48
              ;
set F[347] := 30 34
              34 31
              31 15
              15 32
              32 13
              13 49
              ;
set F[348] := 30 34
              34 31
              31 15
              15 32
              32 13
              13 33
              33 14
              14 50
              ;
set F[349] := 30 34
              34 31
              31 15
              15 51
              ;
set F[350] := 30 16
              16 52
              ;
set F[351] := 30 17
              17 53
              ;
set F[352] := 30 34
              34 31
              31 15
              15 32
              32 13
              13 33
              33 35
              35 28
              28 19
              19 55
              ;
set F[353] := 30 34
              34 31
              31 15
              15 32
              32 13
              13 33
              33 35
              35 28
              28 20
              20 56
              ;
set F[354] := 30 34
              34 31
              31 15
              15 32
              32 13
              13 33
              33 35
              35 28
              28 21
              21 57
              ;
set F[355] := 30 22
              22 58
              ;
set F[356] := 30 23
              23 59
              ;
set F[357] := 30 34
              34 31
              31 15
              15 32
              32 26
              26 29
              29 24
              24 60
              ;
set F[358] := 30 34
              34 31
              31 15
              15 32
              32 26
              26 29
              29 25
              25 61
              ;
set F[359] := 30 34
              34 31
              31 15
              15 32
              32 26
              26 62
              ;
set F[360] := 30 34
              34 31
              31 15
              15 32
              32 13
              13 33
              33 14
              14 27
              27 63
              ;
set F[361] := 30 34
              34 31
              31 15
              15 32
              32 13
              13 33
              33 35
              35 28
              28 64
              ;
set F[362] := 30 34
              34 31
              31 67
              ;
set F[363] := 30 34
              34 31
              31 15
              15 32
              32 68
              ;
set F[364] := 30 34
              34 31
              31 15
              15 32
              32 13
              13 33
              33 69
              ;
set F[365] := 30 34
              34 70
              ;
set F[366] := 30 34
              34 31
              31 15
              15 32
              32 13
              13 33
              33 35
              35 71
              ;
set F[367] := 31 15
              15 1
              1 37
              ;
set F[368] := 31 15
              15 32
              32 13
              13 3
              3 39
              ;
set F[369] := 31 15
              15 4
              4 40
              ;
set F[370] := 31 15
              15 32
              32 13
              13 33
              33 14
              14 7
              7 43
              ;
set F[371] := 31 15
              15 32
              32 13
              13 33
              33 35
              35 28
              28 8
              8 44
              ;
set F[372] := 31 34
              34 30
              30 10
              10 46
              ;
set F[373] := 31 34
              34 30
              30 11
              11 47
              ;
set F[374] := 31 34
              34 30
              30 12
              12 48
              ;
set F[375] := 31 15
              15 32
              32 13
              13 49
              ;
set F[376] := 31 15
              15 32
              32 13
              13 33
              33 14
              14 50
              ;
set F[377] := 31 15
              15 51
              ;
set F[378] := 31 34
              34 30
              30 16
              16 52
              ;
set F[379] := 31 34
              34 30
              30 17
              17 53
              ;
set F[380] := 31 15
              15 32
              32 13
              13 33
              33 35
              35 28
              28 19
              19 55
              ;
set F[381] := 31 15
              15 32
              32 13
              13 33
              33 35
              35 28
              28 21
              21 57
              ;
set F[382] := 31 34
              34 30
              30 22
              22 58
              ;
set F[383] := 31 34
              34 30
              30 23
              23 59
              ;
set F[384] := 31 15
              15 32
              32 26
              26 29
              29 24
              24 60
              ;
set F[385] := 31 15
              15 32
              32 26
              26 29
              29 25
              25 61
              ;
set F[386] := 31 15
              15 32
              32 26
              26 62
              ;
set F[387] := 31 15
              15 32
              32 13
              13 33
              33 14
              14 27
              27 63
              ;
set F[388] := 31 15
              15 32
              32 13
              13 33
              33 35
              35 28
              28 64
              ;
set F[389] := 31 34
              34 30
              30 66
              ;
set F[390] := 31 15
              15 32
              32 68
              ;
set F[391] := 31 15
              15 32
              32 13
              13 33
              33 69
              ;
set F[392] := 31 34
              34 70
              ;
set F[393] := 31 15
              15 32
              32 13
              13 33
              33 35
              35 71
              ;
set F[394] := 32 15
              15 1
              1 37
              ;
set F[395] := 32 13
              13 33
              33 14
              14 7
              7 43
              ;
set F[396] := 32 13
              13 33
              33 35
              35 28
              28 8
              8 44
              ;
set F[397] := 32 15
              15 31
              31 34
              34 30
              30 10
              10 46
              ;
set F[398] := 32 15
              15 31
              31 34
              34 30
              30 12
              12 48
              ;
set F[399] := 32 13
              13 49
              ;
set F[400] := 32 13
              13 33
              33 14
              14 50
              ;
set F[401] := 32 15
              15 51
              ;
set F[402] := 32 15
              15 31
              31 34
              34 30
              30 16
              16 52
              ;
set F[403] := 32 15
              15 31
              31 34
              34 30
              30 17
              17 53
              ;
set F[404] := 32 13
              13 33
              33 35
              35 28
              28 19
              19 55
              ;
set F[405] := 32 13
              13 33
              33 35
              35 28
              28 21
              21 57
              ;
set F[406] := 32 15
              15 31
              31 34
              34 30
              30 22
              22 58
              ;
set F[407] := 32 15
              15 31
              31 34
              34 30
              30 23
              23 59
              ;
set F[408] := 32 26
              26 29
              29 25
              25 61
              ;
set F[409] := 32 26
              26 62
              ;
set F[410] := 32 13
              13 33
              33 14
              14 27
              27 63
              ;
set F[411] := 32 13
              13 33
              33 35
              35 28
              28 64
              ;
set F[412] := 32 15
              15 31
              31 34
              34 30
              30 66
              ;
set F[413] := 32 15
              15 31
              31 67
              ;
set F[414] := 32 13
              13 33
              33 69
              ;
set F[415] := 32 15
              15 31
              31 34
              34 70
              ;
set F[416] := 32 13
              13 33
              33 35
              35 71
              ;
set F[417] := 33 13
              13 32
              32 15
              15 1
              1 37
              ;
set F[418] := 33 35
              35 28
              28 8
              8 44
              ;
set F[419] := 33 13
              13 49
              ;
set F[420] := 33 14
              14 50
              ;
set F[421] := 33 13
              13 32
              32 15
              15 51
              ;
set F[422] := 33 13
              13 32
              32 15
              15 31
              31 34
              34 30
              30 17
              17 53
              ;
set F[423] := 33 35
              35 28
              28 19
              19 55
              ;
set F[424] := 33 35
              35 28
              28 21
              21 57
              ;
set F[425] := 33 13
              13 32
              32 15
              15 31
              31 34
              34 30
              30 23
              23 59
              ;
set F[426] := 33 13
              13 32
              32 26
              26 29
              29 25
              25 61
              ;
set F[427] := 33 13
              13 32
              32 26
              26 62
              ;
set F[428] := 33 14
              14 27
              27 63
              ;
set F[429] := 33 35
              35 28
              28 64
              ;
set F[430] := 33 13
              13 32
              32 15
              15 31
              31 34
              34 30
              30 66
              ;
set F[431] := 33 13
              13 32
              32 15
              15 31
              31 67
              ;
set F[432] := 33 13
              13 32
              32 68
              ;
set F[433] := 33 13
              13 32
              32 15
              15 31
              31 34
              34 70
              ;
set F[434] := 34 31
              31 15
              15 1
              1 37
              ;
set F[435] := 34 31
              31 15
              15 32
              32 13
              13 33
              33 14
              14 7
              7 43
              ;
set F[436] := 34 31
              31 15
              15 32
              32 13
              13 33
              33 35
              35 28
              28 8
              8 44
              ;
set F[437] := 34 30
              30 10
              10 46
              ;
set F[438] := 34 30
              30 12
              12 48
              ;
set F[439] := 34 31
              31 15
              15 32
              32 13
              13 49
              ;
set F[440] := 34 31
              31 15
              15 32
              32 13
              13 33
              33 14
              14 50
              ;
set F[441] := 34 31
              31 15
              15 51
              ;
set F[442] := 34 30
              30 16
              16 52
              ;
set F[443] := 34 30
              30 17
              17 53
              ;
set F[444] := 34 31
              31 15
              15 32
              32 13
              13 33
              33 35
              35 28
              28 19
              19 55
              ;
set F[445] := 34 31
              31 15
              15 32
              32 13
              13 33
              33 35
              35 28
              28 21
              21 57
              ;
set F[446] := 34 30
              30 23
              23 59
              ;
set F[447] := 34 31
              31 15
              15 32
              32 26
              26 29
              29 25
              25 61
              ;
set F[448] := 34 31
              31 15
              15 32
              32 26
              26 62
              ;
set F[449] := 34 31
              31 15
              15 32
              32 13
              13 33
              33 14
              14 27
              27 63
              ;
set F[450] := 34 31
              31 15
              15 32
              32 13
              13 33
              33 35
              35 28
              28 64
              ;
set F[451] := 34 30
              30 66
              ;
set F[452] := 34 31
              31 67
              ;
set F[453] := 34 31
              31 15
              15 32
              32 68
              ;
set F[454] := 34 31
              31 15
              15 32
              32 13
              13 33
              33 69
              ;
set F[455] := 35 33
              33 13
              13 32
              32 15
              15 1
              1 37
              ;
set F[456] := 35 33
              33 14
              14 7
              7 43
              ;
set F[457] := 35 28
              28 8
              8 44
              ;
set F[458] := 35 33
              33 13
              13 32
              32 15
              15 31
              31 34
              34 30
              30 10
              10 46
              ;
set F[459] := 35 33
              33 13
              13 32
              32 15
              15 31
              31 34
              34 30
              30 12
              12 48
              ;
set F[460] := 35 33
              33 13
              13 49
              ;
set F[461] := 35 33
              33 14
              14 50
              ;
set F[462] := 35 33
              33 13
              13 32
              32 15
              15 51
              ;
set F[463] := 35 33
              33 13
              13 32
              32 15
              15 31
              31 34
              34 30
              30 16
              16 52
              ;
set F[464] := 35 33
              33 13
              13 32
              32 15
              15 31
              31 34
              34 30
              30 17
              17 53
              ;
set F[465] := 35 28
              28 19
              19 55
              ;
set F[466] := 35 28
              28 21
              21 57
              ;
set F[467] := 35 33
              33 13
              13 32
              32 15
              15 31
              31 34
              34 30
              30 22
              22 58
              ;
set F[468] := 35 33
              33 13
              13 32
              32 15
              15 31
              31 34
              34 30
              30 23
              23 59
              ;
set F[469] := 35 33
              33 13
              13 32
              32 26
              26 29
              29 25
              25 61
              ;
set F[470] := 35 33
              33 13
              13 32
              32 26
              26 62
              ;
set F[471] := 35 33
              33 14
              14 27
              27 63
              ;
set F[472] := 35 28
              28 64
              ;
set F[473] := 35 33
              33 13
              13 32
              32 15
              15 31
              31 34
              34 30
              30 66
              ;
set F[474] := 35 33
              33 13
              13 32
              32 15
              15 31
              31 67
              ;
set F[475] := 35 33
              33 13
              13 32
              32 68
              ;
set F[476] := 35 33
              33 69
              ;
set F[477] := 35 33
              33 13
              13 32
              32 15
              15 31
              31 34
              34 70
              ;
set Last[1] := 13 49;
set Last[2] := 14 50;
set Last[3] := 15 51;
set Last[4] := 17 53;
set Last[5] := 23 59;
set Last[6] := 25 61;
set Last[7] := 26 62;
set Last[8] := 28 64;
set Last[9] := 30 66;
set Last[10] := 31 67;
set Last[11] := 32 68;
set Last[12] := 33 69;
set Last[13] := 34 70;
set Last[14] := 13 49;
set Last[15] := 14 50;
set Last[16] := 15 51;
set Last[17] := 17 53;
set Last[18] := 25 61;
set Last[19] := 26 62;
set Last[20] := 28 64;
set Last[21] := 30 66;
set Last[22] := 31 67;
set Last[23] := 32 68;
set Last[24] := 33 69;
set Last[25] := 34 70;
set Last[26] := 13 49;
set Last[27] := 15 51;
set Last[28] := 28 64;
set Last[29] := 31 67;
set Last[30] := 32 68;
set Last[31] := 33 69;
set Last[32] := 1 37;
set Last[33] := 8 44;
set Last[34] := 13 49;
set Last[35] := 14 50;
set Last[36] := 15 51;
set Last[37] := 17 53;
set Last[38] := 19 55;
set Last[39] := 23 59;
set Last[40] := 25 61;
set Last[41] := 26 62;
set Last[42] := 28 64;
set Last[43] := 30 66;
set Last[44] := 31 67;
set Last[45] := 32 68;
set Last[46] := 33 69;
set Last[47] := 34 70;
set Last[48] := 1 37;
set Last[49] := 8 44;
set Last[50] := 13 49;
set Last[51] := 14 50;
set Last[52] := 15 51;
set Last[53] := 17 53;
set Last[54] := 19 55;
set Last[55] := 23 59;
set Last[56] := 25 61;
set Last[57] := 26 62;
set Last[58] := 28 64;
set Last[59] := 30 66;
set Last[60] := 31 67;
set Last[61] := 32 68;
set Last[62] := 33 69;
set Last[63] := 34 70;
set Last[64] := 13 49;
set Last[65] := 15 51;
set Last[66] := 28 64;
set Last[67] := 31 67;
set Last[68] := 28 64;
set Last[69] := 13 49;
set Last[70] := 15 51;
set Last[71] := 28 64;
set Last[72] := 31 67;
set Last[73] := 32 68;
set Last[74] := 33 69;
set Last[75] := 1 37;
set Last[76] := 7 43;
set Last[77] := 8 44;
set Last[78] := 12 48;
set Last[79] := 13 49;
set Last[80] := 14 50;
set Last[81] := 15 51;
set Last[82] := 16 52;
set Last[83] := 17 53;
set Last[84] := 19 55;
set Last[85] := 21 57;
set Last[86] := 23 59;
set Last[87] := 25 61;
set Last[88] := 26 62;
set Last[89] := 27 63;
set Last[90] := 28 64;
set Last[91] := 30 66;
set Last[92] := 31 67;
set Last[93] := 32 68;
set Last[94] := 33 69;
set Last[95] := 34 70;
set Last[96] := 13 49;
set Last[97] := 14 50;
set Last[98] := 15 51;
set Last[99] := 26 62;
set Last[100] := 28 64;
set Last[101] := 31 67;
set Last[102] := 32 68;
set Last[103] := 33 69;
set Last[104] := 34 70;
set Last[105] := 13 49;
set Last[106] := 14 50;
set Last[107] := 15 51;
set Last[108] := 17 53;
set Last[109] := 25 61;
set Last[110] := 26 62;
set Last[111] := 28 64;
set Last[112] := 30 66;
set Last[113] := 31 67;
set Last[114] := 32 68;
set Last[115] := 33 69;
set Last[116] := 34 70;
set Last[117] := 1 37;
set Last[118] := 3 39;
set Last[119] := 4 40;
set Last[120] := 7 43;
set Last[121] := 8 44;
set Last[122] := 10 46;
set Last[123] := 11 47;
set Last[124] := 12 48;
set Last[125] := 14 50;
set Last[126] := 15 51;
set Last[127] := 16 52;
set Last[128] := 17 53;
set Last[129] := 19 55;
set Last[130] := 21 57;
set Last[131] := 22 58;
set Last[132] := 23 59;
set Last[133] := 24 60;
set Last[134] := 25 61;
set Last[135] := 26 62;
set Last[136] := 27 63;
set Last[137] := 28 64;
set Last[138] := 30 66;
set Last[139] := 31 67;
set Last[140] := 32 68;
set Last[141] := 33 69;
set Last[142] := 34 70;
set Last[143] := 35 71;
set Last[144] := 1 37;
set Last[145] := 3 39;
set Last[146] := 4 40;
set Last[147] := 7 43;
set Last[148] := 8 44;
set Last[149] := 10 46;
set Last[150] := 11 47;
set Last[151] := 12 48;
set Last[152] := 13 49;
set Last[153] := 15 51;
set Last[154] := 16 52;
set Last[155] := 17 53;
set Last[156] := 19 55;
set Last[157] := 21 57;
set Last[158] := 22 58;
set Last[159] := 23 59;
set Last[160] := 24 60;
set Last[161] := 25 61;
set Last[162] := 26 62;
set Last[163] := 27 63;
set Last[164] := 28 64;
set Last[165] := 30 66;
set Last[166] := 31 67;
set Last[167] := 32 68;
set Last[168] := 33 69;
set Last[169] := 34 70;
set Last[170] := 35 71;
set Last[171] := 1 37;
set Last[172] := 7 43;
set Last[173] := 8 44;
set Last[174] := 10 46;
set Last[175] := 12 48;
set Last[176] := 13 49;
set Last[177] := 14 50;
set Last[178] := 16 52;
set Last[179] := 17 53;
set Last[180] := 19 55;
set Last[181] := 21 57;
set Last[182] := 22 58;
set Last[183] := 23 59;
set Last[184] := 25 61;
set Last[185] := 26 62;
set Last[186] := 27 63;
set Last[187] := 28 64;
set Last[188] := 30 66;
set Last[189] := 31 67;
set Last[190] := 32 68;
set Last[191] := 33 69;
set Last[192] := 34 70;
set Last[193] := 35 71;
set Last[194] := 28 64;
set Last[195] := 1 37;
set Last[196] := 8 44;
set Last[197] := 13 49;
set Last[198] := 14 50;
set Last[199] := 15 51;
set Last[200] := 19 55;
set Last[201] := 23 59;
set Last[202] := 25 61;
set Last[203] := 26 62;
set Last[204] := 28 64;
set Last[205] := 30 66;
set Last[206] := 31 67;
set Last[207] := 32 68;
set Last[208] := 33 69;
set Last[209] := 34 70;
set Last[210] := 13 49;
set Last[211] := 14 50;
set Last[212] := 15 51;
set Last[213] := 17 53;
set Last[214] := 26 62;
set Last[215] := 28 64;
set Last[216] := 30 66;
set Last[217] := 31 67;
set Last[218] := 32 68;
set Last[219] := 33 69;
set Last[220] := 34 70;
set Last[221] := 1 37;
set Last[222] := 8 44;
set Last[223] := 13 49;
set Last[224] := 14 50;
set Last[225] := 15 51;
set Last[226] := 17 53;
set Last[227] := 23 59;
set Last[228] := 25 61;
set Last[229] := 26 62;
set Last[230] := 28 64;
set Last[231] := 30 66;
set Last[232] := 31 67;
set Last[233] := 32 68;
set Last[234] := 33 69;
set Last[235] := 34 70;
set Last[236] := 13 49;
set Last[237] := 28 64;
set Last[238] := 31 67;
set Last[239] := 28 64;
set Last[240] := 1 37;
set Last[241] := 7 43;
set Last[242] := 8 44;
set Last[243] := 13 49;
set Last[244] := 14 50;
set Last[245] := 15 51;
set Last[246] := 17 53;
set Last[247] := 19 55;
set Last[248] := 21 57;
set Last[249] := 25 61;
set Last[250] := 26 62;
set Last[251] := 27 63;
set Last[252] := 28 64;
set Last[253] := 30 66;
set Last[254] := 31 67;
set Last[255] := 32 68;
set Last[256] := 33 69;
set Last[257] := 34 70;
set Last[258] := 1 37;
set Last[259] := 8 44;
set Last[260] := 13 49;
set Last[261] := 14 50;
set Last[262] := 15 51;
set Last[263] := 17 53;
set Last[264] := 19 55;
set Last[265] := 21 57;
set Last[266] := 23 59;
set Last[267] := 26 62;
set Last[268] := 27 63;
set Last[269] := 28 64;
set Last[270] := 30 66;
set Last[271] := 31 67;
set Last[272] := 32 68;
set Last[273] := 33 69;
set Last[274] := 34 70;
set Last[275] := 13 49;
set Last[276] := 14 50;
set Last[277] := 15 51;
set Last[278] := 28 64;
set Last[279] := 31 67;
set Last[280] := 32 68;
set Last[281] := 33 69;
set Last[282] := 34 70;
set Last[283] := 1 37;
set Last[284] := 3 39;
set Last[285] := 4 40;
set Last[286] := 5 41;
set Last[287] := 6 42;
set Last[288] := 7 43;
set Last[289] := 8 44;
set Last[290] := 9 45;
set Last[291] := 10 46;
set Last[292] := 11 47;
set Last[293] := 12 48;
set Last[294] := 13 49;
set Last[295] := 14 50;
set Last[296] := 15 51;
set Last[297] := 16 52;
set Last[298] := 17 53;
set Last[299] := 19 55;
set Last[300] := 20 56;
set Last[301] := 21 57;
set Last[302] := 22 58;
set Last[303] := 23 59;
set Last[304] := 24 60;
set Last[305] := 25 61;
set Last[306] := 26 62;
set Last[307] := 27 63;
set Last[308] := 30 66;
set Last[309] := 31 67;
set Last[310] := 32 68;
set Last[311] := 33 69;
set Last[312] := 34 70;
set Last[313] := 35 71;
set Last[314] := 1 37;
set Last[315] := 7 43;
set Last[316] := 8 44;
set Last[317] := 10 46;
set Last[318] := 12 48;
set Last[319] := 13 49;
set Last[320] := 14 50;
set Last[321] := 15 51;
set Last[322] := 16 52;
set Last[323] := 17 53;
set Last[324] := 19 55;
set Last[325] := 21 57;
set Last[326] := 23 59;
set Last[327] := 25 61;
set Last[328] := 26 62;
set Last[329] := 27 63;
set Last[330] := 28 64;
set Last[331] := 30 66;
set Last[332] := 31 67;
set Last[333] := 32 68;
set Last[334] := 33 69;
set Last[335] := 34 70;
set Last[336] := 1 37;
set Last[337] := 3 39;
set Last[338] := 4 40;
set Last[339] := 5 41;
set Last[340] := 6 42;
set Last[341] := 7 43;
set Last[342] := 8 44;
set Last[343] := 9 45;
set Last[344] := 10 46;
set Last[345] := 11 47;
set Last[346] := 12 48;
set Last[347] := 13 49;
set Last[348] := 14 50;
set Last[349] := 15 51;
set Last[350] := 16 52;
set Last[351] := 17 53;
set Last[352] := 19 55;
set Last[353] := 20 56;
set Last[354] := 21 57;
set Last[355] := 22 58;
set Last[356] := 23 59;
set Last[357] := 24 60;
set Last[358] := 25 61;
set Last[359] := 26 62;
set Last[360] := 27 63;
set Last[361] := 28 64;
set Last[362] := 31 67;
set Last[363] := 32 68;
set Last[364] := 33 69;
set Last[365] := 34 70;
set Last[366] := 35 71;
set Last[367] := 1 37;
set Last[368] := 3 39;
set Last[369] := 4 40;
set Last[370] := 7 43;
set Last[371] := 8 44;
set Last[372] := 10 46;
set Last[373] := 11 47;
set Last[374] := 12 48;
set Last[375] := 13 49;
set Last[376] := 14 50;
set Last[377] := 15 51;
set Last[378] := 16 52;
set Last[379] := 17 53;
set Last[380] := 19 55;
set Last[381] := 21 57;
set Last[382] := 22 58;
set Last[383] := 23 59;
set Last[384] := 24 60;
set Last[385] := 25 61;
set Last[386] := 26 62;
set Last[387] := 27 63;
set Last[388] := 28 64;
set Last[389] := 30 66;
set Last[390] := 32 68;
set Last[391] := 33 69;
set Last[392] := 34 70;
set Last[393] := 35 71;
set Last[394] := 1 37;
set Last[395] := 7 43;
set Last[396] := 8 44;
set Last[397] := 10 46;
set Last[398] := 12 48;
set Last[399] := 13 49;
set Last[400] := 14 50;
set Last[401] := 15 51;
set Last[402] := 16 52;
set Last[403] := 17 53;
set Last[404] := 19 55;
set Last[405] := 21 57;
set Last[406] := 22 58;
set Last[407] := 23 59;
set Last[408] := 25 61;
set Last[409] := 26 62;
set Last[410] := 27 63;
set Last[411] := 28 64;
set Last[412] := 30 66;
set Last[413] := 31 67;
set Last[414] := 33 69;
set Last[415] := 34 70;
set Last[416] := 35 71;
set Last[417] := 1 37;
set Last[418] := 8 44;
set Last[419] := 13 49;
set Last[420] := 14 50;
set Last[421] := 15 51;
set Last[422] := 17 53;
set Last[423] := 19 55;
set Last[424] := 21 57;
set Last[425] := 23 59;
set Last[426] := 25 61;
set Last[427] := 26 62;
set Last[428] := 27 63;
set Last[429] := 28 64;
set Last[430] := 30 66;
set Last[431] := 31 67;
set Last[432] := 32 68;
set Last[433] := 34 70;
set Last[434] := 1 37;
set Last[435] := 7 43;
set Last[436] := 8 44;
set Last[437] := 10 46;
set Last[438] := 12 48;
set Last[439] := 13 49;
set Last[440] := 14 50;
set Last[441] := 15 51;
set Last[442] := 16 52;
set Last[443] := 17 53;
set Last[444] := 19 55;
set Last[445] := 21 57;
set Last[446] := 23 59;
set Last[447] := 25 61;
set Last[448] := 26 62;
set Last[449] := 27 63;
set Last[450] := 28 64;
set Last[451] := 30 66;
set Last[452] := 31 67;
set Last[453] := 32 68;
set Last[454] := 33 69;
set Last[455] := 1 37;
set Last[456] := 7 43;
set Last[457] := 8 44;
set Last[458] := 10 46;
set Last[459] := 12 48;
set Last[460] := 13 49;
set Last[461] := 14 50;
set Last[462] := 15 51;
set Last[463] := 16 52;
set Last[464] := 17 53;
set Last[465] := 19 55;
set Last[466] := 21 57;
set Last[467] := 22 58;
set Last[468] := 23 59;
set Last[469] := 25 61;
set Last[470] := 26 62;
set Last[471] := 27 63;
set Last[472] := 28 64;
set Last[473] := 30 66;
set Last[474] := 31 67;
set Last[475] := 32 68;
set Last[476] := 33 69;
set Last[477] := 34 70;

param q := 5;

end;
