data;

set V := 1 2 3 4 5 6 7 8 9 10 11 12 13 14 15 16 17 18 19 20 21 22 23 24 25 26 27 28 29 30 31 32 33 34 35 36 37 38 39 40 41 42;

set A := 1 17
         1 21
         1 22
         2 3
         2 4
         2 5
         2 7
         2 23
         3 2
         3 13
         3 21
         3 24
         4 2
         4 5
         4 25
         5 2
         5 4
         5 8
         5 26
         6 8
         6 27
         7 2
         7 8
         7 28
         8 5
         8 6
         8 7
         8 29
         9 10
         9 15
         9 30
         10 9
         10 11
         10 31
         11 10
         11 16
         11 18
         11 19
         11 32
         12 13
         12 14
         12 15
         12 20
         12 33
         13 3
         13 12
         13 34
         14 12
         14 15
         14 35
         15 9
         15 12
         15 14
         15 16
         15 36
         16 11
         16 15
         16 37
         17 1
         17 20
         17 38
         18 11
         18 39
         19 11
         19 20
         19 40
         20 12
         20 17
         20 19
         20 21
         20 41
         21 1
         21 3
         21 20
         21 42
         ;

set S := 1 2 3 4 5 6 7 8 9 10 11 12 13 14 15 16 17 18 19 20 21 22 23 24 25 26 27 28 29 30 31 32 33 34 35 36 37 38 39 40 41 42 43 44 45 46 47 48 49 50 51 52 53 54 55 56 57 58 59 60 61 62 63 64 65 66 67 68 69 70 71 72 73 74 75 76 77 78 79 80 81 82 83 84 85 86 87 88 89 90 91 92 93 94 95 96 97 98 99 100 101 102 103 104 105 106 107 108 109 110 111 112 113 114 115 116 117 118 119 120 121 122 123 124 125 126 127 128 129 130 131 132 133 134 135 136 137 138 139 140 141 142 143 144 145 146 147 148 149 150 151 152 153 154 155 156 157 158 159 160 161 162 163 164 165 166 167 168 169 170 171 172 173 174 175 176 177 178 179 180 181 182 183 184 185 186 187 188 189 190 191 192 193 194 195 196 197 198 199 200 201 202 203 204 205 206 207 208 209 210 211 212 213 214 215 216 217 218 219 220 221 222 223 224 225 226 227 228 229 230 231 232 233 234 235 236 237 238 239 240 241 242 243 244 245 246 247 248 249 250 251 252 253 254 255 256 257 258 259 260 261 262 263 264 265 266 267 268 269 270 271 272 273 274 275 276 277 278 279 280 281 282 283 284 285 286 287 288 289 290 291 292 293 294 295 296 297 298 299 300 301 302 303 304 305 306 307 308 309 310 311 312 313 314 315 316 317 318 319 320 321 322 323 324 325 326 327 328 329 330 331 332 333 334 335 336;

set F[1] := 1 21
            21 3
            3 2
            2 23
            ;
set F[2] := 1 21
            21 3
            3 24
            ;
set F[3] := 1 21
            21 3
            3 2
            2 4
            4 25
            ;
set F[4] := 1 21
            21 3
            3 2
            2 7
            7 28
            ;
set F[5] := 1 21
            21 3
            3 2
            2 5
            5 8
            8 29
            ;
set F[6] := 1 17
            17 20
            20 12
            12 15
            15 9
            9 30
            ;
set F[7] := 1 17
            17 20
            20 19
            19 11
            11 32
            ;
set F[8] := 1 17
            17 20
            20 12
            12 33
            ;
set F[9] := 1 17
            17 20
            20 12
            12 14
            14 35
            ;
set F[10] := 1 17
             17 20
             20 12
             12 15
             15 36
             ;
set F[11] := 1 17
             17 20
             20 12
             12 15
             15 16
             16 37
             ;
set F[12] := 1 17
             17 38
             ;
set F[13] := 1 17
             17 20
             20 41
             ;
set F[14] := 1 21
             21 42
             ;
set F[15] := 2 3
             3 21
             21 1
             1 22
             ;
set F[16] := 2 3
             3 24
             ;
set F[17] := 2 4
             4 25
             ;
set F[18] := 2 5
             5 26
             ;
set F[19] := 2 5
             5 8
             8 6
             6 27
             ;
set F[20] := 2 7
             7 28
             ;
set F[21] := 2 5
             5 8
             8 29
             ;
set F[22] := 2 3
             3 13
             13 12
             12 15
             15 9
             9 30
             ;
set F[23] := 2 3
             3 13
             13 12
             12 15
             15 9
             9 10
             10 31
             ;
set F[24] := 2 3
             3 21
             21 20
             20 19
             19 11
             11 32
             ;
set F[25] := 2 3
             3 13
             13 12
             12 33
             ;
set F[26] := 2 3
             3 13
             13 34
             ;
set F[27] := 2 3
             3 13
             13 12
             12 14
             14 35
             ;
set F[28] := 2 3
             3 13
             13 12
             12 15
             15 36
             ;
set F[29] := 2 3
             3 13
             13 12
             12 15
             15 16
             16 37
             ;
set F[30] := 2 3
             3 21
             21 1
             1 17
             17 38
             ;
set F[31] := 2 3
             3 21
             21 20
             20 19
             19 11
             11 18
             18 39
             ;
set F[32] := 2 3
             3 21
             21 20
             20 19
             19 40
             ;
set F[33] := 2 3
             3 21
             21 20
             20 41
             ;
set F[34] := 2 3
             3 21
             21 42
             ;
set F[35] := 3 21
             21 1
             1 22
             ;
set F[36] := 3 2
             2 23
             ;
set F[37] := 3 2
             2 4
             4 25
             ;
set F[38] := 3 2
             2 5
             5 26
             ;
set F[39] := 3 2
             2 5
             5 8
             8 6
             6 27
             ;
set F[40] := 3 2
             2 7
             7 28
             ;
set F[41] := 3 2
             2 5
             5 8
             8 29
             ;
set F[42] := 3 13
             13 12
             12 15
             15 9
             9 30
             ;
set F[43] := 3 21
             21 20
             20 19
             19 11
             11 32
             ;
set F[44] := 3 13
             13 12
             12 33
             ;
set F[45] := 3 13
             13 34
             ;
set F[46] := 3 13
             13 12
             12 14
             14 35
             ;
set F[47] := 3 13
             13 12
             12 15
             15 36
             ;
set F[48] := 3 13
             13 12
             12 15
             15 16
             16 37
             ;
set F[49] := 3 21
             21 1
             1 17
             17 38
             ;
set F[50] := 3 21
             21 20
             20 19
             19 11
             11 18
             18 39
             ;
set F[51] := 3 21
             21 20
             20 41
             ;
set F[52] := 3 21
             21 42
             ;
set F[53] := 4 2
             2 3
             3 21
             21 1
             1 22
             ;
set F[54] := 4 2
             2 23
             ;
set F[55] := 4 2
             2 3
             3 24
             ;
set F[56] := 4 5
             5 26
             ;
set F[57] := 4 5
             5 8
             8 6
             6 27
             ;
set F[58] := 4 2
             2 7
             7 28
             ;
set F[59] := 4 5
             5 8
             8 29
             ;
set F[60] := 4 2
             2 3
             3 13
             13 12
             12 15
             15 9
             9 30
             ;
set F[61] := 4 2
             2 3
             3 21
             21 20
             20 19
             19 11
             11 32
             ;
set F[62] := 4 2
             2 3
             3 13
             13 12
             12 33
             ;
set F[63] := 4 2
             2 3
             3 13
             13 34
             ;
set F[64] := 4 2
             2 3
             3 13
             13 12
             12 14
             14 35
             ;
set F[65] := 4 2
             2 3
             3 13
             13 12
             12 15
             15 36
             ;
set F[66] := 4 2
             2 3
             3 13
             13 12
             12 15
             15 16
             16 37
             ;
set F[67] := 4 2
             2 3
             3 21
             21 1
             1 17
             17 38
             ;
set F[68] := 4 2
             2 3
             3 21
             21 20
             20 19
             19 11
             11 18
             18 39
             ;
set F[69] := 4 2
             2 3
             3 21
             21 20
             20 19
             19 40
             ;
set F[70] := 4 2
             2 3
             3 21
             21 20
             20 41
             ;
set F[71] := 4 2
             2 3
             3 21
             21 42
             ;
set F[72] := 5 2
             2 3
             3 21
             21 1
             1 22
             ;
set F[73] := 5 2
             2 23
             ;
set F[74] := 5 2
             2 3
             3 24
             ;
set F[75] := 5 4
             4 25
             ;
set F[76] := 5 8
             8 6
             6 27
             ;
set F[77] := 5 2
             2 7
             7 28
             ;
set F[78] := 5 8
             8 29
             ;
set F[79] := 5 2
             2 3
             3 13
             13 12
             12 15
             15 9
             9 30
             ;
set F[80] := 5 2
             2 3
             3 21
             21 20
             20 19
             19 11
             11 32
             ;
set F[81] := 5 2
             2 3
             3 13
             13 12
             12 33
             ;
set F[82] := 5 2
             2 3
             3 13
             13 34
             ;
set F[83] := 5 2
             2 3
             3 13
             13 12
             12 14
             14 35
             ;
set F[84] := 5 2
             2 3
             3 13
             13 12
             12 15
             15 36
             ;
set F[85] := 5 2
             2 3
             3 13
             13 12
             12 15
             15 16
             16 37
             ;
set F[86] := 5 2
             2 3
             3 21
             21 1
             1 17
             17 38
             ;
set F[87] := 5 2
             2 3
             3 21
             21 20
             20 19
             19 11
             11 18
             18 39
             ;
set F[88] := 5 2
             2 3
             3 21
             21 20
             20 41
             ;
set F[89] := 5 2
             2 3
             3 21
             21 42
             ;
set F[90] := 6 8
             8 5
             5 2
             2 3
             3 21
             21 1
             1 22
             ;
set F[91] := 6 8
             8 5
             5 2
             2 23
             ;
set F[92] := 6 8
             8 5
             5 2
             2 3
             3 24
             ;
set F[93] := 6 8
             8 5
             5 4
             4 25
             ;
set F[94] := 6 8
             8 7
             7 28
             ;
set F[95] := 6 8
             8 29
             ;
set F[96] := 6 8
             8 5
             5 2
             2 3
             3 13
             13 12
             12 15
             15 9
             9 30
             ;
set F[97] := 6 8
             8 5
             5 2
             2 3
             3 21
             21 20
             20 19
             19 11
             11 32
             ;
set F[98] := 6 8
             8 5
             5 2
             2 3
             3 13
             13 12
             12 33
             ;
set F[99] := 6 8
             8 5
             5 2
             2 3
             3 13
             13 34
             ;
set F[100] := 6 8
              8 5
              5 2
              2 3
              3 13
              13 12
              12 14
              14 35
              ;
set F[101] := 6 8
              8 5
              5 2
              2 3
              3 13
              13 12
              12 15
              15 36
              ;
set F[102] := 6 8
              8 5
              5 2
              2 3
              3 13
              13 12
              12 15
              15 16
              16 37
              ;
set F[103] := 6 8
              8 5
              5 2
              2 3
              3 21
              21 1
              1 17
              17 38
              ;
set F[104] := 6 8
              8 5
              5 2
              2 3
              3 21
              21 20
              20 41
              ;
set F[105] := 6 8
              8 5
              5 2
              2 3
              3 21
              21 42
              ;
set F[106] := 7 2
              2 3
              3 21
              21 1
              1 22
              ;
set F[107] := 7 2
              2 23
              ;
set F[108] := 7 2
              2 3
              3 24
              ;
set F[109] := 7 2
              2 4
              4 25
              ;
set F[110] := 7 2
              2 5
              5 26
              ;
set F[111] := 7 8
              8 6
              6 27
              ;
set F[112] := 7 8
              8 29
              ;
set F[113] := 7 2
              2 3
              3 13
              13 12
              12 15
              15 9
              9 30
              ;
set F[114] := 7 2
              2 3
              3 21
              21 20
              20 19
              19 11
              11 32
              ;
set F[115] := 7 2
              2 3
              3 13
              13 12
              12 33
              ;
set F[116] := 7 2
              2 3
              3 13
              13 34
              ;
set F[117] := 7 2
              2 3
              3 13
              13 12
              12 14
              14 35
              ;
set F[118] := 7 2
              2 3
              3 13
              13 12
              12 15
              15 36
              ;
set F[119] := 7 2
              2 3
              3 13
              13 12
              12 15
              15 16
              16 37
              ;
set F[120] := 7 2
              2 3
              3 21
              21 1
              1 17
              17 38
              ;
set F[121] := 7 2
              2 3
              3 21
              21 20
              20 19
              19 11
              11 18
              18 39
              ;
set F[122] := 7 2
              2 3
              3 21
              21 20
              20 41
              ;
set F[123] := 7 2
              2 3
              3 21
              21 42
              ;
set F[124] := 8 5
              5 2
              2 3
              3 21
              21 1
              1 22
              ;
set F[125] := 8 5
              5 2
              2 23
              ;
set F[126] := 8 5
              5 2
              2 3
              3 24
              ;
set F[127] := 8 5
              5 4
              4 25
              ;
set F[128] := 8 5
              5 26
              ;
set F[129] := 8 6
              6 27
              ;
set F[130] := 8 7
              7 28
              ;
set F[131] := 8 5
              5 2
              2 3
              3 13
              13 12
              12 15
              15 9
              9 30
              ;
set F[132] := 8 5
              5 2
              2 3
              3 13
              13 12
              12 15
              15 9
              9 10
              10 31
              ;
set F[133] := 8 5
              5 2
              2 3
              3 21
              21 20
              20 19
              19 11
              11 32
              ;
set F[134] := 8 5
              5 2
              2 3
              3 13
              13 12
              12 33
              ;
set F[135] := 8 5
              5 2
              2 3
              3 13
              13 34
              ;
set F[136] := 8 5
              5 2
              2 3
              3 13
              13 12
              12 14
              14 35
              ;
set F[137] := 8 5
              5 2
              2 3
              3 13
              13 12
              12 15
              15 36
              ;
set F[138] := 8 5
              5 2
              2 3
              3 13
              13 12
              12 15
              15 16
              16 37
              ;
set F[139] := 8 5
              5 2
              2 3
              3 21
              21 1
              1 17
              17 38
              ;
set F[140] := 8 5
              5 2
              2 3
              3 21
              21 20
              20 19
              19 11
              11 18
              18 39
              ;
set F[141] := 8 5
              5 2
              2 3
              3 21
              21 20
              20 19
              19 40
              ;
set F[142] := 8 5
              5 2
              2 3
              3 21
              21 20
              20 41
              ;
set F[143] := 8 5
              5 2
              2 3
              3 21
              21 42
              ;
set F[144] := 9 15
              15 12
              12 13
              13 3
              3 2
              2 23
              ;
set F[145] := 9 15
              15 12
              12 13
              13 3
              3 24
              ;
set F[146] := 9 15
              15 12
              12 13
              13 3
              3 2
              2 4
              4 25
              ;
set F[147] := 9 15
              15 12
              12 13
              13 3
              3 2
              2 7
              7 28
              ;
set F[148] := 9 15
              15 12
              12 13
              13 3
              3 2
              2 5
              5 8
              8 29
              ;
set F[149] := 9 10
              10 11
              11 32
              ;
set F[150] := 9 15
              15 12
              12 33
              ;
set F[151] := 9 15
              15 14
              14 35
              ;
set F[152] := 9 15
              15 36
              ;
set F[153] := 9 15
              15 16
              16 37
              ;
set F[154] := 9 15
              15 12
              12 20
              20 17
              17 38
              ;
set F[155] := 9 15
              15 12
              12 20
              20 41
              ;
set F[156] := 9 15
              15 12
              12 20
              20 21
              21 42
              ;
set F[157] := 10 11
              11 19
              19 20
              20 17
              17 1
              1 22
              ;
set F[158] := 10 9
              9 15
              15 12
              12 13
              13 3
              3 2
              2 23
              ;
set F[159] := 10 9
              9 15
              15 12
              12 13
              13 3
              3 24
              ;
set F[160] := 10 9
              9 15
              15 12
              12 13
              13 3
              3 2
              2 4
              4 25
              ;
set F[161] := 10 9
              9 15
              15 12
              12 13
              13 3
              3 2
              2 5
              5 26
              ;
set F[162] := 10 9
              9 15
              15 12
              12 13
              13 3
              3 2
              2 5
              5 8
              8 6
              6 27
              ;
set F[163] := 10 9
              9 15
              15 12
              12 13
              13 3
              3 2
              2 7
              7 28
              ;
set F[164] := 10 9
              9 15
              15 12
              12 13
              13 3
              3 2
              2 5
              5 8
              8 29
              ;
set F[165] := 10 9
              9 30
              ;
set F[166] := 10 11
              11 32
              ;
set F[167] := 10 9
              9 15
              15 12
              12 33
              ;
set F[168] := 10 9
              9 15
              15 12
              12 13
              13 34
              ;
set F[169] := 10 9
              9 15
              15 14
              14 35
              ;
set F[170] := 10 9
              9 15
              15 36
              ;
set F[171] := 10 11
              11 16
              16 37
              ;
set F[172] := 10 11
              11 19
              19 20
              20 17
              17 38
              ;
set F[173] := 10 11
              11 18
              18 39
              ;
set F[174] := 10 11
              11 19
              19 40
              ;
set F[175] := 10 11
              11 19
              19 20
              20 41
              ;
set F[176] := 10 11
              11 19
              19 20
              20 21
              21 42
              ;
set F[177] := 11 19
              19 20
              20 17
              17 1
              1 22
              ;
set F[178] := 11 19
              19 20
              20 21
              21 3
              3 2
              2 23
              ;
set F[179] := 11 19
              19 20
              20 21
              21 3
              3 24
              ;
set F[180] := 11 19
              19 20
              20 21
              21 3
              3 2
              2 4
              4 25
              ;
set F[181] := 11 19
              19 20
              20 21
              21 3
              3 2
              2 5
              5 26
              ;
set F[182] := 11 19
              19 20
              20 21
              21 3
              3 2
              2 5
              5 8
              8 6
              6 27
              ;
set F[183] := 11 19
              19 20
              20 21
              21 3
              3 2
              2 7
              7 28
              ;
set F[184] := 11 19
              19 20
              20 21
              21 3
              3 2
              2 5
              5 8
              8 29
              ;
set F[185] := 11 10
              10 9
              9 30
              ;
set F[186] := 11 19
              19 20
              20 12
              12 33
              ;
set F[187] := 11 19
              19 20
              20 12
              12 13
              13 34
              ;
set F[188] := 11 16
              16 15
              15 14
              14 35
              ;
set F[189] := 11 16
              16 15
              15 36
              ;
set F[190] := 11 16
              16 37
              ;
set F[191] := 11 19
              19 20
              20 17
              17 38
              ;
set F[192] := 11 18
              18 39
              ;
set F[193] := 11 19
              19 40
              ;
set F[194] := 11 19
              19 20
              20 41
              ;
set F[195] := 11 19
              19 20
              20 21
              21 42
              ;
set F[196] := 12 20
              20 17
              17 1
              1 22
              ;
set F[197] := 12 13
              13 3
              3 2
              2 23
              ;
set F[198] := 12 13
              13 3
              3 24
              ;
set F[199] := 12 13
              13 3
              3 2
              2 4
              4 25
              ;
set F[200] := 12 13
              13 3
              3 2
              2 5
              5 26
              ;
set F[201] := 12 13
              13 3
              3 2
              2 5
              5 8
              8 6
              6 27
              ;
set F[202] := 12 13
              13 3
              3 2
              2 7
              7 28
              ;
set F[203] := 12 13
              13 3
              3 2
              2 5
              5 8
              8 29
              ;
set F[204] := 12 15
              15 9
              9 30
              ;
set F[205] := 12 15
              15 9
              9 10
              10 31
              ;
set F[206] := 12 20
              20 19
              19 11
              11 32
              ;
set F[207] := 12 13
              13 34
              ;
set F[208] := 12 14
              14 35
              ;
set F[209] := 12 15
              15 36
              ;
set F[210] := 12 15
              15 16
              16 37
              ;
set F[211] := 12 20
              20 17
              17 38
              ;
set F[212] := 12 20
              20 19
              19 11
              11 18
              18 39
              ;
set F[213] := 12 20
              20 19
              19 40
              ;
set F[214] := 12 20
              20 41
              ;
set F[215] := 12 20
              20 21
              21 42
              ;
set F[216] := 13 3
              3 21
              21 1
              1 22
              ;
set F[217] := 13 3
              3 2
              2 23
              ;
set F[218] := 13 3
              3 24
              ;
set F[219] := 13 3
              3 2
              2 4
              4 25
              ;
set F[220] := 13 3
              3 2
              2 5
              5 8
              8 6
              6 27
              ;
set F[221] := 13 3
              3 2
              2 7
              7 28
              ;
set F[222] := 13 3
              3 2
              2 5
              5 8
              8 29
              ;
set F[223] := 13 12
              12 15
              15 9
              9 30
              ;
set F[224] := 13 12
              12 20
              20 19
              19 11
              11 32
              ;
set F[225] := 13 12
              12 33
              ;
set F[226] := 13 12
              12 14
              14 35
              ;
set F[227] := 13 12
              12 15
              15 36
              ;
set F[228] := 13 12
              12 15
              15 16
              16 37
              ;
set F[229] := 13 12
              12 20
              20 17
              17 38
              ;
set F[230] := 13 12
              12 20
              20 41
              ;
set F[231] := 13 3
              3 21
              21 42
              ;
set F[232] := 14 12
              12 20
              20 17
              17 1
              1 22
              ;
set F[233] := 14 12
              12 13
              13 3
              3 2
              2 23
              ;
set F[234] := 14 12
              12 13
              13 3
              3 24
              ;
set F[235] := 14 12
              12 13
              13 3
              3 2
              2 4
              4 25
              ;
set F[236] := 14 12
              12 13
              13 3
              3 2
              2 5
              5 8
              8 6
              6 27
              ;
set F[237] := 14 12
              12 13
              13 3
              3 2
              2 7
              7 28
              ;
set F[238] := 14 12
              12 13
              13 3
              3 2
              2 5
              5 8
              8 29
              ;
set F[239] := 14 15
              15 9
              9 30
              ;
set F[240] := 14 15
              15 16
              16 11
              11 32
              ;
set F[241] := 14 12
              12 33
              ;
set F[242] := 14 12
              12 13
              13 34
              ;
set F[243] := 14 15
              15 36
              ;
set F[244] := 14 15
              15 16
              16 37
              ;
set F[245] := 14 12
              12 20
              20 17
              17 38
              ;
set F[246] := 14 12
              12 20
              20 41
              ;
set F[247] := 14 12
              12 20
              20 21
              21 42
              ;
set F[248] := 15 12
              12 20
              20 17
              17 1
              1 22
              ;
set F[249] := 15 12
              12 13
              13 3
              3 2
              2 23
              ;
set F[250] := 15 12
              12 13
              13 3
              3 24
              ;
set F[251] := 15 12
              12 13
              13 3
              3 2
              2 4
              4 25
              ;
set F[252] := 15 12
              12 13
              13 3
              3 2
              2 5
              5 26
              ;
set F[253] := 15 12
              12 13
              13 3
              3 2
              2 5
              5 8
              8 6
              6 27
              ;
set F[254] := 15 12
              12 13
              13 3
              3 2
              2 7
              7 28
              ;
set F[255] := 15 12
              12 13
              13 3
              3 2
              2 5
              5 8
              8 29
              ;
set F[256] := 15 9
              9 30
              ;
set F[257] := 15 16
              16 11
              11 32
              ;
set F[258] := 15 12
              12 33
              ;
set F[259] := 15 12
              12 13
              13 34
              ;
set F[260] := 15 14
              14 35
              ;
set F[261] := 15 16
              16 37
              ;
set F[262] := 15 12
              12 20
              20 17
              17 38
              ;
set F[263] := 15 16
              16 11
              11 18
              18 39
              ;
set F[264] := 15 12
              12 20
              20 41
              ;
set F[265] := 15 12
              12 20
              20 21
              21 42
              ;
set F[266] := 16 15
              15 12
              12 13
              13 3
              3 2
              2 23
              ;
set F[267] := 16 15
              15 12
              12 13
              13 3
              3 24
              ;
set F[268] := 16 15
              15 12
              12 13
              13 3
              3 2
              2 4
              4 25
              ;
set F[269] := 16 15
              15 12
              12 13
              13 3
              3 2
              2 5
              5 8
              8 6
              6 27
              ;
set F[270] := 16 15
              15 12
              12 13
              13 3
              3 2
              2 7
              7 28
              ;
set F[271] := 16 15
              15 12
              12 13
              13 3
              3 2
              2 5
              5 8
              8 29
              ;
set F[272] := 16 15
              15 9
              9 30
              ;
set F[273] := 16 11
              11 32
              ;
set F[274] := 16 15
              15 12
              12 33
              ;
set F[275] := 16 15
              15 14
              14 35
              ;
set F[276] := 16 15
              15 36
              ;
set F[277] := 16 11
              11 19
              19 20
              20 17
              17 38
              ;
set F[278] := 16 11
              11 19
              19 20
              20 41
              ;
set F[279] := 16 11
              11 19
              19 20
              20 21
              21 42
              ;
set F[280] := 17 1
              1 21
              21 3
              3 2
              2 23
              ;
set F[281] := 17 1
              1 21
              21 3
              3 24
              ;
set F[282] := 17 1
              1 21
              21 3
              3 2
              2 4
              4 25
              ;
set F[283] := 17 1
              1 21
              21 3
              3 2
              2 7
              7 28
              ;
set F[284] := 17 20
              20 19
              19 11
              11 32
              ;
set F[285] := 17 20
              20 12
              12 33
              ;
set F[286] := 17 20
              20 12
              12 15
              15 36
              ;
set F[287] := 17 20
              20 12
              12 15
              15 16
              16 37
              ;
set F[288] := 17 20
              20 41
              ;
set F[289] := 17 1
              1 21
              21 42
              ;
set F[290] := 18 11
              11 19
              19 20
              20 17
              17 1
              1 22
              ;
set F[291] := 18 11
              11 19
              19 20
              20 21
              21 3
              3 2
              2 23
              ;
set F[292] := 18 11
              11 19
              19 20
              20 21
              21 3
              3 24
              ;
set F[293] := 18 11
              11 19
              19 20
              20 21
              21 3
              3 2
              2 4
              4 25
              ;
set F[294] := 18 11
              11 19
              19 20
              20 21
              21 3
              3 2
              2 5
              5 26
              ;
set F[295] := 18 11
              11 19
              19 20
              20 21
              21 3
              3 2
              2 5
              5 8
              8 6
              6 27
              ;
set F[296] := 18 11
              11 19
              19 20
              20 21
              21 3
              3 2
              2 7
              7 28
              ;
set F[297] := 18 11
              11 19
              19 20
              20 21
              21 3
              3 2
              2 5
              5 8
              8 29
              ;
set F[298] := 18 11
              11 10
              10 9
              9 30
              ;
set F[299] := 18 11
              11 32
              ;
set F[300] := 18 11
              11 19
              19 20
              20 12
              12 33
              ;
set F[301] := 18 11
              11 19
              19 20
              20 12
              12 13
              13 34
              ;
set F[302] := 18 11
              11 16
              16 15
              15 14
              14 35
              ;
set F[303] := 18 11
              11 16
              16 15
              15 36
              ;
set F[304] := 18 11
              11 16
              16 37
              ;
set F[305] := 18 11
              11 19
              19 20
              20 17
              17 38
              ;
set F[306] := 18 11
              11 19
              19 20
              20 41
              ;
set F[307] := 18 11
              11 19
              19 20
              20 21
              21 42
              ;
set F[308] := 20 17
              17 1
              1 22
              ;
set F[309] := 20 21
              21 3
              3 2
              2 23
              ;
set F[310] := 20 21
              21 3
              3 24
              ;
set F[311] := 20 21
              21 3
              3 2
              2 4
              4 25
              ;
set F[312] := 20 21
              21 3
              3 2
              2 5
              5 26
              ;
set F[313] := 20 21
              21 3
              3 2
              2 5
              5 8
              8 6
              6 27
              ;
set F[314] := 20 21
              21 3
              3 2
              2 7
              7 28
              ;
set F[315] := 20 21
              21 3
              3 2
              2 5
              5 8
              8 29
              ;
set F[316] := 20 12
              12 15
              15 9
              9 30
              ;
set F[317] := 20 19
              19 11
              11 10
              10 31
              ;
set F[318] := 20 19
              19 11
              11 32
              ;
set F[319] := 20 12
              12 33
              ;
set F[320] := 20 12
              12 13
              13 34
              ;
set F[321] := 20 12
              12 14
              14 35
              ;
set F[322] := 20 12
              12 15
              15 36
              ;
set F[323] := 20 12
              12 15
              15 16
              16 37
              ;
set F[324] := 20 17
              17 38
              ;
set F[325] := 20 19
              19 11
              11 18
              18 39
              ;
set F[326] := 20 19
              19 40
              ;
set F[327] := 20 21
              21 42
              ;
set F[328] := 21 3
              3 2
              2 23
              ;
set F[329] := 21 3
              3 24
              ;
set F[330] := 21 3
              3 2
              2 7
              7 28
              ;
set F[331] := 21 20
              20 19
              19 11
              11 32
              ;
set F[332] := 21 20
              20 12
              12 33
              ;
set F[333] := 21 20
              20 12
              12 15
              15 36
              ;
set F[334] := 21 20
              20 12
              12 15
              15 16
              16 37
              ;
set F[335] := 21 1
              1 17
              17 38
              ;
set F[336] := 21 20
              20 41
              ;
set Last[1] := 2 23;
set Last[2] := 3 24;
set Last[3] := 4 25;
set Last[4] := 7 28;
set Last[5] := 8 29;
set Last[6] := 9 30;
set Last[7] := 11 32;
set Last[8] := 12 33;
set Last[9] := 14 35;
set Last[10] := 15 36;
set Last[11] := 16 37;
set Last[12] := 17 38;
set Last[13] := 20 41;
set Last[14] := 21 42;
set Last[15] := 1 22;
set Last[16] := 3 24;
set Last[17] := 4 25;
set Last[18] := 5 26;
set Last[19] := 6 27;
set Last[20] := 7 28;
set Last[21] := 8 29;
set Last[22] := 9 30;
set Last[23] := 10 31;
set Last[24] := 11 32;
set Last[25] := 12 33;
set Last[26] := 13 34;
set Last[27] := 14 35;
set Last[28] := 15 36;
set Last[29] := 16 37;
set Last[30] := 17 38;
set Last[31] := 18 39;
set Last[32] := 19 40;
set Last[33] := 20 41;
set Last[34] := 21 42;
set Last[35] := 1 22;
set Last[36] := 2 23;
set Last[37] := 4 25;
set Last[38] := 5 26;
set Last[39] := 6 27;
set Last[40] := 7 28;
set Last[41] := 8 29;
set Last[42] := 9 30;
set Last[43] := 11 32;
set Last[44] := 12 33;
set Last[45] := 13 34;
set Last[46] := 14 35;
set Last[47] := 15 36;
set Last[48] := 16 37;
set Last[49] := 17 38;
set Last[50] := 18 39;
set Last[51] := 20 41;
set Last[52] := 21 42;
set Last[53] := 1 22;
set Last[54] := 2 23;
set Last[55] := 3 24;
set Last[56] := 5 26;
set Last[57] := 6 27;
set Last[58] := 7 28;
set Last[59] := 8 29;
set Last[60] := 9 30;
set Last[61] := 11 32;
set Last[62] := 12 33;
set Last[63] := 13 34;
set Last[64] := 14 35;
set Last[65] := 15 36;
set Last[66] := 16 37;
set Last[67] := 17 38;
set Last[68] := 18 39;
set Last[69] := 19 40;
set Last[70] := 20 41;
set Last[71] := 21 42;
set Last[72] := 1 22;
set Last[73] := 2 23;
set Last[74] := 3 24;
set Last[75] := 4 25;
set Last[76] := 6 27;
set Last[77] := 7 28;
set Last[78] := 8 29;
set Last[79] := 9 30;
set Last[80] := 11 32;
set Last[81] := 12 33;
set Last[82] := 13 34;
set Last[83] := 14 35;
set Last[84] := 15 36;
set Last[85] := 16 37;
set Last[86] := 17 38;
set Last[87] := 18 39;
set Last[88] := 20 41;
set Last[89] := 21 42;
set Last[90] := 1 22;
set Last[91] := 2 23;
set Last[92] := 3 24;
set Last[93] := 4 25;
set Last[94] := 7 28;
set Last[95] := 8 29;
set Last[96] := 9 30;
set Last[97] := 11 32;
set Last[98] := 12 33;
set Last[99] := 13 34;
set Last[100] := 14 35;
set Last[101] := 15 36;
set Last[102] := 16 37;
set Last[103] := 17 38;
set Last[104] := 20 41;
set Last[105] := 21 42;
set Last[106] := 1 22;
set Last[107] := 2 23;
set Last[108] := 3 24;
set Last[109] := 4 25;
set Last[110] := 5 26;
set Last[111] := 6 27;
set Last[112] := 8 29;
set Last[113] := 9 30;
set Last[114] := 11 32;
set Last[115] := 12 33;
set Last[116] := 13 34;
set Last[117] := 14 35;
set Last[118] := 15 36;
set Last[119] := 16 37;
set Last[120] := 17 38;
set Last[121] := 18 39;
set Last[122] := 20 41;
set Last[123] := 21 42;
set Last[124] := 1 22;
set Last[125] := 2 23;
set Last[126] := 3 24;
set Last[127] := 4 25;
set Last[128] := 5 26;
set Last[129] := 6 27;
set Last[130] := 7 28;
set Last[131] := 9 30;
set Last[132] := 10 31;
set Last[133] := 11 32;
set Last[134] := 12 33;
set Last[135] := 13 34;
set Last[136] := 14 35;
set Last[137] := 15 36;
set Last[138] := 16 37;
set Last[139] := 17 38;
set Last[140] := 18 39;
set Last[141] := 19 40;
set Last[142] := 20 41;
set Last[143] := 21 42;
set Last[144] := 2 23;
set Last[145] := 3 24;
set Last[146] := 4 25;
set Last[147] := 7 28;
set Last[148] := 8 29;
set Last[149] := 11 32;
set Last[150] := 12 33;
set Last[151] := 14 35;
set Last[152] := 15 36;
set Last[153] := 16 37;
set Last[154] := 17 38;
set Last[155] := 20 41;
set Last[156] := 21 42;
set Last[157] := 1 22;
set Last[158] := 2 23;
set Last[159] := 3 24;
set Last[160] := 4 25;
set Last[161] := 5 26;
set Last[162] := 6 27;
set Last[163] := 7 28;
set Last[164] := 8 29;
set Last[165] := 9 30;
set Last[166] := 11 32;
set Last[167] := 12 33;
set Last[168] := 13 34;
set Last[169] := 14 35;
set Last[170] := 15 36;
set Last[171] := 16 37;
set Last[172] := 17 38;
set Last[173] := 18 39;
set Last[174] := 19 40;
set Last[175] := 20 41;
set Last[176] := 21 42;
set Last[177] := 1 22;
set Last[178] := 2 23;
set Last[179] := 3 24;
set Last[180] := 4 25;
set Last[181] := 5 26;
set Last[182] := 6 27;
set Last[183] := 7 28;
set Last[184] := 8 29;
set Last[185] := 9 30;
set Last[186] := 12 33;
set Last[187] := 13 34;
set Last[188] := 14 35;
set Last[189] := 15 36;
set Last[190] := 16 37;
set Last[191] := 17 38;
set Last[192] := 18 39;
set Last[193] := 19 40;
set Last[194] := 20 41;
set Last[195] := 21 42;
set Last[196] := 1 22;
set Last[197] := 2 23;
set Last[198] := 3 24;
set Last[199] := 4 25;
set Last[200] := 5 26;
set Last[201] := 6 27;
set Last[202] := 7 28;
set Last[203] := 8 29;
set Last[204] := 9 30;
set Last[205] := 10 31;
set Last[206] := 11 32;
set Last[207] := 13 34;
set Last[208] := 14 35;
set Last[209] := 15 36;
set Last[210] := 16 37;
set Last[211] := 17 38;
set Last[212] := 18 39;
set Last[213] := 19 40;
set Last[214] := 20 41;
set Last[215] := 21 42;
set Last[216] := 1 22;
set Last[217] := 2 23;
set Last[218] := 3 24;
set Last[219] := 4 25;
set Last[220] := 6 27;
set Last[221] := 7 28;
set Last[222] := 8 29;
set Last[223] := 9 30;
set Last[224] := 11 32;
set Last[225] := 12 33;
set Last[226] := 14 35;
set Last[227] := 15 36;
set Last[228] := 16 37;
set Last[229] := 17 38;
set Last[230] := 20 41;
set Last[231] := 21 42;
set Last[232] := 1 22;
set Last[233] := 2 23;
set Last[234] := 3 24;
set Last[235] := 4 25;
set Last[236] := 6 27;
set Last[237] := 7 28;
set Last[238] := 8 29;
set Last[239] := 9 30;
set Last[240] := 11 32;
set Last[241] := 12 33;
set Last[242] := 13 34;
set Last[243] := 15 36;
set Last[244] := 16 37;
set Last[245] := 17 38;
set Last[246] := 20 41;
set Last[247] := 21 42;
set Last[248] := 1 22;
set Last[249] := 2 23;
set Last[250] := 3 24;
set Last[251] := 4 25;
set Last[252] := 5 26;
set Last[253] := 6 27;
set Last[254] := 7 28;
set Last[255] := 8 29;
set Last[256] := 9 30;
set Last[257] := 11 32;
set Last[258] := 12 33;
set Last[259] := 13 34;
set Last[260] := 14 35;
set Last[261] := 16 37;
set Last[262] := 17 38;
set Last[263] := 18 39;
set Last[264] := 20 41;
set Last[265] := 21 42;
set Last[266] := 2 23;
set Last[267] := 3 24;
set Last[268] := 4 25;
set Last[269] := 6 27;
set Last[270] := 7 28;
set Last[271] := 8 29;
set Last[272] := 9 30;
set Last[273] := 11 32;
set Last[274] := 12 33;
set Last[275] := 14 35;
set Last[276] := 15 36;
set Last[277] := 17 38;
set Last[278] := 20 41;
set Last[279] := 21 42;
set Last[280] := 2 23;
set Last[281] := 3 24;
set Last[282] := 4 25;
set Last[283] := 7 28;
set Last[284] := 11 32;
set Last[285] := 12 33;
set Last[286] := 15 36;
set Last[287] := 16 37;
set Last[288] := 20 41;
set Last[289] := 21 42;
set Last[290] := 1 22;
set Last[291] := 2 23;
set Last[292] := 3 24;
set Last[293] := 4 25;
set Last[294] := 5 26;
set Last[295] := 6 27;
set Last[296] := 7 28;
set Last[297] := 8 29;
set Last[298] := 9 30;
set Last[299] := 11 32;
set Last[300] := 12 33;
set Last[301] := 13 34;
set Last[302] := 14 35;
set Last[303] := 15 36;
set Last[304] := 16 37;
set Last[305] := 17 38;
set Last[306] := 20 41;
set Last[307] := 21 42;
set Last[308] := 1 22;
set Last[309] := 2 23;
set Last[310] := 3 24;
set Last[311] := 4 25;
set Last[312] := 5 26;
set Last[313] := 6 27;
set Last[314] := 7 28;
set Last[315] := 8 29;
set Last[316] := 9 30;
set Last[317] := 10 31;
set Last[318] := 11 32;
set Last[319] := 12 33;
set Last[320] := 13 34;
set Last[321] := 14 35;
set Last[322] := 15 36;
set Last[323] := 16 37;
set Last[324] := 17 38;
set Last[325] := 18 39;
set Last[326] := 19 40;
set Last[327] := 21 42;
set Last[328] := 2 23;
set Last[329] := 3 24;
set Last[330] := 7 28;
set Last[331] := 11 32;
set Last[332] := 12 33;
set Last[333] := 15 36;
set Last[334] := 16 37;
set Last[335] := 17 38;
set Last[336] := 20 41;

param q := 5;

end;
