data;

set V := 1 2 3 4 5 6 7 8 9 10 11 12 13 14 15 16 17 18 19 20 21 23 26 28 29 30 31 32 33 34 35 36 37 38 39 40 41 42 43;

set A := 1 4
         1 13
         1 23
         2 7
         2 20
         3 4
         3 14
         4 1
         4 3
         4 26
         5 8
         5 9
         6 9
         6 15
         6 28
         7 2
         7 8
         7 29
         8 5
         8 7
         8 10
         8 18
         8 20
         8 30
         9 5
         9 6
         9 15
         9 31
         10 8
         10 32
         11 19
         11 20
         11 33
         12 19
         12 21
         12 34
         13 1
         13 14
         13 21
         13 35
         14 3
         14 13
         14 20
         14 36
         15 6
         15 9
         15 16
         15 18
         15 37
         16 15
         16 17
         16 38
         17 16
         17 18
         17 39
         18 8
         18 15
         18 17
         18 19
         18 20
         18 40
         19 11
         19 12
         19 18
         19 41
         20 2
         20 8
         20 11
         20 14
         20 18
         20 42
         21 12
         21 13
         21 43
         ;

set S := 1 2 3 4 5 6 7 8 9 10 11 12 13 14 15 16 17 18 19 20 21 22 23 24 25 26 27 28 29 30 31 32 33 34 35 36 37 38 39 40 41 42 43 44 45 46 47 48 49 50 51 52 53 54 55 56 57 58 59 60 61 62 63 64 65 66 67 68 69 70 71 72 73 74 75 76 77 78 79 80 81 82 83 84 85 86 87 88 89 90 91 92 93 94 95 96 97 98 99 100 101 102 103 104 105 106 107 108 109 110 111 112 113 114 115 116 117 118 119 120 121 122 123 124 125 126 127 128 129 130 131 132 133 134 135 136 137 138 139 140 141 142 143 144 145 146 147 148 149 150 151 152 153 154 155 156 157 158 159 160 161 162 163 164 165 166 167 168 169 170 171 172 173 174 175 176 177 178 179 180 181 182 183 184 185 186 187 188 189 190 191 192 193 194 195 196 197 198 199 200 201 202 203 204 205 206 207 208 209 210 211 212 213 214 215 216 217 218 219 220 221 222 223 224 225 226 227 228 229 230 231 232 233 234 235 236 237 238 239 240 241 242 243 244 245 246 247 248 249 250 251 252 253 254 255 256 257 258 259 260 261 262 263 264 265 266 267 268 269 270 271 272 273 274 275 276 277 278 279 280 281 282 283 284 285 286 287 288 289 290 291 292 293 294 295 296 297 298 299 300 301 302 303 304 305 306 307 308 309 310 311 312 313 314 315 316 317 318 319 320 321 322 323 324 325 326 327 328 329 330 331 332 333 334 335 336;

set F[1] := 1 4
            4 26
            ;
set F[2] := 1 13
            13 14
            14 20
            20 18
            18 15
            15 6
            6 28
            ;
set F[3] := 1 13
            13 14
            14 20
            20 2
            2 7
            7 29
            ;
set F[4] := 1 13
            13 14
            14 20
            20 8
            8 30
            ;
set F[5] := 1 13
            13 14
            14 20
            20 8
            8 5
            5 9
            9 31
            ;
set F[6] := 1 13
            13 14
            14 20
            20 8
            8 10
            10 32
            ;
set F[7] := 1 13
            13 14
            14 20
            20 11
            11 33
            ;
set F[8] := 1 13
            13 21
            21 12
            12 34
            ;
set F[9] := 1 13
            13 35
            ;
set F[10] := 1 13
             13 14
             14 36
             ;
set F[11] := 1 13
             13 14
             14 20
             20 18
             18 15
             15 37
             ;
set F[12] := 1 13
             13 14
             14 20
             20 18
             18 15
             15 16
             16 38
             ;
set F[13] := 1 13
             13 14
             14 20
             20 18
             18 17
             17 39
             ;
set F[14] := 1 13
             13 14
             14 20
             20 18
             18 40
             ;
set F[15] := 1 13
             13 21
             21 12
             12 19
             19 41
             ;
set F[16] := 1 13
             13 14
             14 20
             20 42
             ;
set F[17] := 1 13
             13 21
             21 43
             ;
set F[18] := 2 20
             20 14
             14 13
             13 1
             1 23
             ;
set F[19] := 2 20
             20 14
             14 3
             3 4
             4 26
             ;
set F[20] := 2 20
             20 18
             18 15
             15 6
             6 28
             ;
set F[21] := 2 7
             7 29
             ;
set F[22] := 2 20
             20 8
             8 30
             ;
set F[23] := 2 20
             20 8
             8 5
             5 9
             9 31
             ;
set F[24] := 2 20
             20 8
             8 10
             10 32
             ;
set F[25] := 2 20
             20 11
             11 33
             ;
set F[26] := 2 20
             20 14
             14 13
             13 35
             ;
set F[27] := 2 20
             20 14
             14 36
             ;
set F[28] := 2 20
             20 18
             18 15
             15 37
             ;
set F[29] := 2 20
             20 18
             18 15
             15 16
             16 38
             ;
set F[30] := 2 20
             20 18
             18 17
             17 39
             ;
set F[31] := 2 20
             20 18
             18 40
             ;
set F[32] := 2 20
             20 11
             11 19
             19 41
             ;
set F[33] := 2 20
             20 42
             ;
set F[34] := 2 20
             20 14
             14 13
             13 21
             21 43
             ;
set F[35] := 3 4
             4 1
             1 23
             ;
set F[36] := 3 4
             4 26
             ;
set F[37] := 3 14
             14 20
             20 18
             18 15
             15 6
             6 28
             ;
set F[38] := 3 14
             14 20
             20 2
             2 7
             7 29
             ;
set F[39] := 3 14
             14 20
             20 8
             8 30
             ;
set F[40] := 3 14
             14 20
             20 8
             8 5
             5 9
             9 31
             ;
set F[41] := 3 14
             14 20
             20 8
             8 10
             10 32
             ;
set F[42] := 3 14
             14 20
             20 11
             11 33
             ;
set F[43] := 3 14
             14 13
             13 35
             ;
set F[44] := 3 14
             14 36
             ;
set F[45] := 3 14
             14 20
             20 18
             18 15
             15 37
             ;
set F[46] := 3 14
             14 20
             20 18
             18 15
             15 16
             16 38
             ;
set F[47] := 3 14
             14 20
             20 18
             18 17
             17 39
             ;
set F[48] := 3 14
             14 20
             20 18
             18 40
             ;
set F[49] := 3 14
             14 20
             20 11
             11 19
             19 41
             ;
set F[50] := 3 14
             14 20
             20 42
             ;
set F[51] := 3 14
             14 13
             13 21
             21 43
             ;
set F[52] := 4 1
             1 23
             ;
set F[53] := 4 3
             3 14
             14 20
             20 18
             18 15
             15 6
             6 28
             ;
set F[54] := 4 3
             3 14
             14 20
             20 2
             2 7
             7 29
             ;
set F[55] := 4 3
             3 14
             14 20
             20 8
             8 30
             ;
set F[56] := 4 3
             3 14
             14 20
             20 8
             8 5
             5 9
             9 31
             ;
set F[57] := 4 3
             3 14
             14 20
             20 8
             8 10
             10 32
             ;
set F[58] := 4 3
             3 14
             14 20
             20 11
             11 33
             ;
set F[59] := 4 1
             1 13
             13 21
             21 12
             12 34
             ;
set F[60] := 4 1
             1 13
             13 35
             ;
set F[61] := 4 3
             3 14
             14 36
             ;
set F[62] := 4 3
             3 14
             14 20
             20 18
             18 15
             15 37
             ;
set F[63] := 4 3
             3 14
             14 20
             20 18
             18 15
             15 16
             16 38
             ;
set F[64] := 4 3
             3 14
             14 20
             20 18
             18 17
             17 39
             ;
set F[65] := 4 3
             3 14
             14 20
             20 18
             18 40
             ;
set F[66] := 4 1
             1 13
             13 21
             21 12
             12 19
             19 41
             ;
set F[67] := 4 3
             3 14
             14 20
             20 42
             ;
set F[68] := 4 1
             1 13
             13 21
             21 43
             ;
set F[69] := 5 8
             8 20
             20 14
             14 13
             13 1
             1 23
             ;
set F[70] := 5 8
             8 20
             20 14
             14 3
             3 4
             4 26
             ;
set F[71] := 5 9
             9 6
             6 28
             ;
set F[72] := 5 8
             8 7
             7 29
             ;
set F[73] := 5 8
             8 30
             ;
set F[74] := 5 9
             9 31
             ;
set F[75] := 5 8
             8 10
             10 32
             ;
set F[76] := 5 8
             8 20
             20 11
             11 33
             ;
set F[77] := 5 8
             8 18
             18 19
             19 12
             12 34
             ;
set F[78] := 5 8
             8 20
             20 14
             14 13
             13 35
             ;
set F[79] := 5 8
             8 20
             20 14
             14 36
             ;
set F[80] := 5 9
             9 15
             15 37
             ;
set F[81] := 5 9
             9 15
             15 16
             16 38
             ;
set F[82] := 5 8
             8 18
             18 17
             17 39
             ;
set F[83] := 5 8
             8 18
             18 40
             ;
set F[84] := 5 8
             8 18
             18 19
             19 41
             ;
set F[85] := 5 8
             8 20
             20 42
             ;
set F[86] := 5 8
             8 20
             20 14
             14 13
             13 21
             21 43
             ;
set F[87] := 6 15
             15 18
             18 20
             20 14
             14 13
             13 1
             1 23
             ;
set F[88] := 6 15
             15 18
             18 20
             20 14
             14 3
             3 4
             4 26
             ;
set F[89] := 6 9
             9 5
             5 8
             8 7
             7 29
             ;
set F[90] := 6 9
             9 5
             5 8
             8 30
             ;
set F[91] := 6 9
             9 31
             ;
set F[92] := 6 9
             9 5
             5 8
             8 10
             10 32
             ;
set F[93] := 6 15
             15 18
             18 19
             19 11
             11 33
             ;
set F[94] := 6 15
             15 18
             18 20
             20 14
             14 13
             13 35
             ;
set F[95] := 6 15
             15 18
             18 20
             20 14
             14 36
             ;
set F[96] := 6 15
             15 37
             ;
set F[97] := 6 15
             15 16
             16 38
             ;
set F[98] := 6 15
             15 18
             18 17
             17 39
             ;
set F[99] := 6 15
             15 18
             18 40
             ;
set F[100] := 6 15
              15 18
              18 19
              19 41
              ;
set F[101] := 6 15
              15 18
              18 20
              20 42
              ;
set F[102] := 6 15
              15 18
              18 19
              19 12
              12 21
              21 43
              ;
set F[103] := 7 2
              2 20
              20 14
              14 13
              13 1
              1 23
              ;
set F[104] := 7 2
              2 20
              20 14
              14 3
              3 4
              4 26
              ;
set F[105] := 7 8
              8 5
              5 9
              9 6
              6 28
              ;
set F[106] := 7 8
              8 30
              ;
set F[107] := 7 8
              8 5
              5 9
              9 31
              ;
set F[108] := 7 8
              8 10
              10 32
              ;
set F[109] := 7 2
              2 20
              20 11
              11 33
              ;
set F[110] := 7 2
              2 20
              20 14
              14 13
              13 35
              ;
set F[111] := 7 2
              2 20
              20 14
              14 36
              ;
set F[112] := 7 8
              8 18
              18 15
              15 37
              ;
set F[113] := 7 8
              8 18
              18 15
              15 16
              16 38
              ;
set F[114] := 7 8
              8 18
              18 17
              17 39
              ;
set F[115] := 7 8
              8 18
              18 40
              ;
set F[116] := 7 8
              8 18
              18 19
              19 41
              ;
set F[117] := 7 2
              2 20
              20 42
              ;
set F[118] := 7 2
              2 20
              20 14
              14 13
              13 21
              21 43
              ;
set F[119] := 8 20
              20 14
              14 13
              13 1
              1 23
              ;
set F[120] := 8 20
              20 14
              14 3
              3 4
              4 26
              ;
set F[121] := 8 5
              5 9
              9 6
              6 28
              ;
set F[122] := 8 7
              7 29
              ;
set F[123] := 8 5
              5 9
              9 31
              ;
set F[124] := 8 10
              10 32
              ;
set F[125] := 8 20
              20 11
              11 33
              ;
set F[126] := 8 18
              18 19
              19 12
              12 34
              ;
set F[127] := 8 20
              20 14
              14 13
              13 35
              ;
set F[128] := 8 20
              20 14
              14 36
              ;
set F[129] := 8 18
              18 15
              15 37
              ;
set F[130] := 8 18
              18 15
              15 16
              16 38
              ;
set F[131] := 8 18
              18 17
              17 39
              ;
set F[132] := 8 18
              18 40
              ;
set F[133] := 8 18
              18 19
              19 41
              ;
set F[134] := 8 20
              20 42
              ;
set F[135] := 8 20
              20 14
              14 13
              13 21
              21 43
              ;
set F[136] := 9 5
              5 8
              8 20
              20 14
              14 13
              13 1
              1 23
              ;
set F[137] := 9 5
              5 8
              8 20
              20 14
              14 3
              3 4
              4 26
              ;
set F[138] := 9 6
              6 28
              ;
set F[139] := 9 5
              5 8
              8 7
              7 29
              ;
set F[140] := 9 5
              5 8
              8 30
              ;
set F[141] := 9 5
              5 8
              8 10
              10 32
              ;
set F[142] := 9 5
              5 8
              8 20
              20 11
              11 33
              ;
set F[143] := 9 15
              15 18
              18 19
              19 12
              12 34
              ;
set F[144] := 9 5
              5 8
              8 20
              20 14
              14 13
              13 35
              ;
set F[145] := 9 5
              5 8
              8 20
              20 14
              14 36
              ;
set F[146] := 9 15
              15 37
              ;
set F[147] := 9 15
              15 16
              16 38
              ;
set F[148] := 9 15
              15 18
              18 17
              17 39
              ;
set F[149] := 9 15
              15 18
              18 40
              ;
set F[150] := 9 15
              15 18
              18 19
              19 41
              ;
set F[151] := 9 5
              5 8
              8 20
              20 42
              ;
set F[152] := 9 15
              15 18
              18 19
              19 12
              12 21
              21 43
              ;
set F[153] := 10 8
              8 20
              20 14
              14 13
              13 1
              1 23
              ;
set F[154] := 10 8
              8 20
              20 14
              14 3
              3 4
              4 26
              ;
set F[155] := 10 8
              8 5
              5 9
              9 6
              6 28
              ;
set F[156] := 10 8
              8 7
              7 29
              ;
set F[157] := 10 8
              8 30
              ;
set F[158] := 10 8
              8 5
              5 9
              9 31
              ;
set F[159] := 10 8
              8 20
              20 11
              11 33
              ;
set F[160] := 10 8
              8 20
              20 14
              14 13
              13 35
              ;
set F[161] := 10 8
              8 20
              20 14
              14 36
              ;
set F[162] := 10 8
              8 18
              18 15
              15 37
              ;
set F[163] := 10 8
              8 18
              18 15
              15 16
              16 38
              ;
set F[164] := 10 8
              8 18
              18 17
              17 39
              ;
set F[165] := 10 8
              8 18
              18 40
              ;
set F[166] := 10 8
              8 18
              18 19
              19 41
              ;
set F[167] := 10 8
              8 20
              20 42
              ;
set F[168] := 10 8
              8 20
              20 14
              14 13
              13 21
              21 43
              ;
set F[169] := 11 20
              20 14
              14 13
              13 1
              1 23
              ;
set F[170] := 11 20
              20 14
              14 3
              3 4
              4 26
              ;
set F[171] := 11 19
              19 18
              18 15
              15 6
              6 28
              ;
set F[172] := 11 20
              20 2
              2 7
              7 29
              ;
set F[173] := 11 20
              20 8
              8 30
              ;
set F[174] := 11 19
              19 18
              18 15
              15 9
              9 31
              ;
set F[175] := 11 20
              20 8
              8 10
              10 32
              ;
set F[176] := 11 20
              20 14
              14 13
              13 35
              ;
set F[177] := 11 20
              20 14
              14 36
              ;
set F[178] := 11 19
              19 18
              18 15
              15 37
              ;
set F[179] := 11 19
              19 18
              18 15
              15 16
              16 38
              ;
set F[180] := 11 19
              19 18
              18 17
              17 39
              ;
set F[181] := 11 19
              19 18
              18 40
              ;
set F[182] := 11 19
              19 41
              ;
set F[183] := 11 20
              20 42
              ;
set F[184] := 11 19
              19 12
              12 21
              21 43
              ;
set F[185] := 12 19
              19 18
              18 40
              ;
set F[186] := 13 1
              1 23
              ;
set F[187] := 13 1
              1 4
              4 26
              ;
set F[188] := 13 14
              14 20
              20 18
              18 15
              15 6
              6 28
              ;
set F[189] := 13 14
              14 20
              20 2
              2 7
              7 29
              ;
set F[190] := 13 14
              14 20
              20 8
              8 30
              ;
set F[191] := 13 14
              14 20
              20 8
              8 5
              5 9
              9 31
              ;
set F[192] := 13 14
              14 20
              20 8
              8 10
              10 32
              ;
set F[193] := 13 14
              14 20
              20 11
              11 33
              ;
set F[194] := 13 14
              14 36
              ;
set F[195] := 13 14
              14 20
              20 18
              18 15
              15 37
              ;
set F[196] := 13 14
              14 20
              20 18
              18 15
              15 16
              16 38
              ;
set F[197] := 13 14
              14 20
              20 18
              18 17
              17 39
              ;
set F[198] := 13 14
              14 20
              20 18
              18 40
              ;
set F[199] := 13 21
              21 12
              12 19
              19 41
              ;
set F[200] := 13 14
              14 20
              20 42
              ;
set F[201] := 13 21
              21 43
              ;
set F[202] := 14 13
              13 1
              1 23
              ;
set F[203] := 14 3
              3 4
              4 26
              ;
set F[204] := 14 20
              20 18
              18 15
              15 6
              6 28
              ;
set F[205] := 14 20
              20 2
              2 7
              7 29
              ;
set F[206] := 14 20
              20 8
              8 30
              ;
set F[207] := 14 20
              20 8
              8 5
              5 9
              9 31
              ;
set F[208] := 14 20
              20 8
              8 10
              10 32
              ;
set F[209] := 14 20
              20 11
              11 33
              ;
set F[210] := 14 13
              13 21
              21 12
              12 34
              ;
set F[211] := 14 13
              13 35
              ;
set F[212] := 14 20
              20 18
              18 15
              15 37
              ;
set F[213] := 14 20
              20 18
              18 15
              15 16
              16 38
              ;
set F[214] := 14 20
              20 18
              18 17
              17 39
              ;
set F[215] := 14 20
              20 18
              18 40
              ;
set F[216] := 14 20
              20 11
              11 19
              19 41
              ;
set F[217] := 14 20
              20 42
              ;
set F[218] := 14 13
              13 21
              21 43
              ;
set F[219] := 15 18
              18 20
              20 14
              14 13
              13 1
              1 23
              ;
set F[220] := 15 18
              18 20
              20 14
              14 3
              3 4
              4 26
              ;
set F[221] := 15 6
              6 28
              ;
set F[222] := 15 18
              18 8
              8 7
              7 29
              ;
set F[223] := 15 18
              18 8
              8 30
              ;
set F[224] := 15 9
              9 31
              ;
set F[225] := 15 18
              18 8
              8 10
              10 32
              ;
set F[226] := 15 18
              18 19
              19 11
              11 33
              ;
set F[227] := 15 18
              18 20
              20 14
              14 13
              13 35
              ;
set F[228] := 15 18
              18 20
              20 14
              14 36
              ;
set F[229] := 15 16
              16 38
              ;
set F[230] := 15 18
              18 17
              17 39
              ;
set F[231] := 15 18
              18 40
              ;
set F[232] := 15 18
              18 19
              19 41
              ;
set F[233] := 15 18
              18 20
              20 42
              ;
set F[234] := 15 18
              18 19
              19 12
              12 21
              21 43
              ;
set F[235] := 16 15
              15 18
              18 20
              20 14
              14 13
              13 1
              1 23
              ;
set F[236] := 16 15
              15 18
              18 20
              20 14
              14 3
              3 4
              4 26
              ;
set F[237] := 16 15
              15 6
              6 28
              ;
set F[238] := 16 15
              15 18
              18 8
              8 7
              7 29
              ;
set F[239] := 16 15
              15 18
              18 8
              8 30
              ;
set F[240] := 16 15
              15 9
              9 31
              ;
set F[241] := 16 15
              15 18
              18 8
              8 10
              10 32
              ;
set F[242] := 16 15
              15 18
              18 19
              19 11
              11 33
              ;
set F[243] := 16 15
              15 18
              18 19
              19 12
              12 34
              ;
set F[244] := 16 15
              15 18
              18 20
              20 14
              14 13
              13 35
              ;
set F[245] := 16 15
              15 18
              18 20
              20 14
              14 36
              ;
set F[246] := 16 15
              15 37
              ;
set F[247] := 16 17
              17 39
              ;
set F[248] := 16 15
              15 18
              18 40
              ;
set F[249] := 16 15
              15 18
              18 19
              19 41
              ;
set F[250] := 16 15
              15 18
              18 20
              20 42
              ;
set F[251] := 16 15
              15 18
              18 19
              19 12
              12 21
              21 43
              ;
set F[252] := 17 18
              18 20
              20 14
              14 13
              13 1
              1 23
              ;
set F[253] := 17 18
              18 20
              20 14
              14 3
              3 4
              4 26
              ;
set F[254] := 17 16
              16 15
              15 6
              6 28
              ;
set F[255] := 17 18
              18 8
              8 7
              7 29
              ;
set F[256] := 17 18
              18 8
              8 30
              ;
set F[257] := 17 16
              16 15
              15 9
              9 31
              ;
set F[258] := 17 18
              18 8
              8 10
              10 32
              ;
set F[259] := 17 18
              18 19
              19 11
              11 33
              ;
set F[260] := 17 18
              18 19
              19 12
              12 34
              ;
set F[261] := 17 18
              18 20
              20 14
              14 13
              13 35
              ;
set F[262] := 17 18
              18 20
              20 14
              14 36
              ;
set F[263] := 17 16
              16 15
              15 37
              ;
set F[264] := 17 16
              16 38
              ;
set F[265] := 17 18
              18 40
              ;
set F[266] := 17 18
              18 19
              19 41
              ;
set F[267] := 17 18
              18 20
              20 42
              ;
set F[268] := 17 18
              18 19
              19 12
              12 21
              21 43
              ;
set F[269] := 18 20
              20 14
              14 13
              13 1
              1 23
              ;
set F[270] := 18 20
              20 14
              14 3
              3 4
              4 26
              ;
set F[271] := 18 15
              15 6
              6 28
              ;
set F[272] := 18 8
              8 7
              7 29
              ;
set F[273] := 18 8
              8 30
              ;
set F[274] := 18 15
              15 9
              9 31
              ;
set F[275] := 18 8
              8 10
              10 32
              ;
set F[276] := 18 19
              19 11
              11 33
              ;
set F[277] := 18 19
              19 12
              12 34
              ;
set F[278] := 18 20
              20 14
              14 13
              13 35
              ;
set F[279] := 18 20
              20 14
              14 36
              ;
set F[280] := 18 15
              15 37
              ;
set F[281] := 18 15
              15 16
              16 38
              ;
set F[282] := 18 17
              17 39
              ;
set F[283] := 18 19
              19 41
              ;
set F[284] := 18 20
              20 42
              ;
set F[285] := 18 19
              19 12
              12 21
              21 43
              ;
set F[286] := 19 12
              12 21
              21 13
              13 1
              1 23
              ;
set F[287] := 19 11
              11 20
              20 14
              14 3
              3 4
              4 26
              ;
set F[288] := 19 18
              18 15
              15 6
              6 28
              ;
set F[289] := 19 18
              18 8
              8 7
              7 29
              ;
set F[290] := 19 18
              18 8
              8 30
              ;
set F[291] := 19 18
              18 15
              15 9
              9 31
              ;
set F[292] := 19 18
              18 8
              8 10
              10 32
              ;
set F[293] := 19 11
              11 33
              ;
set F[294] := 19 12
              12 34
              ;
set F[295] := 19 12
              12 21
              21 13
              13 35
              ;
set F[296] := 19 11
              11 20
              20 14
              14 36
              ;
set F[297] := 19 18
              18 15
              15 37
              ;
set F[298] := 19 18
              18 15
              15 16
              16 38
              ;
set F[299] := 19 18
              18 17
              17 39
              ;
set F[300] := 19 18
              18 40
              ;
set F[301] := 19 11
              11 20
              20 42
              ;
set F[302] := 19 12
              12 21
              21 43
              ;
set F[303] := 20 14
              14 13
              13 1
              1 23
              ;
set F[304] := 20 14
              14 3
              3 4
              4 26
              ;
set F[305] := 20 18
              18 15
              15 6
              6 28
              ;
set F[306] := 20 2
              2 7
              7 29
              ;
set F[307] := 20 8
              8 30
              ;
set F[308] := 20 8
              8 5
              5 9
              9 31
              ;
set F[309] := 20 8
              8 10
              10 32
              ;
set F[310] := 20 11
              11 33
              ;
set F[311] := 20 11
              11 19
              19 12
              12 34
              ;
set F[312] := 20 14
              14 13
              13 35
              ;
set F[313] := 20 14
              14 36
              ;
set F[314] := 20 18
              18 15
              15 37
              ;
set F[315] := 20 18
              18 15
              15 16
              16 38
              ;
set F[316] := 20 18
              18 17
              17 39
              ;
set F[317] := 20 18
              18 40
              ;
set F[318] := 20 11
              11 19
              19 41
              ;
set F[319] := 20 14
              14 13
              13 21
              21 43
              ;
set F[320] := 21 13
              13 1
              1 23
              ;
set F[321] := 21 13
              13 1
              1 4
              4 26
              ;
set F[322] := 21 12
              12 19
              19 18
              18 15
              15 6
              6 28
              ;
set F[323] := 21 12
              12 19
              19 18
              18 8
              8 7
              7 29
              ;
set F[324] := 21 12
              12 19
              19 18
              18 8
              8 30
              ;
set F[325] := 21 12
              12 19
              19 18
              18 15
              15 9
              9 31
              ;
set F[326] := 21 12
              12 19
              19 18
              18 8
              8 10
              10 32
              ;
set F[327] := 21 12
              12 19
              19 11
              11 33
              ;
set F[328] := 21 12
              12 34
              ;
set F[329] := 21 13
              13 35
              ;
set F[330] := 21 13
              13 14
              14 36
              ;
set F[331] := 21 12
              12 19
              19 18
              18 15
              15 37
              ;
set F[332] := 21 12
              12 19
              19 18
              18 15
              15 16
              16 38
              ;
set F[333] := 21 12
              12 19
              19 18
              18 17
              17 39
              ;
set F[334] := 21 12
              12 19
              19 18
              18 40
              ;
set F[335] := 21 12
              12 19
              19 41
              ;
set F[336] := 21 13
              13 14
              14 20
              20 42
              ;
set Last[1] := 4 26;
set Last[2] := 6 28;
set Last[3] := 7 29;
set Last[4] := 8 30;
set Last[5] := 9 31;
set Last[6] := 10 32;
set Last[7] := 11 33;
set Last[8] := 12 34;
set Last[9] := 13 35;
set Last[10] := 14 36;
set Last[11] := 15 37;
set Last[12] := 16 38;
set Last[13] := 17 39;
set Last[14] := 18 40;
set Last[15] := 19 41;
set Last[16] := 20 42;
set Last[17] := 21 43;
set Last[18] := 1 23;
set Last[19] := 4 26;
set Last[20] := 6 28;
set Last[21] := 7 29;
set Last[22] := 8 30;
set Last[23] := 9 31;
set Last[24] := 10 32;
set Last[25] := 11 33;
set Last[26] := 13 35;
set Last[27] := 14 36;
set Last[28] := 15 37;
set Last[29] := 16 38;
set Last[30] := 17 39;
set Last[31] := 18 40;
set Last[32] := 19 41;
set Last[33] := 20 42;
set Last[34] := 21 43;
set Last[35] := 1 23;
set Last[36] := 4 26;
set Last[37] := 6 28;
set Last[38] := 7 29;
set Last[39] := 8 30;
set Last[40] := 9 31;
set Last[41] := 10 32;
set Last[42] := 11 33;
set Last[43] := 13 35;
set Last[44] := 14 36;
set Last[45] := 15 37;
set Last[46] := 16 38;
set Last[47] := 17 39;
set Last[48] := 18 40;
set Last[49] := 19 41;
set Last[50] := 20 42;
set Last[51] := 21 43;
set Last[52] := 1 23;
set Last[53] := 6 28;
set Last[54] := 7 29;
set Last[55] := 8 30;
set Last[56] := 9 31;
set Last[57] := 10 32;
set Last[58] := 11 33;
set Last[59] := 12 34;
set Last[60] := 13 35;
set Last[61] := 14 36;
set Last[62] := 15 37;
set Last[63] := 16 38;
set Last[64] := 17 39;
set Last[65] := 18 40;
set Last[66] := 19 41;
set Last[67] := 20 42;
set Last[68] := 21 43;
set Last[69] := 1 23;
set Last[70] := 4 26;
set Last[71] := 6 28;
set Last[72] := 7 29;
set Last[73] := 8 30;
set Last[74] := 9 31;
set Last[75] := 10 32;
set Last[76] := 11 33;
set Last[77] := 12 34;
set Last[78] := 13 35;
set Last[79] := 14 36;
set Last[80] := 15 37;
set Last[81] := 16 38;
set Last[82] := 17 39;
set Last[83] := 18 40;
set Last[84] := 19 41;
set Last[85] := 20 42;
set Last[86] := 21 43;
set Last[87] := 1 23;
set Last[88] := 4 26;
set Last[89] := 7 29;
set Last[90] := 8 30;
set Last[91] := 9 31;
set Last[92] := 10 32;
set Last[93] := 11 33;
set Last[94] := 13 35;
set Last[95] := 14 36;
set Last[96] := 15 37;
set Last[97] := 16 38;
set Last[98] := 17 39;
set Last[99] := 18 40;
set Last[100] := 19 41;
set Last[101] := 20 42;
set Last[102] := 21 43;
set Last[103] := 1 23;
set Last[104] := 4 26;
set Last[105] := 6 28;
set Last[106] := 8 30;
set Last[107] := 9 31;
set Last[108] := 10 32;
set Last[109] := 11 33;
set Last[110] := 13 35;
set Last[111] := 14 36;
set Last[112] := 15 37;
set Last[113] := 16 38;
set Last[114] := 17 39;
set Last[115] := 18 40;
set Last[116] := 19 41;
set Last[117] := 20 42;
set Last[118] := 21 43;
set Last[119] := 1 23;
set Last[120] := 4 26;
set Last[121] := 6 28;
set Last[122] := 7 29;
set Last[123] := 9 31;
set Last[124] := 10 32;
set Last[125] := 11 33;
set Last[126] := 12 34;
set Last[127] := 13 35;
set Last[128] := 14 36;
set Last[129] := 15 37;
set Last[130] := 16 38;
set Last[131] := 17 39;
set Last[132] := 18 40;
set Last[133] := 19 41;
set Last[134] := 20 42;
set Last[135] := 21 43;
set Last[136] := 1 23;
set Last[137] := 4 26;
set Last[138] := 6 28;
set Last[139] := 7 29;
set Last[140] := 8 30;
set Last[141] := 10 32;
set Last[142] := 11 33;
set Last[143] := 12 34;
set Last[144] := 13 35;
set Last[145] := 14 36;
set Last[146] := 15 37;
set Last[147] := 16 38;
set Last[148] := 17 39;
set Last[149] := 18 40;
set Last[150] := 19 41;
set Last[151] := 20 42;
set Last[152] := 21 43;
set Last[153] := 1 23;
set Last[154] := 4 26;
set Last[155] := 6 28;
set Last[156] := 7 29;
set Last[157] := 8 30;
set Last[158] := 9 31;
set Last[159] := 11 33;
set Last[160] := 13 35;
set Last[161] := 14 36;
set Last[162] := 15 37;
set Last[163] := 16 38;
set Last[164] := 17 39;
set Last[165] := 18 40;
set Last[166] := 19 41;
set Last[167] := 20 42;
set Last[168] := 21 43;
set Last[169] := 1 23;
set Last[170] := 4 26;
set Last[171] := 6 28;
set Last[172] := 7 29;
set Last[173] := 8 30;
set Last[174] := 9 31;
set Last[175] := 10 32;
set Last[176] := 13 35;
set Last[177] := 14 36;
set Last[178] := 15 37;
set Last[179] := 16 38;
set Last[180] := 17 39;
set Last[181] := 18 40;
set Last[182] := 19 41;
set Last[183] := 20 42;
set Last[184] := 21 43;
set Last[185] := 18 40;
set Last[186] := 1 23;
set Last[187] := 4 26;
set Last[188] := 6 28;
set Last[189] := 7 29;
set Last[190] := 8 30;
set Last[191] := 9 31;
set Last[192] := 10 32;
set Last[193] := 11 33;
set Last[194] := 14 36;
set Last[195] := 15 37;
set Last[196] := 16 38;
set Last[197] := 17 39;
set Last[198] := 18 40;
set Last[199] := 19 41;
set Last[200] := 20 42;
set Last[201] := 21 43;
set Last[202] := 1 23;
set Last[203] := 4 26;
set Last[204] := 6 28;
set Last[205] := 7 29;
set Last[206] := 8 30;
set Last[207] := 9 31;
set Last[208] := 10 32;
set Last[209] := 11 33;
set Last[210] := 12 34;
set Last[211] := 13 35;
set Last[212] := 15 37;
set Last[213] := 16 38;
set Last[214] := 17 39;
set Last[215] := 18 40;
set Last[216] := 19 41;
set Last[217] := 20 42;
set Last[218] := 21 43;
set Last[219] := 1 23;
set Last[220] := 4 26;
set Last[221] := 6 28;
set Last[222] := 7 29;
set Last[223] := 8 30;
set Last[224] := 9 31;
set Last[225] := 10 32;
set Last[226] := 11 33;
set Last[227] := 13 35;
set Last[228] := 14 36;
set Last[229] := 16 38;
set Last[230] := 17 39;
set Last[231] := 18 40;
set Last[232] := 19 41;
set Last[233] := 20 42;
set Last[234] := 21 43;
set Last[235] := 1 23;
set Last[236] := 4 26;
set Last[237] := 6 28;
set Last[238] := 7 29;
set Last[239] := 8 30;
set Last[240] := 9 31;
set Last[241] := 10 32;
set Last[242] := 11 33;
set Last[243] := 12 34;
set Last[244] := 13 35;
set Last[245] := 14 36;
set Last[246] := 15 37;
set Last[247] := 17 39;
set Last[248] := 18 40;
set Last[249] := 19 41;
set Last[250] := 20 42;
set Last[251] := 21 43;
set Last[252] := 1 23;
set Last[253] := 4 26;
set Last[254] := 6 28;
set Last[255] := 7 29;
set Last[256] := 8 30;
set Last[257] := 9 31;
set Last[258] := 10 32;
set Last[259] := 11 33;
set Last[260] := 12 34;
set Last[261] := 13 35;
set Last[262] := 14 36;
set Last[263] := 15 37;
set Last[264] := 16 38;
set Last[265] := 18 40;
set Last[266] := 19 41;
set Last[267] := 20 42;
set Last[268] := 21 43;
set Last[269] := 1 23;
set Last[270] := 4 26;
set Last[271] := 6 28;
set Last[272] := 7 29;
set Last[273] := 8 30;
set Last[274] := 9 31;
set Last[275] := 10 32;
set Last[276] := 11 33;
set Last[277] := 12 34;
set Last[278] := 13 35;
set Last[279] := 14 36;
set Last[280] := 15 37;
set Last[281] := 16 38;
set Last[282] := 17 39;
set Last[283] := 19 41;
set Last[284] := 20 42;
set Last[285] := 21 43;
set Last[286] := 1 23;
set Last[287] := 4 26;
set Last[288] := 6 28;
set Last[289] := 7 29;
set Last[290] := 8 30;
set Last[291] := 9 31;
set Last[292] := 10 32;
set Last[293] := 11 33;
set Last[294] := 12 34;
set Last[295] := 13 35;
set Last[296] := 14 36;
set Last[297] := 15 37;
set Last[298] := 16 38;
set Last[299] := 17 39;
set Last[300] := 18 40;
set Last[301] := 20 42;
set Last[302] := 21 43;
set Last[303] := 1 23;
set Last[304] := 4 26;
set Last[305] := 6 28;
set Last[306] := 7 29;
set Last[307] := 8 30;
set Last[308] := 9 31;
set Last[309] := 10 32;
set Last[310] := 11 33;
set Last[311] := 12 34;
set Last[312] := 13 35;
set Last[313] := 14 36;
set Last[314] := 15 37;
set Last[315] := 16 38;
set Last[316] := 17 39;
set Last[317] := 18 40;
set Last[318] := 19 41;
set Last[319] := 21 43;
set Last[320] := 1 23;
set Last[321] := 4 26;
set Last[322] := 6 28;
set Last[323] := 7 29;
set Last[324] := 8 30;
set Last[325] := 9 31;
set Last[326] := 10 32;
set Last[327] := 11 33;
set Last[328] := 12 34;
set Last[329] := 13 35;
set Last[330] := 14 36;
set Last[331] := 15 37;
set Last[332] := 16 38;
set Last[333] := 17 39;
set Last[334] := 18 40;
set Last[335] := 19 41;
set Last[336] := 20 42;

param q := 5;

end;
