data;

set V := 1 2 3 4 5 6 7 8 9 10 11 12 13 14 15 16 17 18 19 20 21 22 23 24 25 26 27 28 29 30 31 32 33 34 35 36 37 38 39 40 41 42 43 44 45 46 47 48 49 50 51 52 53 54 55 56;

set A := 1 21
         1 29
         2 21
         2 30
         3 4
         3 28
         3 31
         4 3
         4 7
         4 11
         4 12
         4 22
         4 32
         5 22
         5 33
         6 22
         6 34
         7 4
         7 35
         8 24
         8 36
         9 22
         9 37
         10 22
         10 38
         11 4
         11 39
         12 4
         12 40
         13 22
         13 41
         14 24
         14 42
         15 16
         15 43
         16 15
         16 17
         16 44
         17 16
         17 21
         17 45
         18 25
         18 46
         19 20
         19 27
         19 47
         20 19
         20 48
         21 1
         21 2
         21 17
         21 22
         21 49
         22 4
         22 5
         22 6
         22 9
         22 10
         22 13
         22 21
         22 23
         22 24
         22 25
         22 26
         22 50
         23 22
         23 51
         24 8
         24 14
         24 22
         24 52
         25 18
         25 22
         25 53
         26 22
         26 27
         26 54
         27 19
         27 26
         27 28
         27 55
         28 3
         28 27
         28 56
         ;

set S := 1 2 3 4 5 6 7 8 9 10 11 12 13 14 15 16 17 18 19 20 21 22 23 24 25 26 27 28 29 30 31 32 33 34 35 36 37 38 39 40 41 42 43 44 45 46 47 48 49 50 51 52 53 54 55 56 57 58 59 60 61 62 63 64 65 66 67 68 69 70 71 72 73 74 75 76 77 78 79 80 81 82 83 84 85 86 87 88 89 90 91 92 93 94 95 96 97 98 99 100 101 102 103 104 105 106 107 108 109 110 111 112 113 114 115 116 117 118 119 120 121 122 123 124 125 126 127 128 129 130 131 132 133 134 135 136 137 138 139 140 141 142 143 144 145 146 147 148 149 150 151 152 153 154 155 156 157 158 159 160 161 162 163 164 165 166 167 168 169 170 171 172 173 174 175 176 177 178 179 180 181 182 183 184 185 186 187 188 189 190 191 192 193 194 195 196 197 198 199 200 201 202 203 204 205 206 207 208 209 210 211 212 213 214 215 216 217 218 219 220 221 222 223 224 225 226 227 228 229 230 231 232 233 234 235 236 237 238 239 240 241 242 243 244 245 246 247 248 249 250 251 252 253 254 255 256 257 258 259 260 261 262 263 264 265 266 267 268 269 270 271 272 273 274 275 276 277 278 279 280 281 282 283 284 285 286 287 288 289 290 291 292 293 294 295 296 297 298 299 300 301 302 303 304 305 306 307 308 309 310 311 312 313 314 315 316 317 318 319 320 321 322 323 324 325 326 327 328 329 330 331 332 333 334 335 336 337 338 339 340 341 342 343 344 345 346 347 348 349 350 351 352 353 354 355 356 357 358 359 360 361 362 363 364 365 366 367 368 369 370 371 372 373 374 375 376 377 378 379 380 381 382 383 384 385 386 387 388 389 390 391 392 393 394 395 396 397 398 399 400 401 402 403 404 405 406 407 408 409 410 411 412 413 414 415 416 417 418 419 420 421 422 423 424 425 426 427 428 429 430 431 432 433 434 435 436 437 438 439 440 441 442 443 444 445 446 447 448 449 450 451 452 453 454 455 456 457 458 459 460 461 462 463 464 465 466 467 468 469 470 471 472 473 474 475 476 477 478 479 480 481 482 483 484 485 486 487 488 489 490 491 492 493 494 495 496 497 498 499 500 501 502 503 504 505 506 507 508 509 510 511 512 513 514 515 516 517 518 519 520 521 522 523 524 525 526 527 528 529 530 531 532 533 534 535 536 537 538 539 540 541 542 543 544 545 546 547 548 549 550 551 552 553 554 555 556 557 558 559 560 561 562 563 564 565 566 567 568 569 570 571 572 573 574 575 576 577 578 579 580 581 582 583 584 585 586 587 588 589 590 591 592 593 594 595 596 597 598 599 600 601 602 603 604 605 606 607 608 609 610 611 612 613 614 615 616 617;

set F[1] := 1 21
            21 2
            2 30
            ;
set F[2] := 1 21
            21 22
            22 4
            4 3
            3 31
            ;
set F[3] := 1 21
            21 22
            22 4
            4 32
            ;
set F[4] := 1 21
            21 22
            22 5
            5 33
            ;
set F[5] := 1 21
            21 22
            22 6
            6 34
            ;
set F[6] := 1 21
            21 22
            22 4
            4 7
            7 35
            ;
set F[7] := 1 21
            21 22
            22 24
            24 8
            8 36
            ;
set F[8] := 1 21
            21 22
            22 9
            9 37
            ;
set F[9] := 1 21
            21 22
            22 10
            10 38
            ;
set F[10] := 1 21
             21 22
             22 4
             4 11
             11 39
             ;
set F[11] := 1 21
             21 22
             22 4
             4 12
             12 40
             ;
set F[12] := 1 21
             21 22
             22 13
             13 41
             ;
set F[13] := 1 21
             21 22
             22 24
             24 14
             14 42
             ;
set F[14] := 1 21
             21 17
             17 16
             16 15
             15 43
             ;
set F[15] := 1 21
             21 17
             17 16
             16 44
             ;
set F[16] := 1 21
             21 17
             17 45
             ;
set F[17] := 1 21
             21 22
             22 25
             25 18
             18 46
             ;
set F[18] := 1 21
             21 22
             22 26
             26 27
             27 19
             19 47
             ;
set F[19] := 1 21
             21 22
             22 26
             26 27
             27 19
             19 20
             20 48
             ;
set F[20] := 1 21
             21 49
             ;
set F[21] := 1 21
             21 22
             22 50
             ;
set F[22] := 1 21
             21 22
             22 23
             23 51
             ;
set F[23] := 1 21
             21 22
             22 24
             24 52
             ;
set F[24] := 1 21
             21 22
             22 25
             25 53
             ;
set F[25] := 1 21
             21 22
             22 26
             26 54
             ;
set F[26] := 1 21
             21 22
             22 26
             26 27
             27 55
             ;
set F[27] := 1 21
             21 22
             22 4
             4 3
             3 28
             28 56
             ;
set F[28] := 2 21
             21 1
             1 29
             ;
set F[29] := 2 21
             21 22
             22 4
             4 3
             3 31
             ;
set F[30] := 2 21
             21 22
             22 4
             4 32
             ;
set F[31] := 2 21
             21 22
             22 5
             5 33
             ;
set F[32] := 2 21
             21 22
             22 6
             6 34
             ;
set F[33] := 2 21
             21 22
             22 4
             4 7
             7 35
             ;
set F[34] := 2 21
             21 22
             22 24
             24 8
             8 36
             ;
set F[35] := 2 21
             21 22
             22 9
             9 37
             ;
set F[36] := 2 21
             21 22
             22 10
             10 38
             ;
set F[37] := 2 21
             21 22
             22 4
             4 11
             11 39
             ;
set F[38] := 2 21
             21 22
             22 4
             4 12
             12 40
             ;
set F[39] := 2 21
             21 22
             22 13
             13 41
             ;
set F[40] := 2 21
             21 22
             22 24
             24 14
             14 42
             ;
set F[41] := 2 21
             21 17
             17 16
             16 15
             15 43
             ;
set F[42] := 2 21
             21 17
             17 16
             16 44
             ;
set F[43] := 2 21
             21 17
             17 45
             ;
set F[44] := 2 21
             21 22
             22 25
             25 18
             18 46
             ;
set F[45] := 2 21
             21 22
             22 26
             26 27
             27 19
             19 47
             ;
set F[46] := 2 21
             21 22
             22 26
             26 27
             27 19
             19 20
             20 48
             ;
set F[47] := 2 21
             21 49
             ;
set F[48] := 2 21
             21 22
             22 50
             ;
set F[49] := 2 21
             21 22
             22 23
             23 51
             ;
set F[50] := 2 21
             21 22
             22 24
             24 52
             ;
set F[51] := 2 21
             21 22
             22 25
             25 53
             ;
set F[52] := 2 21
             21 22
             22 26
             26 54
             ;
set F[53] := 2 21
             21 22
             22 26
             26 27
             27 55
             ;
set F[54] := 2 21
             21 22
             22 4
             4 3
             3 28
             28 56
             ;
set F[55] := 3 4
             4 22
             22 21
             21 1
             1 29
             ;
set F[56] := 3 4
             4 22
             22 21
             21 2
             2 30
             ;
set F[57] := 3 4
             4 32
             ;
set F[58] := 3 4
             4 22
             22 5
             5 33
             ;
set F[59] := 3 4
             4 22
             22 6
             6 34
             ;
set F[60] := 3 4
             4 7
             7 35
             ;
set F[61] := 3 4
             4 22
             22 24
             24 8
             8 36
             ;
set F[62] := 3 4
             4 22
             22 9
             9 37
             ;
set F[63] := 3 4
             4 22
             22 10
             10 38
             ;
set F[64] := 3 4
             4 11
             11 39
             ;
set F[65] := 3 4
             4 12
             12 40
             ;
set F[66] := 3 4
             4 22
             22 13
             13 41
             ;
set F[67] := 3 4
             4 22
             22 24
             24 14
             14 42
             ;
set F[68] := 3 4
             4 22
             22 21
             21 17
             17 16
             16 15
             15 43
             ;
set F[69] := 3 4
             4 22
             22 21
             21 17
             17 16
             16 44
             ;
set F[70] := 3 4
             4 22
             22 21
             21 17
             17 45
             ;
set F[71] := 3 4
             4 22
             22 25
             25 18
             18 46
             ;
set F[72] := 3 28
             28 27
             27 19
             19 47
             ;
set F[73] := 3 28
             28 27
             27 19
             19 20
             20 48
             ;
set F[74] := 3 4
             4 22
             22 21
             21 49
             ;
set F[75] := 3 4
             4 22
             22 50
             ;
set F[76] := 3 4
             4 22
             22 23
             23 51
             ;
set F[77] := 3 4
             4 22
             22 24
             24 52
             ;
set F[78] := 3 4
             4 22
             22 25
             25 53
             ;
set F[79] := 3 28
             28 27
             27 26
             26 54
             ;
set F[80] := 3 28
             28 27
             27 55
             ;
set F[81] := 3 28
             28 56
             ;
set F[82] := 4 22
             22 21
             21 1
             1 29
             ;
set F[83] := 4 22
             22 21
             21 2
             2 30
             ;
set F[84] := 4 3
             3 31
             ;
set F[85] := 4 22
             22 5
             5 33
             ;
set F[86] := 4 22
             22 6
             6 34
             ;
set F[87] := 4 7
             7 35
             ;
set F[88] := 4 22
             22 24
             24 8
             8 36
             ;
set F[89] := 4 22
             22 9
             9 37
             ;
set F[90] := 4 22
             22 10
             10 38
             ;
set F[91] := 4 11
             11 39
             ;
set F[92] := 4 12
             12 40
             ;
set F[93] := 4 22
             22 13
             13 41
             ;
set F[94] := 4 22
             22 24
             24 14
             14 42
             ;
set F[95] := 4 22
             22 21
             21 17
             17 16
             16 15
             15 43
             ;
set F[96] := 4 22
             22 21
             21 17
             17 16
             16 44
             ;
set F[97] := 4 22
             22 21
             21 17
             17 45
             ;
set F[98] := 4 22
             22 25
             25 18
             18 46
             ;
set F[99] := 4 3
             3 28
             28 27
             27 19
             19 47
             ;
set F[100] := 4 3
              3 28
              28 27
              27 19
              19 20
              20 48
              ;
set F[101] := 4 22
              22 21
              21 49
              ;
set F[102] := 4 22
              22 50
              ;
set F[103] := 4 22
              22 23
              23 51
              ;
set F[104] := 4 22
              22 24
              24 52
              ;
set F[105] := 4 22
              22 25
              25 53
              ;
set F[106] := 4 22
              22 26
              26 54
              ;
set F[107] := 4 3
              3 28
              28 27
              27 55
              ;
set F[108] := 4 3
              3 28
              28 56
              ;
set F[109] := 5 22
              22 21
              21 2
              2 30
              ;
set F[110] := 5 22
              22 4
              4 32
              ;
set F[111] := 5 22
              22 21
              21 17
              17 45
              ;
set F[112] := 5 22
              22 25
              25 18
              18 46
              ;
set F[113] := 5 22
              22 50
              ;
set F[114] := 5 22
              22 25
              25 53
              ;
set F[115] := 6 22
              22 21
              21 1
              1 29
              ;
set F[116] := 6 22
              22 21
              21 2
              2 30
              ;
set F[117] := 6 22
              22 4
              4 3
              3 31
              ;
set F[118] := 6 22
              22 4
              4 32
              ;
set F[119] := 6 22
              22 4
              4 7
              7 35
              ;
set F[120] := 6 22
              22 9
              9 37
              ;
set F[121] := 6 22
              22 4
              4 12
              12 40
              ;
set F[122] := 6 22
              22 24
              24 14
              14 42
              ;
set F[123] := 6 22
              22 21
              21 17
              17 16
              16 15
              15 43
              ;
set F[124] := 6 22
              22 21
              21 17
              17 16
              16 44
              ;
set F[125] := 6 22
              22 21
              21 17
              17 45
              ;
set F[126] := 6 22
              22 25
              25 18
              18 46
              ;
set F[127] := 6 22
              22 26
              26 27
              27 19
              19 47
              ;
set F[128] := 6 22
              22 26
              26 27
              27 19
              19 20
              20 48
              ;
set F[129] := 6 22
              22 21
              21 49
              ;
set F[130] := 6 22
              22 50
              ;
set F[131] := 6 22
              22 23
              23 51
              ;
set F[132] := 6 22
              22 24
              24 52
              ;
set F[133] := 6 22
              22 25
              25 53
              ;
set F[134] := 6 22
              22 26
              26 54
              ;
set F[135] := 6 22
              22 26
              26 27
              27 55
              ;
set F[136] := 6 22
              22 4
              4 3
              3 28
              28 56
              ;
set F[137] := 7 4
              4 22
              22 21
              21 1
              1 29
              ;
set F[138] := 7 4
              4 22
              22 21
              21 2
              2 30
              ;
set F[139] := 7 4
              4 3
              3 31
              ;
set F[140] := 7 4
              4 32
              ;
set F[141] := 7 4
              4 22
              22 9
              9 37
              ;
set F[142] := 7 4
              4 12
              12 40
              ;
set F[143] := 7 4
              4 22
              22 24
              24 14
              14 42
              ;
set F[144] := 7 4
              4 22
              22 21
              21 17
              17 16
              16 44
              ;
set F[145] := 7 4
              4 22
              22 21
              21 17
              17 45
              ;
set F[146] := 7 4
              4 22
              22 25
              25 18
              18 46
              ;
set F[147] := 7 4
              4 3
              3 28
              28 27
              27 19
              19 47
              ;
set F[148] := 7 4
              4 3
              3 28
              28 27
              27 19
              19 20
              20 48
              ;
set F[149] := 7 4
              4 22
              22 21
              21 49
              ;
set F[150] := 7 4
              4 22
              22 50
              ;
set F[151] := 7 4
              4 22
              22 23
              23 51
              ;
set F[152] := 7 4
              4 22
              22 24
              24 52
              ;
set F[153] := 7 4
              4 22
              22 25
              25 53
              ;
set F[154] := 7 4
              4 22
              22 26
              26 54
              ;
set F[155] := 7 4
              4 3
              3 28
              28 27
              27 55
              ;
set F[156] := 7 4
              4 3
              3 28
              28 56
              ;
set F[157] := 8 24
              24 22
              22 21
              21 1
              1 29
              ;
set F[158] := 8 24
              24 22
              22 21
              21 2
              2 30
              ;
set F[159] := 8 24
              24 22
              22 4
              4 3
              3 31
              ;
set F[160] := 8 24
              24 22
              22 4
              4 32
              ;
set F[161] := 8 24
              24 22
              22 4
              4 7
              7 35
              ;
set F[162] := 8 24
              24 22
              22 4
              4 12
              12 40
              ;
set F[163] := 8 24
              24 14
              14 42
              ;
set F[164] := 8 24
              24 22
              22 21
              21 17
              17 45
              ;
set F[165] := 8 24
              24 22
              22 25
              25 18
              18 46
              ;
set F[166] := 8 24
              24 22
              22 26
              26 27
              27 19
              19 47
              ;
set F[167] := 8 24
              24 22
              22 26
              26 27
              27 19
              19 20
              20 48
              ;
set F[168] := 8 24
              24 22
              22 21
              21 49
              ;
set F[169] := 8 24
              24 22
              22 50
              ;
set F[170] := 8 24
              24 22
              22 23
              23 51
              ;
set F[171] := 8 24
              24 52
              ;
set F[172] := 8 24
              24 22
              22 25
              25 53
              ;
set F[173] := 8 24
              24 22
              22 26
              26 54
              ;
set F[174] := 8 24
              24 22
              22 26
              26 27
              27 55
              ;
set F[175] := 8 24
              24 22
              22 4
              4 3
              3 28
              28 56
              ;
set F[176] := 9 22
              22 21
              21 1
              1 29
              ;
set F[177] := 9 22
              22 21
              21 2
              2 30
              ;
set F[178] := 9 22
              22 4
              4 3
              3 31
              ;
set F[179] := 9 22
              22 4
              4 32
              ;
set F[180] := 9 22
              22 6
              6 34
              ;
set F[181] := 9 22
              22 4
              4 7
              7 35
              ;
set F[182] := 9 22
              22 10
              10 38
              ;
set F[183] := 9 22
              22 4
              4 12
              12 40
              ;
set F[184] := 9 22
              22 24
              24 14
              14 42
              ;
set F[185] := 9 22
              22 21
              21 17
              17 16
              16 15
              15 43
              ;
set F[186] := 9 22
              22 21
              21 17
              17 16
              16 44
              ;
set F[187] := 9 22
              22 21
              21 17
              17 45
              ;
set F[188] := 9 22
              22 25
              25 18
              18 46
              ;
set F[189] := 9 22
              22 26
              26 27
              27 19
              19 47
              ;
set F[190] := 9 22
              22 26
              26 27
              27 19
              19 20
              20 48
              ;
set F[191] := 9 22
              22 21
              21 49
              ;
set F[192] := 9 22
              22 50
              ;
set F[193] := 9 22
              22 23
              23 51
              ;
set F[194] := 9 22
              22 24
              24 52
              ;
set F[195] := 9 22
              22 25
              25 53
              ;
set F[196] := 9 22
              22 26
              26 54
              ;
set F[197] := 9 22
              22 26
              26 27
              27 55
              ;
set F[198] := 9 22
              22 4
              4 3
              3 28
              28 56
              ;
set F[199] := 10 22
              22 21
              21 1
              1 29
              ;
set F[200] := 10 22
              22 21
              21 2
              2 30
              ;
set F[201] := 10 22
              22 4
              4 3
              3 31
              ;
set F[202] := 10 22
              22 4
              4 32
              ;
set F[203] := 10 22
              22 4
              4 7
              7 35
              ;
set F[204] := 10 22
              22 9
              9 37
              ;
set F[205] := 10 22
              22 4
              4 12
              12 40
              ;
set F[206] := 10 22
              22 24
              24 14
              14 42
              ;
set F[207] := 10 22
              22 21
              21 17
              17 16
              16 15
              15 43
              ;
set F[208] := 10 22
              22 21
              21 17
              17 16
              16 44
              ;
set F[209] := 10 22
              22 21
              21 17
              17 45
              ;
set F[210] := 10 22
              22 25
              25 18
              18 46
              ;
set F[211] := 10 22
              22 26
              26 27
              27 19
              19 47
              ;
set F[212] := 10 22
              22 26
              26 27
              27 19
              19 20
              20 48
              ;
set F[213] := 10 22
              22 21
              21 49
              ;
set F[214] := 10 22
              22 50
              ;
set F[215] := 10 22
              22 23
              23 51
              ;
set F[216] := 10 22
              22 24
              24 52
              ;
set F[217] := 10 22
              22 25
              25 53
              ;
set F[218] := 10 22
              22 26
              26 54
              ;
set F[219] := 10 22
              22 26
              26 27
              27 55
              ;
set F[220] := 10 22
              22 4
              4 3
              3 28
              28 56
              ;
set F[221] := 11 4
              4 22
              22 21
              21 1
              1 29
              ;
set F[222] := 11 4
              4 22
              22 21
              21 2
              2 30
              ;
set F[223] := 11 4
              4 3
              3 31
              ;
set F[224] := 11 4
              4 32
              ;
set F[225] := 11 4
              4 22
              22 21
              21 17
              17 45
              ;
set F[226] := 11 4
              4 22
              22 25
              25 18
              18 46
              ;
set F[227] := 11 4
              4 3
              3 28
              28 27
              27 19
              19 47
              ;
set F[228] := 11 4
              4 3
              3 28
              28 27
              27 19
              19 20
              20 48
              ;
set F[229] := 11 4
              4 22
              22 50
              ;
set F[230] := 11 4
              4 22
              22 23
              23 51
              ;
set F[231] := 11 4
              4 22
              22 25
              25 53
              ;
set F[232] := 11 4
              4 22
              22 26
              26 54
              ;
set F[233] := 11 4
              4 3
              3 28
              28 56
              ;
set F[234] := 12 4
              4 22
              22 21
              21 1
              1 29
              ;
set F[235] := 12 4
              4 22
              22 21
              21 2
              2 30
              ;
set F[236] := 12 4
              4 3
              3 31
              ;
set F[237] := 12 4
              4 32
              ;
set F[238] := 12 4
              4 22
              22 5
              5 33
              ;
set F[239] := 12 4
              4 22
              22 6
              6 34
              ;
set F[240] := 12 4
              4 7
              7 35
              ;
set F[241] := 12 4
              4 22
              22 24
              24 8
              8 36
              ;
set F[242] := 12 4
              4 22
              22 9
              9 37
              ;
set F[243] := 12 4
              4 22
              22 10
              10 38
              ;
set F[244] := 12 4
              4 11
              11 39
              ;
set F[245] := 12 4
              4 22
              22 13
              13 41
              ;
set F[246] := 12 4
              4 22
              22 24
              24 14
              14 42
              ;
set F[247] := 12 4
              4 22
              22 21
              21 17
              17 16
              16 15
              15 43
              ;
set F[248] := 12 4
              4 22
              22 21
              21 17
              17 16
              16 44
              ;
set F[249] := 12 4
              4 22
              22 21
              21 17
              17 45
              ;
set F[250] := 12 4
              4 22
              22 25
              25 18
              18 46
              ;
set F[251] := 12 4
              4 3
              3 28
              28 27
              27 19
              19 47
              ;
set F[252] := 12 4
              4 3
              3 28
              28 27
              27 19
              19 20
              20 48
              ;
set F[253] := 12 4
              4 22
              22 21
              21 49
              ;
set F[254] := 12 4
              4 22
              22 50
              ;
set F[255] := 12 4
              4 22
              22 23
              23 51
              ;
set F[256] := 12 4
              4 22
              22 24
              24 52
              ;
set F[257] := 12 4
              4 22
              22 25
              25 53
              ;
set F[258] := 12 4
              4 22
              22 26
              26 54
              ;
set F[259] := 12 4
              4 3
              3 28
              28 27
              27 55
              ;
set F[260] := 12 4
              4 3
              3 28
              28 56
              ;
set F[261] := 13 22
              22 21
              21 1
              1 29
              ;
set F[262] := 13 22
              22 21
              21 2
              2 30
              ;
set F[263] := 13 22
              22 4
              4 3
              3 31
              ;
set F[264] := 13 22
              22 4
              4 32
              ;
set F[265] := 13 22
              22 21
              21 17
              17 45
              ;
set F[266] := 13 22
              22 25
              25 18
              18 46
              ;
set F[267] := 13 22
              22 26
              26 27
              27 19
              19 47
              ;
set F[268] := 13 22
              22 50
              ;
set F[269] := 13 22
              22 25
              25 53
              ;
set F[270] := 14 24
              24 22
              22 21
              21 1
              1 29
              ;
set F[271] := 14 24
              24 22
              22 21
              21 2
              2 30
              ;
set F[272] := 14 24
              24 22
              22 4
              4 3
              3 31
              ;
set F[273] := 14 24
              24 22
              22 4
              4 32
              ;
set F[274] := 14 24
              24 22
              22 21
              21 17
              17 45
              ;
set F[275] := 14 24
              24 22
              22 25
              25 18
              18 46
              ;
set F[276] := 14 24
              24 22
              22 26
              26 27
              27 19
              19 47
              ;
set F[277] := 14 24
              24 22
              22 26
              26 27
              27 19
              19 20
              20 48
              ;
set F[278] := 14 24
              24 22
              22 50
              ;
set F[279] := 14 24
              24 22
              22 23
              23 51
              ;
set F[280] := 14 24
              24 22
              22 25
              25 53
              ;
set F[281] := 14 24
              24 22
              22 26
              26 54
              ;
set F[282] := 14 24
              24 22
              22 4
              4 3
              3 28
              28 56
              ;
set F[283] := 15 16
              16 17
              17 21
              21 1
              1 29
              ;
set F[284] := 15 16
              16 17
              17 21
              21 2
              2 30
              ;
set F[285] := 15 16
              16 17
              17 21
              21 22
              22 4
              4 3
              3 31
              ;
set F[286] := 15 16
              16 17
              17 21
              21 22
              22 4
              4 32
              ;
set F[287] := 15 16
              16 17
              17 21
              21 22
              22 5
              5 33
              ;
set F[288] := 15 16
              16 17
              17 21
              21 22
              22 6
              6 34
              ;
set F[289] := 15 16
              16 17
              17 21
              21 22
              22 4
              4 7
              7 35
              ;
set F[290] := 15 16
              16 17
              17 21
              21 22
              22 24
              24 8
              8 36
              ;
set F[291] := 15 16
              16 17
              17 21
              21 22
              22 9
              9 37
              ;
set F[292] := 15 16
              16 17
              17 21
              21 22
              22 10
              10 38
              ;
set F[293] := 15 16
              16 17
              17 21
              21 22
              22 4
              4 11
              11 39
              ;
set F[294] := 15 16
              16 17
              17 21
              21 22
              22 4
              4 12
              12 40
              ;
set F[295] := 15 16
              16 17
              17 21
              21 22
              22 13
              13 41
              ;
set F[296] := 15 16
              16 17
              17 21
              21 22
              22 24
              24 14
              14 42
              ;
set F[297] := 15 16
              16 44
              ;
set F[298] := 15 16
              16 17
              17 45
              ;
set F[299] := 15 16
              16 17
              17 21
              21 22
              22 25
              25 18
              18 46
              ;
set F[300] := 15 16
              16 17
              17 21
              21 22
              22 26
              26 27
              27 19
              19 47
              ;
set F[301] := 15 16
              16 17
              17 21
              21 22
              22 26
              26 27
              27 19
              19 20
              20 48
              ;
set F[302] := 15 16
              16 17
              17 21
              21 49
              ;
set F[303] := 15 16
              16 17
              17 21
              21 22
              22 50
              ;
set F[304] := 15 16
              16 17
              17 21
              21 22
              22 23
              23 51
              ;
set F[305] := 15 16
              16 17
              17 21
              21 22
              22 24
              24 52
              ;
set F[306] := 15 16
              16 17
              17 21
              21 22
              22 25
              25 53
              ;
set F[307] := 15 16
              16 17
              17 21
              21 22
              22 26
              26 54
              ;
set F[308] := 15 16
              16 17
              17 21
              21 22
              22 26
              26 27
              27 55
              ;
set F[309] := 15 16
              16 17
              17 21
              21 22
              22 4
              4 3
              3 28
              28 56
              ;
set F[310] := 16 17
              17 21
              21 1
              1 29
              ;
set F[311] := 16 17
              17 21
              21 2
              2 30
              ;
set F[312] := 16 17
              17 21
              21 22
              22 4
              4 3
              3 31
              ;
set F[313] := 16 17
              17 21
              21 22
              22 4
              4 32
              ;
set F[314] := 16 17
              17 21
              21 22
              22 5
              5 33
              ;
set F[315] := 16 17
              17 21
              21 22
              22 6
              6 34
              ;
set F[316] := 16 17
              17 21
              21 22
              22 4
              4 7
              7 35
              ;
set F[317] := 16 17
              17 21
              21 22
              22 24
              24 8
              8 36
              ;
set F[318] := 16 17
              17 21
              21 22
              22 9
              9 37
              ;
set F[319] := 16 17
              17 21
              21 22
              22 10
              10 38
              ;
set F[320] := 16 17
              17 21
              21 22
              22 4
              4 11
              11 39
              ;
set F[321] := 16 17
              17 21
              21 22
              22 4
              4 12
              12 40
              ;
set F[322] := 16 17
              17 21
              21 22
              22 13
              13 41
              ;
set F[323] := 16 17
              17 21
              21 22
              22 24
              24 14
              14 42
              ;
set F[324] := 16 15
              15 43
              ;
set F[325] := 16 17
              17 45
              ;
set F[326] := 16 17
              17 21
              21 22
              22 25
              25 18
              18 46
              ;
set F[327] := 16 17
              17 21
              21 22
              22 26
              26 27
              27 19
              19 47
              ;
set F[328] := 16 17
              17 21
              21 22
              22 26
              26 27
              27 19
              19 20
              20 48
              ;
set F[329] := 16 17
              17 21
              21 49
              ;
set F[330] := 16 17
              17 21
              21 22
              22 50
              ;
set F[331] := 16 17
              17 21
              21 22
              22 23
              23 51
              ;
set F[332] := 16 17
              17 21
              21 22
              22 24
              24 52
              ;
set F[333] := 16 17
              17 21
              21 22
              22 25
              25 53
              ;
set F[334] := 16 17
              17 21
              21 22
              22 26
              26 54
              ;
set F[335] := 16 17
              17 21
              21 22
              22 26
              26 27
              27 55
              ;
set F[336] := 16 17
              17 21
              21 22
              22 4
              4 3
              3 28
              28 56
              ;
set F[337] := 17 21
              21 1
              1 29
              ;
set F[338] := 17 21
              21 2
              2 30
              ;
set F[339] := 17 21
              21 22
              22 4
              4 3
              3 31
              ;
set F[340] := 17 21
              21 22
              22 4
              4 32
              ;
set F[341] := 17 21
              21 22
              22 5
              5 33
              ;
set F[342] := 17 21
              21 22
              22 6
              6 34
              ;
set F[343] := 17 21
              21 22
              22 4
              4 7
              7 35
              ;
set F[344] := 17 21
              21 22
              22 24
              24 8
              8 36
              ;
set F[345] := 17 21
              21 22
              22 9
              9 37
              ;
set F[346] := 17 21
              21 22
              22 10
              10 38
              ;
set F[347] := 17 21
              21 22
              22 4
              4 11
              11 39
              ;
set F[348] := 17 21
              21 22
              22 4
              4 12
              12 40
              ;
set F[349] := 17 21
              21 22
              22 13
              13 41
              ;
set F[350] := 17 21
              21 22
              22 24
              24 14
              14 42
              ;
set F[351] := 17 16
              16 15
              15 43
              ;
set F[352] := 17 16
              16 44
              ;
set F[353] := 17 21
              21 22
              22 25
              25 18
              18 46
              ;
set F[354] := 17 21
              21 22
              22 26
              26 27
              27 19
              19 47
              ;
set F[355] := 17 21
              21 22
              22 26
              26 27
              27 19
              19 20
              20 48
              ;
set F[356] := 17 21
              21 49
              ;
set F[357] := 17 21
              21 22
              22 50
              ;
set F[358] := 17 21
              21 22
              22 23
              23 51
              ;
set F[359] := 17 21
              21 22
              22 24
              24 52
              ;
set F[360] := 17 21
              21 22
              22 25
              25 53
              ;
set F[361] := 17 21
              21 22
              22 26
              26 54
              ;
set F[362] := 17 21
              21 22
              22 26
              26 27
              27 55
              ;
set F[363] := 17 21
              21 22
              22 4
              4 3
              3 28
              28 56
              ;
set F[364] := 18 25
              25 22
              22 21
              21 1
              1 29
              ;
set F[365] := 18 25
              25 22
              22 21
              21 2
              2 30
              ;
set F[366] := 18 25
              25 22
              22 4
              4 3
              3 31
              ;
set F[367] := 18 25
              25 22
              22 4
              4 32
              ;
set F[368] := 18 25
              25 22
              22 5
              5 33
              ;
set F[369] := 18 25
              25 22
              22 6
              6 34
              ;
set F[370] := 18 25
              25 22
              22 4
              4 7
              7 35
              ;
set F[371] := 18 25
              25 22
              22 24
              24 8
              8 36
              ;
set F[372] := 18 25
              25 22
              22 9
              9 37
              ;
set F[373] := 18 25
              25 22
              22 10
              10 38
              ;
set F[374] := 18 25
              25 22
              22 4
              4 11
              11 39
              ;
set F[375] := 18 25
              25 22
              22 4
              4 12
              12 40
              ;
set F[376] := 18 25
              25 22
              22 13
              13 41
              ;
set F[377] := 18 25
              25 22
              22 24
              24 14
              14 42
              ;
set F[378] := 18 25
              25 22
              22 21
              21 17
              17 16
              16 15
              15 43
              ;
set F[379] := 18 25
              25 22
              22 21
              21 17
              17 16
              16 44
              ;
set F[380] := 18 25
              25 22
              22 21
              21 17
              17 45
              ;
set F[381] := 18 25
              25 22
              22 26
              26 27
              27 19
              19 47
              ;
set F[382] := 18 25
              25 22
              22 26
              26 27
              27 19
              19 20
              20 48
              ;
set F[383] := 18 25
              25 22
              22 21
              21 49
              ;
set F[384] := 18 25
              25 22
              22 50
              ;
set F[385] := 18 25
              25 22
              22 23
              23 51
              ;
set F[386] := 18 25
              25 22
              22 24
              24 52
              ;
set F[387] := 18 25
              25 53
              ;
set F[388] := 18 25
              25 22
              22 26
              26 54
              ;
set F[389] := 18 25
              25 22
              22 26
              26 27
              27 55
              ;
set F[390] := 18 25
              25 22
              22 4
              4 3
              3 28
              28 56
              ;
set F[391] := 19 27
              27 26
              26 22
              22 21
              21 1
              1 29
              ;
set F[392] := 19 27
              27 26
              26 22
              22 21
              21 2
              2 30
              ;
set F[393] := 19 27
              27 28
              28 3
              3 31
              ;
set F[394] := 19 27
              27 26
              26 22
              22 4
              4 32
              ;
set F[395] := 19 27
              27 26
              26 22
              22 5
              5 33
              ;
set F[396] := 19 27
              27 26
              26 22
              22 6
              6 34
              ;
set F[397] := 19 27
              27 26
              26 22
              22 4
              4 7
              7 35
              ;
set F[398] := 19 27
              27 26
              26 22
              22 24
              24 8
              8 36
              ;
set F[399] := 19 27
              27 26
              26 22
              22 9
              9 37
              ;
set F[400] := 19 27
              27 26
              26 22
              22 10
              10 38
              ;
set F[401] := 19 27
              27 26
              26 22
              22 4
              4 11
              11 39
              ;
set F[402] := 19 27
              27 26
              26 22
              22 4
              4 12
              12 40
              ;
set F[403] := 19 27
              27 26
              26 22
              22 13
              13 41
              ;
set F[404] := 19 27
              27 26
              26 22
              22 24
              24 14
              14 42
              ;
set F[405] := 19 27
              27 26
              26 22
              22 21
              21 17
              17 16
              16 15
              15 43
              ;
set F[406] := 19 27
              27 26
              26 22
              22 21
              21 17
              17 16
              16 44
              ;
set F[407] := 19 27
              27 26
              26 22
              22 21
              21 17
              17 45
              ;
set F[408] := 19 27
              27 26
              26 22
              22 25
              25 18
              18 46
              ;
set F[409] := 19 20
              20 48
              ;
set F[410] := 19 27
              27 26
              26 22
              22 21
              21 49
              ;
set F[411] := 19 27
              27 26
              26 22
              22 50
              ;
set F[412] := 19 27
              27 26
              26 22
              22 23
              23 51
              ;
set F[413] := 19 27
              27 26
              26 22
              22 24
              24 52
              ;
set F[414] := 19 27
              27 26
              26 22
              22 25
              25 53
              ;
set F[415] := 19 27
              27 26
              26 54
              ;
set F[416] := 19 27
              27 55
              ;
set F[417] := 19 27
              27 28
              28 56
              ;
set F[418] := 20 19
              19 27
              27 26
              26 22
              22 21
              21 1
              1 29
              ;
set F[419] := 20 19
              19 27
              27 26
              26 22
              22 21
              21 2
              2 30
              ;
set F[420] := 20 19
              19 27
              27 28
              28 3
              3 31
              ;
set F[421] := 20 19
              19 27
              27 26
              26 22
              22 4
              4 32
              ;
set F[422] := 20 19
              19 27
              27 26
              26 22
              22 4
              4 7
              7 35
              ;
set F[423] := 20 19
              19 27
              27 26
              26 22
              22 9
              9 37
              ;
set F[424] := 20 19
              19 27
              27 26
              26 22
              22 4
              4 12
              12 40
              ;
set F[425] := 20 19
              19 27
              27 26
              26 22
              22 24
              24 14
              14 42
              ;
set F[426] := 20 19
              19 27
              27 26
              26 22
              22 21
              21 17
              17 16
              16 44
              ;
set F[427] := 20 19
              19 27
              27 26
              26 22
              22 21
              21 17
              17 45
              ;
set F[428] := 20 19
              19 27
              27 26
              26 22
              22 25
              25 18
              18 46
              ;
set F[429] := 20 19
              19 47
              ;
set F[430] := 20 19
              19 27
              27 26
              26 22
              22 21
              21 49
              ;
set F[431] := 20 19
              19 27
              27 26
              26 22
              22 50
              ;
set F[432] := 20 19
              19 27
              27 26
              26 22
              22 23
              23 51
              ;
set F[433] := 20 19
              19 27
              27 26
              26 22
              22 24
              24 52
              ;
set F[434] := 20 19
              19 27
              27 26
              26 22
              22 25
              25 53
              ;
set F[435] := 20 19
              19 27
              27 26
              26 54
              ;
set F[436] := 20 19
              19 27
              27 55
              ;
set F[437] := 20 19
              19 27
              27 28
              28 56
              ;
set F[438] := 21 1
              1 29
              ;
set F[439] := 21 2
              2 30
              ;
set F[440] := 21 22
              22 4
              4 3
              3 31
              ;
set F[441] := 21 22
              22 4
              4 32
              ;
set F[442] := 21 22
              22 5
              5 33
              ;
set F[443] := 21 22
              22 6
              6 34
              ;
set F[444] := 21 22
              22 4
              4 7
              7 35
              ;
set F[445] := 21 22
              22 24
              24 8
              8 36
              ;
set F[446] := 21 22
              22 9
              9 37
              ;
set F[447] := 21 22
              22 10
              10 38
              ;
set F[448] := 21 22
              22 4
              4 11
              11 39
              ;
set F[449] := 21 22
              22 4
              4 12
              12 40
              ;
set F[450] := 21 22
              22 13
              13 41
              ;
set F[451] := 21 22
              22 24
              24 14
              14 42
              ;
set F[452] := 21 17
              17 16
              16 15
              15 43
              ;
set F[453] := 21 17
              17 16
              16 44
              ;
set F[454] := 21 17
              17 45
              ;
set F[455] := 21 22
              22 25
              25 18
              18 46
              ;
set F[456] := 21 22
              22 26
              26 27
              27 19
              19 47
              ;
set F[457] := 21 22
              22 26
              26 27
              27 19
              19 20
              20 48
              ;
set F[458] := 21 22
              22 50
              ;
set F[459] := 21 22
              22 23
              23 51
              ;
set F[460] := 21 22
              22 24
              24 52
              ;
set F[461] := 21 22
              22 25
              25 53
              ;
set F[462] := 21 22
              22 26
              26 54
              ;
set F[463] := 21 22
              22 26
              26 27
              27 55
              ;
set F[464] := 21 22
              22 4
              4 3
              3 28
              28 56
              ;
set F[465] := 22 21
              21 1
              1 29
              ;
set F[466] := 22 21
              21 2
              2 30
              ;
set F[467] := 22 4
              4 3
              3 31
              ;
set F[468] := 22 4
              4 32
              ;
set F[469] := 22 5
              5 33
              ;
set F[470] := 22 6
              6 34
              ;
set F[471] := 22 4
              4 7
              7 35
              ;
set F[472] := 22 24
              24 8
              8 36
              ;
set F[473] := 22 9
              9 37
              ;
set F[474] := 22 10
              10 38
              ;
set F[475] := 22 4
              4 11
              11 39
              ;
set F[476] := 22 4
              4 12
              12 40
              ;
set F[477] := 22 13
              13 41
              ;
set F[478] := 22 24
              24 14
              14 42
              ;
set F[479] := 22 21
              21 17
              17 16
              16 15
              15 43
              ;
set F[480] := 22 21
              21 17
              17 16
              16 44
              ;
set F[481] := 22 21
              21 17
              17 45
              ;
set F[482] := 22 25
              25 18
              18 46
              ;
set F[483] := 22 26
              26 27
              27 19
              19 47
              ;
set F[484] := 22 26
              26 27
              27 19
              19 20
              20 48
              ;
set F[485] := 22 21
              21 49
              ;
set F[486] := 22 23
              23 51
              ;
set F[487] := 22 24
              24 52
              ;
set F[488] := 22 25
              25 53
              ;
set F[489] := 22 26
              26 54
              ;
set F[490] := 22 26
              26 27
              27 55
              ;
set F[491] := 22 4
              4 3
              3 28
              28 56
              ;
set F[492] := 23 22
              22 21
              21 2
              2 30
              ;
set F[493] := 23 22
              22 4
              4 32
              ;
set F[494] := 23 22
              22 21
              21 17
              17 45
              ;
set F[495] := 23 22
              22 25
              25 18
              18 46
              ;
set F[496] := 23 22
              22 26
              26 27
              27 19
              19 47
              ;
set F[497] := 23 22
              22 50
              ;
set F[498] := 23 22
              22 25
              25 53
              ;
set F[499] := 24 22
              22 21
              21 1
              1 29
              ;
set F[500] := 24 22
              22 21
              21 2
              2 30
              ;
set F[501] := 24 22
              22 4
              4 3
              3 31
              ;
set F[502] := 24 22
              22 4
              4 32
              ;
set F[503] := 24 22
              22 5
              5 33
              ;
set F[504] := 24 22
              22 6
              6 34
              ;
set F[505] := 24 22
              22 4
              4 7
              7 35
              ;
set F[506] := 24 8
              8 36
              ;
set F[507] := 24 22
              22 9
              9 37
              ;
set F[508] := 24 22
              22 10
              10 38
              ;
set F[509] := 24 22
              22 4
              4 11
              11 39
              ;
set F[510] := 24 22
              22 4
              4 12
              12 40
              ;
set F[511] := 24 22
              22 13
              13 41
              ;
set F[512] := 24 14
              14 42
              ;
set F[513] := 24 22
              22 21
              21 17
              17 16
              16 15
              15 43
              ;
set F[514] := 24 22
              22 21
              21 17
              17 16
              16 44
              ;
set F[515] := 24 22
              22 21
              21 17
              17 45
              ;
set F[516] := 24 22
              22 25
              25 18
              18 46
              ;
set F[517] := 24 22
              22 26
              26 27
              27 19
              19 47
              ;
set F[518] := 24 22
              22 26
              26 27
              27 19
              19 20
              20 48
              ;
set F[519] := 24 22
              22 21
              21 49
              ;
set F[520] := 24 22
              22 50
              ;
set F[521] := 24 22
              22 23
              23 51
              ;
set F[522] := 24 22
              22 25
              25 53
              ;
set F[523] := 24 22
              22 26
              26 54
              ;
set F[524] := 24 22
              22 26
              26 27
              27 55
              ;
set F[525] := 24 22
              22 4
              4 3
              3 28
              28 56
              ;
set F[526] := 25 22
              22 21
              21 1
              1 29
              ;
set F[527] := 25 22
              22 21
              21 2
              2 30
              ;
set F[528] := 25 22
              22 4
              4 3
              3 31
              ;
set F[529] := 25 22
              22 4
              4 32
              ;
set F[530] := 25 22
              22 5
              5 33
              ;
set F[531] := 25 22
              22 6
              6 34
              ;
set F[532] := 25 22
              22 4
              4 7
              7 35
              ;
set F[533] := 25 22
              22 24
              24 8
              8 36
              ;
set F[534] := 25 22
              22 9
              9 37
              ;
set F[535] := 25 22
              22 10
              10 38
              ;
set F[536] := 25 22
              22 4
              4 11
              11 39
              ;
set F[537] := 25 22
              22 4
              4 12
              12 40
              ;
set F[538] := 25 22
              22 13
              13 41
              ;
set F[539] := 25 22
              22 24
              24 14
              14 42
              ;
set F[540] := 25 22
              22 21
              21 17
              17 16
              16 15
              15 43
              ;
set F[541] := 25 22
              22 21
              21 17
              17 16
              16 44
              ;
set F[542] := 25 22
              22 21
              21 17
              17 45
              ;
set F[543] := 25 18
              18 46
              ;
set F[544] := 25 22
              22 26
              26 27
              27 19
              19 47
              ;
set F[545] := 25 22
              22 26
              26 27
              27 19
              19 20
              20 48
              ;
set F[546] := 25 22
              22 21
              21 49
              ;
set F[547] := 25 22
              22 50
              ;
set F[548] := 25 22
              22 23
              23 51
              ;
set F[549] := 25 22
              22 24
              24 52
              ;
set F[550] := 25 22
              22 26
              26 54
              ;
set F[551] := 25 22
              22 26
              26 27
              27 55
              ;
set F[552] := 25 22
              22 4
              4 3
              3 28
              28 56
              ;
set F[553] := 26 22
              22 21
              21 1
              1 29
              ;
set F[554] := 26 22
              22 21
              21 2
              2 30
              ;
set F[555] := 26 22
              22 4
              4 3
              3 31
              ;
set F[556] := 26 22
              22 4
              4 32
              ;
set F[557] := 26 22
              22 5
              5 33
              ;
set F[558] := 26 22
              22 6
              6 34
              ;
set F[559] := 26 22
              22 4
              4 7
              7 35
              ;
set F[560] := 26 22
              22 24
              24 8
              8 36
              ;
set F[561] := 26 22
              22 9
              9 37
              ;
set F[562] := 26 22
              22 10
              10 38
              ;
set F[563] := 26 22
              22 4
              4 11
              11 39
              ;
set F[564] := 26 22
              22 4
              4 12
              12 40
              ;
set F[565] := 26 22
              22 13
              13 41
              ;
set F[566] := 26 22
              22 24
              24 14
              14 42
              ;
set F[567] := 26 22
              22 21
              21 17
              17 16
              16 15
              15 43
              ;
set F[568] := 26 22
              22 21
              21 17
              17 16
              16 44
              ;
set F[569] := 26 22
              22 21
              21 17
              17 45
              ;
set F[570] := 26 22
              22 25
              25 18
              18 46
              ;
set F[571] := 26 27
              27 19
              19 47
              ;
set F[572] := 26 27
              27 19
              19 20
              20 48
              ;
set F[573] := 26 22
              22 21
              21 49
              ;
set F[574] := 26 22
              22 50
              ;
set F[575] := 26 22
              22 23
              23 51
              ;
set F[576] := 26 22
              22 24
              24 52
              ;
set F[577] := 26 22
              22 25
              25 53
              ;
set F[578] := 26 27
              27 55
              ;
set F[579] := 26 27
              27 28
              28 56
              ;
set F[580] := 27 26
              26 22
              22 21
              21 1
              1 29
              ;
set F[581] := 27 26
              26 22
              22 21
              21 2
              2 30
              ;
set F[582] := 27 28
              28 3
              3 31
              ;
set F[583] := 27 26
              26 22
              22 4
              4 32
              ;
set F[584] := 27 26
              26 22
              22 21
              21 17
              17 45
              ;
set F[585] := 27 26
              26 22
              22 25
              25 18
              18 46
              ;
set F[586] := 27 19
              19 47
              ;
set F[587] := 27 19
              19 20
              20 48
              ;
set F[588] := 27 26
              26 22
              22 50
              ;
set F[589] := 27 26
              26 22
              22 25
              25 53
              ;
set F[590] := 27 26
              26 54
              ;
set F[591] := 28 3
              3 4
              4 22
              22 21
              21 1
              1 29
              ;
set F[592] := 28 3
              3 4
              4 22
              22 21
              21 2
              2 30
              ;
set F[593] := 28 3
              3 31
              ;
set F[594] := 28 3
              3 4
              4 32
              ;
set F[595] := 28 3
              3 4
              4 22
              22 5
              5 33
              ;
set F[596] := 28 3
              3 4
              4 22
              22 6
              6 34
              ;
set F[597] := 28 3
              3 4
              4 7
              7 35
              ;
set F[598] := 28 3
              3 4
              4 22
              22 24
              24 8
              8 36
              ;
set F[599] := 28 3
              3 4
              4 22
              22 9
              9 37
              ;
set F[600] := 28 3
              3 4
              4 22
              22 10
              10 38
              ;
set F[601] := 28 3
              3 4
              4 11
              11 39
              ;
set F[602] := 28 3
              3 4
              4 12
              12 40
              ;
set F[603] := 28 3
              3 4
              4 22
              22 13
              13 41
              ;
set F[604] := 28 3
              3 4
              4 22
              22 24
              24 14
              14 42
              ;
set F[605] := 28 3
              3 4
              4 22
              22 21
              21 17
              17 16
              16 15
              15 43
              ;
set F[606] := 28 3
              3 4
              4 22
              22 21
              21 17
              17 16
              16 44
              ;
set F[607] := 28 3
              3 4
              4 22
              22 21
              21 17
              17 45
              ;
set F[608] := 28 3
              3 4
              4 22
              22 25
              25 18
              18 46
              ;
set F[609] := 28 27
              27 19
              19 47
              ;
set F[610] := 28 27
              27 19
              19 20
              20 48
              ;
set F[611] := 28 3
              3 4
              4 22
              22 21
              21 49
              ;
set F[612] := 28 3
              3 4
              4 22
              22 50
              ;
set F[613] := 28 3
              3 4
              4 22
              22 23
              23 51
              ;
set F[614] := 28 3
              3 4
              4 22
              22 24
              24 52
              ;
set F[615] := 28 3
              3 4
              4 22
              22 25
              25 53
              ;
set F[616] := 28 27
              27 26
              26 54
              ;
set F[617] := 28 27
              27 55
              ;
set Last[1] := 2 30;
set Last[2] := 3 31;
set Last[3] := 4 32;
set Last[4] := 5 33;
set Last[5] := 6 34;
set Last[6] := 7 35;
set Last[7] := 8 36;
set Last[8] := 9 37;
set Last[9] := 10 38;
set Last[10] := 11 39;
set Last[11] := 12 40;
set Last[12] := 13 41;
set Last[13] := 14 42;
set Last[14] := 15 43;
set Last[15] := 16 44;
set Last[16] := 17 45;
set Last[17] := 18 46;
set Last[18] := 19 47;
set Last[19] := 20 48;
set Last[20] := 21 49;
set Last[21] := 22 50;
set Last[22] := 23 51;
set Last[23] := 24 52;
set Last[24] := 25 53;
set Last[25] := 26 54;
set Last[26] := 27 55;
set Last[27] := 28 56;
set Last[28] := 1 29;
set Last[29] := 3 31;
set Last[30] := 4 32;
set Last[31] := 5 33;
set Last[32] := 6 34;
set Last[33] := 7 35;
set Last[34] := 8 36;
set Last[35] := 9 37;
set Last[36] := 10 38;
set Last[37] := 11 39;
set Last[38] := 12 40;
set Last[39] := 13 41;
set Last[40] := 14 42;
set Last[41] := 15 43;
set Last[42] := 16 44;
set Last[43] := 17 45;
set Last[44] := 18 46;
set Last[45] := 19 47;
set Last[46] := 20 48;
set Last[47] := 21 49;
set Last[48] := 22 50;
set Last[49] := 23 51;
set Last[50] := 24 52;
set Last[51] := 25 53;
set Last[52] := 26 54;
set Last[53] := 27 55;
set Last[54] := 28 56;
set Last[55] := 1 29;
set Last[56] := 2 30;
set Last[57] := 4 32;
set Last[58] := 5 33;
set Last[59] := 6 34;
set Last[60] := 7 35;
set Last[61] := 8 36;
set Last[62] := 9 37;
set Last[63] := 10 38;
set Last[64] := 11 39;
set Last[65] := 12 40;
set Last[66] := 13 41;
set Last[67] := 14 42;
set Last[68] := 15 43;
set Last[69] := 16 44;
set Last[70] := 17 45;
set Last[71] := 18 46;
set Last[72] := 19 47;
set Last[73] := 20 48;
set Last[74] := 21 49;
set Last[75] := 22 50;
set Last[76] := 23 51;
set Last[77] := 24 52;
set Last[78] := 25 53;
set Last[79] := 26 54;
set Last[80] := 27 55;
set Last[81] := 28 56;
set Last[82] := 1 29;
set Last[83] := 2 30;
set Last[84] := 3 31;
set Last[85] := 5 33;
set Last[86] := 6 34;
set Last[87] := 7 35;
set Last[88] := 8 36;
set Last[89] := 9 37;
set Last[90] := 10 38;
set Last[91] := 11 39;
set Last[92] := 12 40;
set Last[93] := 13 41;
set Last[94] := 14 42;
set Last[95] := 15 43;
set Last[96] := 16 44;
set Last[97] := 17 45;
set Last[98] := 18 46;
set Last[99] := 19 47;
set Last[100] := 20 48;
set Last[101] := 21 49;
set Last[102] := 22 50;
set Last[103] := 23 51;
set Last[104] := 24 52;
set Last[105] := 25 53;
set Last[106] := 26 54;
set Last[107] := 27 55;
set Last[108] := 28 56;
set Last[109] := 2 30;
set Last[110] := 4 32;
set Last[111] := 17 45;
set Last[112] := 18 46;
set Last[113] := 22 50;
set Last[114] := 25 53;
set Last[115] := 1 29;
set Last[116] := 2 30;
set Last[117] := 3 31;
set Last[118] := 4 32;
set Last[119] := 7 35;
set Last[120] := 9 37;
set Last[121] := 12 40;
set Last[122] := 14 42;
set Last[123] := 15 43;
set Last[124] := 16 44;
set Last[125] := 17 45;
set Last[126] := 18 46;
set Last[127] := 19 47;
set Last[128] := 20 48;
set Last[129] := 21 49;
set Last[130] := 22 50;
set Last[131] := 23 51;
set Last[132] := 24 52;
set Last[133] := 25 53;
set Last[134] := 26 54;
set Last[135] := 27 55;
set Last[136] := 28 56;
set Last[137] := 1 29;
set Last[138] := 2 30;
set Last[139] := 3 31;
set Last[140] := 4 32;
set Last[141] := 9 37;
set Last[142] := 12 40;
set Last[143] := 14 42;
set Last[144] := 16 44;
set Last[145] := 17 45;
set Last[146] := 18 46;
set Last[147] := 19 47;
set Last[148] := 20 48;
set Last[149] := 21 49;
set Last[150] := 22 50;
set Last[151] := 23 51;
set Last[152] := 24 52;
set Last[153] := 25 53;
set Last[154] := 26 54;
set Last[155] := 27 55;
set Last[156] := 28 56;
set Last[157] := 1 29;
set Last[158] := 2 30;
set Last[159] := 3 31;
set Last[160] := 4 32;
set Last[161] := 7 35;
set Last[162] := 12 40;
set Last[163] := 14 42;
set Last[164] := 17 45;
set Last[165] := 18 46;
set Last[166] := 19 47;
set Last[167] := 20 48;
set Last[168] := 21 49;
set Last[169] := 22 50;
set Last[170] := 23 51;
set Last[171] := 24 52;
set Last[172] := 25 53;
set Last[173] := 26 54;
set Last[174] := 27 55;
set Last[175] := 28 56;
set Last[176] := 1 29;
set Last[177] := 2 30;
set Last[178] := 3 31;
set Last[179] := 4 32;
set Last[180] := 6 34;
set Last[181] := 7 35;
set Last[182] := 10 38;
set Last[183] := 12 40;
set Last[184] := 14 42;
set Last[185] := 15 43;
set Last[186] := 16 44;
set Last[187] := 17 45;
set Last[188] := 18 46;
set Last[189] := 19 47;
set Last[190] := 20 48;
set Last[191] := 21 49;
set Last[192] := 22 50;
set Last[193] := 23 51;
set Last[194] := 24 52;
set Last[195] := 25 53;
set Last[196] := 26 54;
set Last[197] := 27 55;
set Last[198] := 28 56;
set Last[199] := 1 29;
set Last[200] := 2 30;
set Last[201] := 3 31;
set Last[202] := 4 32;
set Last[203] := 7 35;
set Last[204] := 9 37;
set Last[205] := 12 40;
set Last[206] := 14 42;
set Last[207] := 15 43;
set Last[208] := 16 44;
set Last[209] := 17 45;
set Last[210] := 18 46;
set Last[211] := 19 47;
set Last[212] := 20 48;
set Last[213] := 21 49;
set Last[214] := 22 50;
set Last[215] := 23 51;
set Last[216] := 24 52;
set Last[217] := 25 53;
set Last[218] := 26 54;
set Last[219] := 27 55;
set Last[220] := 28 56;
set Last[221] := 1 29;
set Last[222] := 2 30;
set Last[223] := 3 31;
set Last[224] := 4 32;
set Last[225] := 17 45;
set Last[226] := 18 46;
set Last[227] := 19 47;
set Last[228] := 20 48;
set Last[229] := 22 50;
set Last[230] := 23 51;
set Last[231] := 25 53;
set Last[232] := 26 54;
set Last[233] := 28 56;
set Last[234] := 1 29;
set Last[235] := 2 30;
set Last[236] := 3 31;
set Last[237] := 4 32;
set Last[238] := 5 33;
set Last[239] := 6 34;
set Last[240] := 7 35;
set Last[241] := 8 36;
set Last[242] := 9 37;
set Last[243] := 10 38;
set Last[244] := 11 39;
set Last[245] := 13 41;
set Last[246] := 14 42;
set Last[247] := 15 43;
set Last[248] := 16 44;
set Last[249] := 17 45;
set Last[250] := 18 46;
set Last[251] := 19 47;
set Last[252] := 20 48;
set Last[253] := 21 49;
set Last[254] := 22 50;
set Last[255] := 23 51;
set Last[256] := 24 52;
set Last[257] := 25 53;
set Last[258] := 26 54;
set Last[259] := 27 55;
set Last[260] := 28 56;
set Last[261] := 1 29;
set Last[262] := 2 30;
set Last[263] := 3 31;
set Last[264] := 4 32;
set Last[265] := 17 45;
set Last[266] := 18 46;
set Last[267] := 19 47;
set Last[268] := 22 50;
set Last[269] := 25 53;
set Last[270] := 1 29;
set Last[271] := 2 30;
set Last[272] := 3 31;
set Last[273] := 4 32;
set Last[274] := 17 45;
set Last[275] := 18 46;
set Last[276] := 19 47;
set Last[277] := 20 48;
set Last[278] := 22 50;
set Last[279] := 23 51;
set Last[280] := 25 53;
set Last[281] := 26 54;
set Last[282] := 28 56;
set Last[283] := 1 29;
set Last[284] := 2 30;
set Last[285] := 3 31;
set Last[286] := 4 32;
set Last[287] := 5 33;
set Last[288] := 6 34;
set Last[289] := 7 35;
set Last[290] := 8 36;
set Last[291] := 9 37;
set Last[292] := 10 38;
set Last[293] := 11 39;
set Last[294] := 12 40;
set Last[295] := 13 41;
set Last[296] := 14 42;
set Last[297] := 16 44;
set Last[298] := 17 45;
set Last[299] := 18 46;
set Last[300] := 19 47;
set Last[301] := 20 48;
set Last[302] := 21 49;
set Last[303] := 22 50;
set Last[304] := 23 51;
set Last[305] := 24 52;
set Last[306] := 25 53;
set Last[307] := 26 54;
set Last[308] := 27 55;
set Last[309] := 28 56;
set Last[310] := 1 29;
set Last[311] := 2 30;
set Last[312] := 3 31;
set Last[313] := 4 32;
set Last[314] := 5 33;
set Last[315] := 6 34;
set Last[316] := 7 35;
set Last[317] := 8 36;
set Last[318] := 9 37;
set Last[319] := 10 38;
set Last[320] := 11 39;
set Last[321] := 12 40;
set Last[322] := 13 41;
set Last[323] := 14 42;
set Last[324] := 15 43;
set Last[325] := 17 45;
set Last[326] := 18 46;
set Last[327] := 19 47;
set Last[328] := 20 48;
set Last[329] := 21 49;
set Last[330] := 22 50;
set Last[331] := 23 51;
set Last[332] := 24 52;
set Last[333] := 25 53;
set Last[334] := 26 54;
set Last[335] := 27 55;
set Last[336] := 28 56;
set Last[337] := 1 29;
set Last[338] := 2 30;
set Last[339] := 3 31;
set Last[340] := 4 32;
set Last[341] := 5 33;
set Last[342] := 6 34;
set Last[343] := 7 35;
set Last[344] := 8 36;
set Last[345] := 9 37;
set Last[346] := 10 38;
set Last[347] := 11 39;
set Last[348] := 12 40;
set Last[349] := 13 41;
set Last[350] := 14 42;
set Last[351] := 15 43;
set Last[352] := 16 44;
set Last[353] := 18 46;
set Last[354] := 19 47;
set Last[355] := 20 48;
set Last[356] := 21 49;
set Last[357] := 22 50;
set Last[358] := 23 51;
set Last[359] := 24 52;
set Last[360] := 25 53;
set Last[361] := 26 54;
set Last[362] := 27 55;
set Last[363] := 28 56;
set Last[364] := 1 29;
set Last[365] := 2 30;
set Last[366] := 3 31;
set Last[367] := 4 32;
set Last[368] := 5 33;
set Last[369] := 6 34;
set Last[370] := 7 35;
set Last[371] := 8 36;
set Last[372] := 9 37;
set Last[373] := 10 38;
set Last[374] := 11 39;
set Last[375] := 12 40;
set Last[376] := 13 41;
set Last[377] := 14 42;
set Last[378] := 15 43;
set Last[379] := 16 44;
set Last[380] := 17 45;
set Last[381] := 19 47;
set Last[382] := 20 48;
set Last[383] := 21 49;
set Last[384] := 22 50;
set Last[385] := 23 51;
set Last[386] := 24 52;
set Last[387] := 25 53;
set Last[388] := 26 54;
set Last[389] := 27 55;
set Last[390] := 28 56;
set Last[391] := 1 29;
set Last[392] := 2 30;
set Last[393] := 3 31;
set Last[394] := 4 32;
set Last[395] := 5 33;
set Last[396] := 6 34;
set Last[397] := 7 35;
set Last[398] := 8 36;
set Last[399] := 9 37;
set Last[400] := 10 38;
set Last[401] := 11 39;
set Last[402] := 12 40;
set Last[403] := 13 41;
set Last[404] := 14 42;
set Last[405] := 15 43;
set Last[406] := 16 44;
set Last[407] := 17 45;
set Last[408] := 18 46;
set Last[409] := 20 48;
set Last[410] := 21 49;
set Last[411] := 22 50;
set Last[412] := 23 51;
set Last[413] := 24 52;
set Last[414] := 25 53;
set Last[415] := 26 54;
set Last[416] := 27 55;
set Last[417] := 28 56;
set Last[418] := 1 29;
set Last[419] := 2 30;
set Last[420] := 3 31;
set Last[421] := 4 32;
set Last[422] := 7 35;
set Last[423] := 9 37;
set Last[424] := 12 40;
set Last[425] := 14 42;
set Last[426] := 16 44;
set Last[427] := 17 45;
set Last[428] := 18 46;
set Last[429] := 19 47;
set Last[430] := 21 49;
set Last[431] := 22 50;
set Last[432] := 23 51;
set Last[433] := 24 52;
set Last[434] := 25 53;
set Last[435] := 26 54;
set Last[436] := 27 55;
set Last[437] := 28 56;
set Last[438] := 1 29;
set Last[439] := 2 30;
set Last[440] := 3 31;
set Last[441] := 4 32;
set Last[442] := 5 33;
set Last[443] := 6 34;
set Last[444] := 7 35;
set Last[445] := 8 36;
set Last[446] := 9 37;
set Last[447] := 10 38;
set Last[448] := 11 39;
set Last[449] := 12 40;
set Last[450] := 13 41;
set Last[451] := 14 42;
set Last[452] := 15 43;
set Last[453] := 16 44;
set Last[454] := 17 45;
set Last[455] := 18 46;
set Last[456] := 19 47;
set Last[457] := 20 48;
set Last[458] := 22 50;
set Last[459] := 23 51;
set Last[460] := 24 52;
set Last[461] := 25 53;
set Last[462] := 26 54;
set Last[463] := 27 55;
set Last[464] := 28 56;
set Last[465] := 1 29;
set Last[466] := 2 30;
set Last[467] := 3 31;
set Last[468] := 4 32;
set Last[469] := 5 33;
set Last[470] := 6 34;
set Last[471] := 7 35;
set Last[472] := 8 36;
set Last[473] := 9 37;
set Last[474] := 10 38;
set Last[475] := 11 39;
set Last[476] := 12 40;
set Last[477] := 13 41;
set Last[478] := 14 42;
set Last[479] := 15 43;
set Last[480] := 16 44;
set Last[481] := 17 45;
set Last[482] := 18 46;
set Last[483] := 19 47;
set Last[484] := 20 48;
set Last[485] := 21 49;
set Last[486] := 23 51;
set Last[487] := 24 52;
set Last[488] := 25 53;
set Last[489] := 26 54;
set Last[490] := 27 55;
set Last[491] := 28 56;
set Last[492] := 2 30;
set Last[493] := 4 32;
set Last[494] := 17 45;
set Last[495] := 18 46;
set Last[496] := 19 47;
set Last[497] := 22 50;
set Last[498] := 25 53;
set Last[499] := 1 29;
set Last[500] := 2 30;
set Last[501] := 3 31;
set Last[502] := 4 32;
set Last[503] := 5 33;
set Last[504] := 6 34;
set Last[505] := 7 35;
set Last[506] := 8 36;
set Last[507] := 9 37;
set Last[508] := 10 38;
set Last[509] := 11 39;
set Last[510] := 12 40;
set Last[511] := 13 41;
set Last[512] := 14 42;
set Last[513] := 15 43;
set Last[514] := 16 44;
set Last[515] := 17 45;
set Last[516] := 18 46;
set Last[517] := 19 47;
set Last[518] := 20 48;
set Last[519] := 21 49;
set Last[520] := 22 50;
set Last[521] := 23 51;
set Last[522] := 25 53;
set Last[523] := 26 54;
set Last[524] := 27 55;
set Last[525] := 28 56;
set Last[526] := 1 29;
set Last[527] := 2 30;
set Last[528] := 3 31;
set Last[529] := 4 32;
set Last[530] := 5 33;
set Last[531] := 6 34;
set Last[532] := 7 35;
set Last[533] := 8 36;
set Last[534] := 9 37;
set Last[535] := 10 38;
set Last[536] := 11 39;
set Last[537] := 12 40;
set Last[538] := 13 41;
set Last[539] := 14 42;
set Last[540] := 15 43;
set Last[541] := 16 44;
set Last[542] := 17 45;
set Last[543] := 18 46;
set Last[544] := 19 47;
set Last[545] := 20 48;
set Last[546] := 21 49;
set Last[547] := 22 50;
set Last[548] := 23 51;
set Last[549] := 24 52;
set Last[550] := 26 54;
set Last[551] := 27 55;
set Last[552] := 28 56;
set Last[553] := 1 29;
set Last[554] := 2 30;
set Last[555] := 3 31;
set Last[556] := 4 32;
set Last[557] := 5 33;
set Last[558] := 6 34;
set Last[559] := 7 35;
set Last[560] := 8 36;
set Last[561] := 9 37;
set Last[562] := 10 38;
set Last[563] := 11 39;
set Last[564] := 12 40;
set Last[565] := 13 41;
set Last[566] := 14 42;
set Last[567] := 15 43;
set Last[568] := 16 44;
set Last[569] := 17 45;
set Last[570] := 18 46;
set Last[571] := 19 47;
set Last[572] := 20 48;
set Last[573] := 21 49;
set Last[574] := 22 50;
set Last[575] := 23 51;
set Last[576] := 24 52;
set Last[577] := 25 53;
set Last[578] := 27 55;
set Last[579] := 28 56;
set Last[580] := 1 29;
set Last[581] := 2 30;
set Last[582] := 3 31;
set Last[583] := 4 32;
set Last[584] := 17 45;
set Last[585] := 18 46;
set Last[586] := 19 47;
set Last[587] := 20 48;
set Last[588] := 22 50;
set Last[589] := 25 53;
set Last[590] := 26 54;
set Last[591] := 1 29;
set Last[592] := 2 30;
set Last[593] := 3 31;
set Last[594] := 4 32;
set Last[595] := 5 33;
set Last[596] := 6 34;
set Last[597] := 7 35;
set Last[598] := 8 36;
set Last[599] := 9 37;
set Last[600] := 10 38;
set Last[601] := 11 39;
set Last[602] := 12 40;
set Last[603] := 13 41;
set Last[604] := 14 42;
set Last[605] := 15 43;
set Last[606] := 16 44;
set Last[607] := 17 45;
set Last[608] := 18 46;
set Last[609] := 19 47;
set Last[610] := 20 48;
set Last[611] := 21 49;
set Last[612] := 22 50;
set Last[613] := 23 51;
set Last[614] := 24 52;
set Last[615] := 25 53;
set Last[616] := 26 54;
set Last[617] := 27 55;

param q := 5;

end;
