data;

set V := 1 2 3 4 5 6 7 8 9 10 13 14 15 16 23 24 25 26 27 28 29 30 31 32 33 34 35 36 37 38 39 40 43 45 46 47 49 50 53 54 56 63 67 68 69 70 72 73 74 75 77 78 79 80;

set A := 1 2
         1 3
         1 5
         1 31
         1 35
         2 1
         2 34
         3 1
         3 5
         3 32
         3 33
         3 37
         3 39
         3 43
         4 5
         4 6
         4 31
         5 1
         5 3
         5 6
         5 7
         5 9
         5 30
         5 32
         5 45
         6 4
         6 5
         6 24
         6 46
         7 5
         7 8
         7 47
         8 7
         8 9
         8 35
         9 5
         9 8
         9 10
         9 49
         10 9
         10 16
         10 30
         10 50
         13 14
         13 16
         13 23
         13 53
         14 54
         15 13
         15 14
         16 10
         16 13
         16 30
         16 56
         23 13
         23 14
         23 24
         23 27
         23 28
         23 63
         24 6
         24 23
         24 30
         25 26
         25 35
         26 8
         26 9
         26 10
         27 23
         27 67
         28 23
         28 29
         28 68
         29 28
         29 30
         29 69
         30 5
         30 10
         30 16
         30 24
         30 29
         30 70
         31 1
         31 4
         31 40
         32 3
         32 5
         32 72
         33 73
         34 2
         34 35
         34 74
         35 1
         35 8
         35 33
         35 34
         35 75
         36 3
         37 3
         37 38
         37 77
         38 37
         38 78
         39 3
         39 40
         39 79
         40 31
         40 39
         40 80
         ;

set S := 1 2 3 4 5 6 7 8 9 10 11 12 13 14 15 16 17 18 19 20 21 22 23 24 25 26 27 28 29 30 31 32 33 34 35 36 37 38 39 40 41 42 43 44 45 46 47 48 49 50 51 52 53 54 55 56 57 58 59 60 61 62 63 64 65 66 67 68 69 70 71 72 73 74 75 76 77 78 79 80 81 82 83 84 85 86 87 88 89 90 91 92 93 94 95 96 97 98 99 100 101 102 103 104 105 106 107 108 109 110 111 112 113 114 115 116 117 118 119 120 121 122 123 124 125 126 127 128 129 130 131 132 133 134 135 136 137 138 139 140 141 142 143 144 145 146 147 148 149 150 151 152 153 154 155 156 157 158 159 160 161 162 163 164 165 166 167 168 169 170 171 172 173 174 175 176 177 178 179 180 181 182 183 184 185 186 187 188 189 190 191 192 193 194 195 196 197 198 199 200 201 202 203 204 205 206 207 208 209 210 211 212 213 214 215 216 217 218 219 220 221 222 223 224 225 226 227 228 229 230 231 232 233 234 235 236 237 238 239 240 241 242 243 244 245 246 247 248 249 250 251 252 253 254 255 256 257 258 259 260 261 262 263 264 265 266 267 268 269 270 271 272 273 274 275 276 277 278 279 280 281 282 283 284 285 286 287 288 289 290 291 292 293 294 295 296 297 298 299 300 301 302 303 304 305 306 307 308 309 310 311 312;

set F[1] := 1 5
            5 6
            6 46
            ;
set F[2] := 1 5
            5 7
            7 47
            ;
set F[3] := 1 5
            5 9
            9 49
            ;
set F[4] := 1 5
            5 9
            9 10
            10 50
            ;
set F[5] := 1 5
            5 30
            30 16
            16 13
            13 53
            ;
set F[6] := 1 5
            5 6
            6 24
            24 23
            23 14
            14 54
            ;
set F[7] := 1 5
            5 6
            6 24
            24 23
            23 63
            ;
set F[8] := 1 5
            5 6
            6 24
            24 23
            23 27
            27 67
            ;
set F[9] := 1 5
            5 30
            30 29
            29 28
            28 68
            ;
set F[10] := 1 5
             5 30
             30 29
             29 69
             ;
set F[11] := 1 5
             5 30
             30 70
             ;
set F[12] := 1 3
             3 32
             32 72
             ;
set F[13] := 1 3
             3 33
             33 73
             ;
set F[14] := 1 2
             2 34
             34 74
             ;
set F[15] := 1 3
             3 37
             37 77
             ;
set F[16] := 1 3
             3 39
             39 79
             ;
set F[17] := 1 31
             31 40
             40 80
             ;
set F[18] := 3 5
             5 6
             6 46
             ;
set F[19] := 3 5
             5 7
             7 47
             ;
set F[20] := 3 5
             5 9
             9 10
             10 50
             ;
set F[21] := 3 5
             5 30
             30 16
             16 13
             13 53
             ;
set F[22] := 3 5
             5 6
             6 24
             24 23
             23 14
             14 54
             ;
set F[23] := 3 5
             5 6
             6 24
             24 23
             23 63
             ;
set F[24] := 3 5
             5 30
             30 29
             29 28
             28 68
             ;
set F[25] := 3 5
             5 30
             30 29
             29 69
             ;
set F[26] := 3 5
             5 30
             30 70
             ;
set F[27] := 3 32
             32 72
             ;
set F[28] := 3 33
             33 73
             ;
set F[29] := 3 1
             1 2
             2 34
             34 74
             ;
set F[30] := 3 37
             37 77
             ;
set F[31] := 3 39
             39 79
             ;
set F[32] := 3 39
             39 40
             40 80
             ;
set F[33] := 4 6
             6 46
             ;
set F[34] := 4 5
             5 9
             9 10
             10 50
             ;
set F[35] := 4 6
             6 24
             24 23
             23 63
             ;
set F[36] := 4 5
             5 30
             30 70
             ;
set F[37] := 5 3
             3 43
             ;
set F[38] := 5 6
             6 46
             ;
set F[39] := 5 7
             7 47
             ;
set F[40] := 5 9
             9 49
             ;
set F[41] := 5 9
             9 10
             10 50
             ;
set F[42] := 5 30
             30 16
             16 13
             13 53
             ;
set F[43] := 5 6
             6 24
             24 23
             23 14
             14 54
             ;
set F[44] := 5 30
             30 16
             16 56
             ;
set F[45] := 5 6
             6 24
             24 23
             23 63
             ;
set F[46] := 5 6
             6 24
             24 23
             23 27
             27 67
             ;
set F[47] := 5 30
             30 29
             29 28
             28 68
             ;
set F[48] := 5 30
             30 29
             29 69
             ;
set F[49] := 5 30
             30 70
             ;
set F[50] := 5 32
             32 72
             ;
set F[51] := 5 3
             3 33
             33 73
             ;
set F[52] := 5 1
             1 2
             2 34
             34 74
             ;
set F[53] := 5 1
             1 35
             35 75
             ;
set F[54] := 5 3
             3 37
             37 77
             ;
set F[55] := 5 3
             3 37
             37 38
             38 78
             ;
set F[56] := 5 3
             3 39
             39 79
             ;
set F[57] := 5 1
             1 31
             31 40
             40 80
             ;
set F[58] := 7 5
             5 6
             6 46
             ;
set F[59] := 7 5
             5 9
             9 10
             10 50
             ;
set F[60] := 7 5
             5 6
             6 24
             24 23
             23 14
             14 54
             ;
set F[61] := 7 5
             5 6
             6 24
             24 23
             23 63
             ;
set F[62] := 7 5
             5 30
             30 70
             ;
set F[63] := 7 8
             8 35
             35 34
             34 74
             ;
set F[64] := 7 5
             5 3
             3 37
             37 77
             ;
set F[65] := 7 5
             5 3
             3 39
             39 79
             ;
set F[66] := 8 7
             7 5
             5 3
             3 43
             ;
set F[67] := 8 7
             7 5
             5 45
             ;
set F[68] := 8 7
             7 5
             5 6
             6 46
             ;
set F[69] := 8 7
             7 47
             ;
set F[70] := 8 9
             9 49
             ;
set F[71] := 8 9
             9 10
             10 50
             ;
set F[72] := 8 9
             9 10
             10 16
             16 13
             13 53
             ;
set F[73] := 8 9
             9 10
             10 16
             16 13
             13 14
             14 54
             ;
set F[74] := 8 9
             9 10
             10 16
             16 56
             ;
set F[75] := 8 7
             7 5
             5 6
             6 24
             24 23
             23 63
             ;
set F[76] := 8 7
             7 5
             5 6
             6 24
             24 23
             23 27
             27 67
             ;
set F[77] := 8 7
             7 5
             5 30
             30 29
             29 28
             28 68
             ;
set F[78] := 8 7
             7 5
             5 30
             30 29
             29 69
             ;
set F[79] := 8 7
             7 5
             5 30
             30 70
             ;
set F[80] := 8 7
             7 5
             5 32
             32 72
             ;
set F[81] := 8 35
             35 33
             33 73
             ;
set F[82] := 8 35
             35 34
             34 74
             ;
set F[83] := 8 7
             7 5
             5 3
             3 37
             37 77
             ;
set F[84] := 8 7
             7 5
             5 3
             3 37
             37 38
             38 78
             ;
set F[85] := 8 7
             7 5
             5 3
             3 39
             39 79
             ;
set F[86] := 8 35
             35 1
             1 31
             31 40
             40 80
             ;
set F[87] := 9 5
             5 6
             6 46
             ;
set F[88] := 9 10
             10 50
             ;
set F[89] := 9 10
             10 16
             16 13
             13 14
             14 54
             ;
set F[90] := 9 5
             5 6
             6 24
             24 23
             23 63
             ;
set F[91] := 9 5
             5 30
             30 70
             ;
set F[92] := 9 8
             8 35
             35 34
             34 74
             ;
set F[93] := 9 5
             5 3
             3 39
             39 79
             ;
set F[94] := 10 9
             9 5
             5 6
             6 46
             ;
set F[95] := 10 9
             9 5
             5 7
             7 47
             ;
set F[96] := 10 16
             16 13
             13 53
             ;
set F[97] := 10 16
             16 13
             13 14
             14 54
             ;
set F[98] := 10 30
             30 24
             24 23
             23 63
             ;
set F[99] := 10 30
             30 29
             29 28
             28 68
             ;
set F[100] := 10 30
              30 70
              ;
set F[101] := 10 9
              9 5
              5 32
              32 72
              ;
set F[102] := 10 9
              9 8
              8 35
              35 34
              34 74
              ;
set F[103] := 10 9
              9 5
              5 3
              3 37
              37 77
              ;
set F[104] := 10 9
              9 5
              5 3
              3 39
              39 79
              ;
set F[105] := 13 23
              23 24
              24 6
              6 46
              ;
set F[106] := 13 16
              16 30
              30 5
              5 7
              7 47
              ;
set F[107] := 13 16
              16 10
              10 50
              ;
set F[108] := 13 14
              14 54
              ;
set F[109] := 13 23
              23 63
              ;
set F[110] := 13 16
              16 30
              30 70
              ;
set F[111] := 13 16
              16 10
              10 9
              9 8
              8 35
              35 34
              34 74
              ;
set F[112] := 13 16
              16 30
              30 5
              5 3
              3 37
              37 77
              ;
set F[113] := 13 16
              16 30
              30 5
              5 3
              3 39
              39 79
              ;
set F[114] := 15 13
              13 23
              23 24
              24 6
              6 46
              ;
set F[115] := 15 13
              13 16
              16 30
              30 5
              5 7
              7 47
              ;
set F[116] := 15 13
              13 16
              16 10
              10 50
              ;
set F[117] := 15 14
              14 54
              ;
set F[118] := 15 13
              13 23
              23 63
              ;
set F[119] := 15 13
              13 16
              16 30
              30 70
              ;
set F[120] := 15 13
              13 16
              16 10
              10 9
              9 8
              8 35
              35 34
              34 74
              ;
set F[121] := 15 13
              13 16
              16 30
              30 5
              5 3
              3 37
              37 77
              ;
set F[122] := 15 13
              13 16
              16 30
              30 5
              5 3
              3 39
              39 79
              ;
set F[123] := 16 10
              10 50
              ;
set F[124] := 16 13
              13 23
              23 63
              ;
set F[125] := 24 6
              6 5
              5 3
              3 43
              ;
set F[126] := 24 6
              6 5
              5 45
              ;
set F[127] := 24 6
              6 46
              ;
set F[128] := 24 6
              6 5
              5 7
              7 47
              ;
set F[129] := 24 6
              6 5
              5 9
              9 49
              ;
set F[130] := 24 30
              30 10
              10 50
              ;
set F[131] := 24 23
              23 13
              13 53
              ;
set F[132] := 24 23
              23 14
              14 54
              ;
set F[133] := 24 23
              23 63
              ;
set F[134] := 24 23
              23 27
              27 67
              ;
set F[135] := 24 23
              23 28
              28 68
              ;
set F[136] := 24 30
              30 29
              29 69
              ;
set F[137] := 24 30
              30 70
              ;
set F[138] := 24 6
              6 5
              5 32
              32 72
              ;
set F[139] := 24 6
              6 5
              5 3
              3 33
              33 73
              ;
set F[140] := 24 6
              6 5
              5 1
              1 2
              2 34
              34 74
              ;
set F[141] := 24 6
              6 5
              5 3
              3 37
              37 77
              ;
set F[142] := 24 6
              6 5
              5 3
              3 39
              39 79
              ;
set F[143] := 24 6
              6 4
              4 31
              31 40
              40 80
              ;
set F[144] := 25 26
              26 9
              9 5
              5 6
              6 46
              ;
set F[145] := 25 26
              26 8
              8 7
              7 47
              ;
set F[146] := 25 26
              26 9
              9 49
              ;
set F[147] := 25 26
              26 10
              10 50
              ;
set F[148] := 25 26
              26 10
              10 16
              16 13
              13 53
              ;
set F[149] := 25 26
              26 10
              10 16
              16 13
              13 14
              14 54
              ;
set F[150] := 25 26
              26 10
              10 30
              30 24
              24 23
              23 63
              ;
set F[151] := 25 26
              26 10
              10 30
              30 29
              29 28
              28 68
              ;
set F[152] := 25 26
              26 10
              10 30
              30 29
              29 69
              ;
set F[153] := 25 26
              26 10
              10 30
              30 70
              ;
set F[154] := 25 26
              26 9
              9 5
              5 32
              32 72
              ;
set F[155] := 25 35
              35 33
              33 73
              ;
set F[156] := 25 35
              35 34
              34 74
              ;
set F[157] := 25 35
              35 1
              1 3
              3 37
              37 77
              ;
set F[158] := 25 35
              35 1
              1 3
              3 39
              39 79
              ;
set F[159] := 25 35
              35 1
              1 31
              31 40
              40 80
              ;
set F[160] := 26 9
              9 5
              5 6
              6 46
              ;
set F[161] := 26 8
              8 7
              7 47
              ;
set F[162] := 26 10
              10 50
              ;
set F[163] := 26 10
              10 16
              16 13
              13 53
              ;
set F[164] := 26 10
              10 16
              16 13
              13 14
              14 54
              ;
set F[165] := 26 10
              10 30
              30 24
              24 23
              23 63
              ;
set F[166] := 26 10
              10 30
              30 29
              29 28
              28 68
              ;
set F[167] := 26 10
              10 30
              30 70
              ;
set F[168] := 26 9
              9 5
              5 32
              32 72
              ;
set F[169] := 26 8
              8 35
              35 34
              34 74
              ;
set F[170] := 26 9
              9 5
              5 3
              3 37
              37 77
              ;
set F[171] := 26 9
              9 5
              5 3
              3 39
              39 79
              ;
set F[172] := 27 23
              23 13
              13 16
              16 10
              10 50
              ;
set F[173] := 27 23
              23 63
              ;
set F[174] := 28 23
              23 24
              24 6
              6 46
              ;
set F[175] := 28 29
              29 30
              30 5
              5 7
              7 47
              ;
set F[176] := 28 29
              29 30
              30 10
              10 50
              ;
set F[177] := 28 23
              23 14
              14 54
              ;
set F[178] := 28 23
              23 63
              ;
set F[179] := 28 29
              29 30
              30 70
              ;
set F[180] := 28 29
              29 30
              30 5
              5 1
              1 2
              2 34
              34 74
              ;
set F[181] := 28 29
              29 30
              30 5
              5 3
              3 37
              37 77
              ;
set F[182] := 28 29
              29 30
              30 5
              5 3
              3 39
              39 79
              ;
set F[183] := 30 5
              5 3
              3 43
              ;
set F[184] := 30 5
              5 45
              ;
set F[185] := 30 5
              5 6
              6 46
              ;
set F[186] := 30 5
              5 7
              7 47
              ;
set F[187] := 30 5
              5 9
              9 49
              ;
set F[188] := 30 10
              10 50
              ;
set F[189] := 30 16
              16 13
              13 53
              ;
set F[190] := 30 16
              16 13
              13 14
              14 54
              ;
set F[191] := 30 16
              16 56
              ;
set F[192] := 30 24
              24 23
              23 63
              ;
set F[193] := 30 24
              24 23
              23 27
              27 67
              ;
set F[194] := 30 29
              29 28
              28 68
              ;
set F[195] := 30 29
              29 69
              ;
set F[196] := 30 5
              5 32
              32 72
              ;
set F[197] := 30 5
              5 3
              3 33
              33 73
              ;
set F[198] := 30 5
              5 1
              1 2
              2 34
              34 74
              ;
set F[199] := 30 5
              5 1
              1 35
              35 75
              ;
set F[200] := 30 5
              5 3
              3 37
              37 77
              ;
set F[201] := 30 5
              5 3
              3 37
              37 38
              38 78
              ;
set F[202] := 30 5
              5 3
              3 39
              39 79
              ;
set F[203] := 30 5
              5 1
              1 31
              31 40
              40 80
              ;
set F[204] := 31 1
              1 3
              3 43
              ;
set F[205] := 31 1
              1 5
              5 45
              ;
set F[206] := 31 4
              4 6
              6 46
              ;
set F[207] := 31 1
              1 5
              5 7
              7 47
              ;
set F[208] := 31 1
              1 5
              5 9
              9 49
              ;
set F[209] := 31 1
              1 5
              5 9
              9 10
              10 50
              ;
set F[210] := 31 1
              1 5
              5 30
              30 16
              16 13
              13 53
              ;
set F[211] := 31 4
              4 6
              6 24
              24 23
              23 14
              14 54
              ;
set F[212] := 31 1
              1 5
              5 30
              30 16
              16 56
              ;
set F[213] := 31 4
              4 6
              6 24
              24 23
              23 63
              ;
set F[214] := 31 4
              4 6
              6 24
              24 23
              23 27
              27 67
              ;
set F[215] := 31 1
              1 5
              5 30
              30 29
              29 28
              28 68
              ;
set F[216] := 31 1
              1 5
              5 30
              30 29
              29 69
              ;
set F[217] := 31 1
              1 5
              5 30
              30 70
              ;
set F[218] := 31 1
              1 3
              3 32
              32 72
              ;
set F[219] := 31 1
              1 3
              3 33
              33 73
              ;
set F[220] := 31 1
              1 2
              2 34
              34 74
              ;
set F[221] := 31 1
              1 3
              3 37
              37 77
              ;
set F[222] := 31 1
              1 3
              3 37
              37 38
              38 78
              ;
set F[223] := 31 40
              40 39
              39 79
              ;
set F[224] := 31 40
              40 80
              ;
set F[225] := 32 5
              5 6
              6 46
              ;
set F[226] := 32 5
              5 7
              7 47
              ;
set F[227] := 32 5
              5 9
              9 10
              10 50
              ;
set F[228] := 32 5
              5 30
              30 16
              16 13
              13 53
              ;
set F[229] := 32 5
              5 6
              6 24
              24 23
              23 14
              14 54
              ;
set F[230] := 32 5
              5 6
              6 24
              24 23
              23 63
              ;
set F[231] := 32 5
              5 30
              30 29
              29 28
              28 68
              ;
set F[232] := 32 5
              5 30
              30 29
              29 69
              ;
set F[233] := 32 5
              5 30
              30 70
              ;
set F[234] := 32 3
              3 1
              1 2
              2 34
              34 74
              ;
set F[235] := 32 3
              3 37
              37 77
              ;
set F[236] := 32 3
              3 39
              39 79
              ;
set F[237] := 32 3
              3 39
              39 40
              40 80
              ;
set F[238] := 34 35
              35 8
              8 9
              9 10
              10 50
              ;
set F[239] := 34 2
              2 1
              1 5
              5 6
              6 24
              24 23
              23 63
              ;
set F[240] := 35 1
              1 3
              3 43
              ;
set F[241] := 35 1
              1 5
              5 6
              6 46
              ;
set F[242] := 35 8
              8 7
              7 47
              ;
set F[243] := 35 8
              8 9
              9 49
              ;
set F[244] := 35 8
              8 9
              9 10
              10 50
              ;
set F[245] := 35 1
              1 5
              5 30
              30 16
              16 13
              13 53
              ;
set F[246] := 35 1
              1 5
              5 6
              6 24
              24 23
              23 14
              14 54
              ;
set F[247] := 35 1
              1 5
              5 6
              6 24
              24 23
              23 63
              ;
set F[248] := 35 1
              1 5
              5 6
              6 24
              24 23
              23 27
              27 67
              ;
set F[249] := 35 1
              1 5
              5 30
              30 29
              29 28
              28 68
              ;
set F[250] := 35 1
              1 5
              5 30
              30 29
              29 69
              ;
set F[251] := 35 1
              1 5
              5 30
              30 70
              ;
set F[252] := 35 1
              1 3
              3 32
              32 72
              ;
set F[253] := 35 33
              33 73
              ;
set F[254] := 35 34
              34 74
              ;
set F[255] := 35 1
              1 3
              3 37
              37 77
              ;
set F[256] := 35 1
              1 3
              3 39
              39 79
              ;
set F[257] := 35 1
              1 31
              31 40
              40 80
              ;
set F[258] := 36 3
              3 5
              5 9
              9 10
              10 50
              ;
set F[259] := 36 3
              3 5
              5 6
              6 24
              24 23
              23 63
              ;
set F[260] := 36 3
              3 5
              5 30
              30 70
              ;
set F[261] := 37 3
              3 43
              ;
set F[262] := 37 3
              3 5
              5 6
              6 46
              ;
set F[263] := 37 3
              3 5
              5 7
              7 47
              ;
set F[264] := 37 3
              3 5
              5 9
              9 49
              ;
set F[265] := 37 3
              3 5
              5 9
              9 10
              10 50
              ;
set F[266] := 37 3
              3 5
              5 30
              30 16
              16 13
              13 53
              ;
set F[267] := 37 3
              3 5
              5 6
              6 24
              24 23
              23 14
              14 54
              ;
set F[268] := 37 3
              3 5
              5 6
              6 24
              24 23
              23 63
              ;
set F[269] := 37 3
              3 5
              5 6
              6 24
              24 23
              23 27
              27 67
              ;
set F[270] := 37 3
              3 5
              5 30
              30 29
              29 28
              28 68
              ;
set F[271] := 37 3
              3 5
              5 30
              30 29
              29 69
              ;
set F[272] := 37 3
              3 5
              5 30
              30 70
              ;
set F[273] := 37 3
              3 32
              32 72
              ;
set F[274] := 37 3
              3 33
              33 73
              ;
set F[275] := 37 3
              3 1
              1 2
              2 34
              34 74
              ;
set F[276] := 37 3
              3 39
              39 79
              ;
set F[277] := 37 3
              3 39
              39 40
              40 80
              ;
set F[278] := 38 37
              37 3
              3 5
              5 6
              6 46
              ;
set F[279] := 38 37
              37 3
              3 5
              5 9
              9 10
              10 50
              ;
set F[280] := 38 37
              37 3
              3 5
              5 6
              6 24
              24 23
              23 63
              ;
set F[281] := 38 37
              37 3
              3 5
              5 30
              30 70
              ;
set F[282] := 39 3
              3 5
              5 6
              6 46
              ;
set F[283] := 39 3
              3 5
              5 7
              7 47
              ;
set F[284] := 39 3
              3 5
              5 9
              9 10
              10 50
              ;
set F[285] := 39 3
              3 5
              5 30
              30 16
              16 13
              13 53
              ;
set F[286] := 39 3
              3 5
              5 6
              6 24
              24 23
              23 14
              14 54
              ;
set F[287] := 39 3
              3 5
              5 6
              6 24
              24 23
              23 63
              ;
set F[288] := 39 3
              3 5
              5 30
              30 29
              29 28
              28 68
              ;
set F[289] := 39 3
              3 5
              5 30
              30 29
              29 69
              ;
set F[290] := 39 3
              3 5
              5 30
              30 70
              ;
set F[291] := 39 3
              3 32
              32 72
              ;
set F[292] := 39 3
              3 1
              1 2
              2 34
              34 74
              ;
set F[293] := 39 3
              3 37
              37 77
              ;
set F[294] := 39 40
              40 80
              ;
set F[295] := 40 39
              39 3
              3 43
              ;
set F[296] := 40 31
              31 1
              1 5
              5 45
              ;
set F[297] := 40 31
              31 4
              4 6
              6 46
              ;
set F[298] := 40 31
              31 1
              1 5
              5 7
              7 47
              ;
set F[299] := 40 31
              31 1
              1 5
              5 9
              9 49
              ;
set F[300] := 40 31
              31 1
              1 5
              5 9
              9 10
              10 50
              ;
set F[301] := 40 31
              31 1
              1 5
              5 30
              30 16
              16 13
              13 53
              ;
set F[302] := 40 31
              31 4
              4 6
              6 24
              24 23
              23 14
              14 54
              ;
set F[303] := 40 31
              31 4
              4 6
              6 24
              24 23
              23 63
              ;
set F[304] := 40 31
              31 4
              4 6
              6 24
              24 23
              23 27
              27 67
              ;
set F[305] := 40 31
              31 1
              1 5
              5 30
              30 29
              29 28
              28 68
              ;
set F[306] := 40 31
              31 1
              1 5
              5 30
              30 29
              29 69
              ;
set F[307] := 40 31
              31 1
              1 5
              5 30
              30 70
              ;
set F[308] := 40 39
              39 3
              3 32
              32 72
              ;
set F[309] := 40 39
              39 3
              3 33
              33 73
              ;
set F[310] := 40 31
              31 1
              1 2
              2 34
              34 74
              ;
set F[311] := 40 39
              39 3
              3 37
              37 77
              ;
set F[312] := 40 39
              39 79
              ;
set Last[1] := 6 46;
set Last[2] := 7 47;
set Last[3] := 9 49;
set Last[4] := 10 50;
set Last[5] := 13 53;
set Last[6] := 14 54;
set Last[7] := 23 63;
set Last[8] := 27 67;
set Last[9] := 28 68;
set Last[10] := 29 69;
set Last[11] := 30 70;
set Last[12] := 32 72;
set Last[13] := 33 73;
set Last[14] := 34 74;
set Last[15] := 37 77;
set Last[16] := 39 79;
set Last[17] := 40 80;
set Last[18] := 6 46;
set Last[19] := 7 47;
set Last[20] := 10 50;
set Last[21] := 13 53;
set Last[22] := 14 54;
set Last[23] := 23 63;
set Last[24] := 28 68;
set Last[25] := 29 69;
set Last[26] := 30 70;
set Last[27] := 32 72;
set Last[28] := 33 73;
set Last[29] := 34 74;
set Last[30] := 37 77;
set Last[31] := 39 79;
set Last[32] := 40 80;
set Last[33] := 6 46;
set Last[34] := 10 50;
set Last[35] := 23 63;
set Last[36] := 30 70;
set Last[37] := 3 43;
set Last[38] := 6 46;
set Last[39] := 7 47;
set Last[40] := 9 49;
set Last[41] := 10 50;
set Last[42] := 13 53;
set Last[43] := 14 54;
set Last[44] := 16 56;
set Last[45] := 23 63;
set Last[46] := 27 67;
set Last[47] := 28 68;
set Last[48] := 29 69;
set Last[49] := 30 70;
set Last[50] := 32 72;
set Last[51] := 33 73;
set Last[52] := 34 74;
set Last[53] := 35 75;
set Last[54] := 37 77;
set Last[55] := 38 78;
set Last[56] := 39 79;
set Last[57] := 40 80;
set Last[58] := 6 46;
set Last[59] := 10 50;
set Last[60] := 14 54;
set Last[61] := 23 63;
set Last[62] := 30 70;
set Last[63] := 34 74;
set Last[64] := 37 77;
set Last[65] := 39 79;
set Last[66] := 3 43;
set Last[67] := 5 45;
set Last[68] := 6 46;
set Last[69] := 7 47;
set Last[70] := 9 49;
set Last[71] := 10 50;
set Last[72] := 13 53;
set Last[73] := 14 54;
set Last[74] := 16 56;
set Last[75] := 23 63;
set Last[76] := 27 67;
set Last[77] := 28 68;
set Last[78] := 29 69;
set Last[79] := 30 70;
set Last[80] := 32 72;
set Last[81] := 33 73;
set Last[82] := 34 74;
set Last[83] := 37 77;
set Last[84] := 38 78;
set Last[85] := 39 79;
set Last[86] := 40 80;
set Last[87] := 6 46;
set Last[88] := 10 50;
set Last[89] := 14 54;
set Last[90] := 23 63;
set Last[91] := 30 70;
set Last[92] := 34 74;
set Last[93] := 39 79;
set Last[94] := 6 46;
set Last[95] := 7 47;
set Last[96] := 13 53;
set Last[97] := 14 54;
set Last[98] := 23 63;
set Last[99] := 28 68;
set Last[100] := 30 70;
set Last[101] := 32 72;
set Last[102] := 34 74;
set Last[103] := 37 77;
set Last[104] := 39 79;
set Last[105] := 6 46;
set Last[106] := 7 47;
set Last[107] := 10 50;
set Last[108] := 14 54;
set Last[109] := 23 63;
set Last[110] := 30 70;
set Last[111] := 34 74;
set Last[112] := 37 77;
set Last[113] := 39 79;
set Last[114] := 6 46;
set Last[115] := 7 47;
set Last[116] := 10 50;
set Last[117] := 14 54;
set Last[118] := 23 63;
set Last[119] := 30 70;
set Last[120] := 34 74;
set Last[121] := 37 77;
set Last[122] := 39 79;
set Last[123] := 10 50;
set Last[124] := 23 63;
set Last[125] := 3 43;
set Last[126] := 5 45;
set Last[127] := 6 46;
set Last[128] := 7 47;
set Last[129] := 9 49;
set Last[130] := 10 50;
set Last[131] := 13 53;
set Last[132] := 14 54;
set Last[133] := 23 63;
set Last[134] := 27 67;
set Last[135] := 28 68;
set Last[136] := 29 69;
set Last[137] := 30 70;
set Last[138] := 32 72;
set Last[139] := 33 73;
set Last[140] := 34 74;
set Last[141] := 37 77;
set Last[142] := 39 79;
set Last[143] := 40 80;
set Last[144] := 6 46;
set Last[145] := 7 47;
set Last[146] := 9 49;
set Last[147] := 10 50;
set Last[148] := 13 53;
set Last[149] := 14 54;
set Last[150] := 23 63;
set Last[151] := 28 68;
set Last[152] := 29 69;
set Last[153] := 30 70;
set Last[154] := 32 72;
set Last[155] := 33 73;
set Last[156] := 34 74;
set Last[157] := 37 77;
set Last[158] := 39 79;
set Last[159] := 40 80;
set Last[160] := 6 46;
set Last[161] := 7 47;
set Last[162] := 10 50;
set Last[163] := 13 53;
set Last[164] := 14 54;
set Last[165] := 23 63;
set Last[166] := 28 68;
set Last[167] := 30 70;
set Last[168] := 32 72;
set Last[169] := 34 74;
set Last[170] := 37 77;
set Last[171] := 39 79;
set Last[172] := 10 50;
set Last[173] := 23 63;
set Last[174] := 6 46;
set Last[175] := 7 47;
set Last[176] := 10 50;
set Last[177] := 14 54;
set Last[178] := 23 63;
set Last[179] := 30 70;
set Last[180] := 34 74;
set Last[181] := 37 77;
set Last[182] := 39 79;
set Last[183] := 3 43;
set Last[184] := 5 45;
set Last[185] := 6 46;
set Last[186] := 7 47;
set Last[187] := 9 49;
set Last[188] := 10 50;
set Last[189] := 13 53;
set Last[190] := 14 54;
set Last[191] := 16 56;
set Last[192] := 23 63;
set Last[193] := 27 67;
set Last[194] := 28 68;
set Last[195] := 29 69;
set Last[196] := 32 72;
set Last[197] := 33 73;
set Last[198] := 34 74;
set Last[199] := 35 75;
set Last[200] := 37 77;
set Last[201] := 38 78;
set Last[202] := 39 79;
set Last[203] := 40 80;
set Last[204] := 3 43;
set Last[205] := 5 45;
set Last[206] := 6 46;
set Last[207] := 7 47;
set Last[208] := 9 49;
set Last[209] := 10 50;
set Last[210] := 13 53;
set Last[211] := 14 54;
set Last[212] := 16 56;
set Last[213] := 23 63;
set Last[214] := 27 67;
set Last[215] := 28 68;
set Last[216] := 29 69;
set Last[217] := 30 70;
set Last[218] := 32 72;
set Last[219] := 33 73;
set Last[220] := 34 74;
set Last[221] := 37 77;
set Last[222] := 38 78;
set Last[223] := 39 79;
set Last[224] := 40 80;
set Last[225] := 6 46;
set Last[226] := 7 47;
set Last[227] := 10 50;
set Last[228] := 13 53;
set Last[229] := 14 54;
set Last[230] := 23 63;
set Last[231] := 28 68;
set Last[232] := 29 69;
set Last[233] := 30 70;
set Last[234] := 34 74;
set Last[235] := 37 77;
set Last[236] := 39 79;
set Last[237] := 40 80;
set Last[238] := 10 50;
set Last[239] := 23 63;
set Last[240] := 3 43;
set Last[241] := 6 46;
set Last[242] := 7 47;
set Last[243] := 9 49;
set Last[244] := 10 50;
set Last[245] := 13 53;
set Last[246] := 14 54;
set Last[247] := 23 63;
set Last[248] := 27 67;
set Last[249] := 28 68;
set Last[250] := 29 69;
set Last[251] := 30 70;
set Last[252] := 32 72;
set Last[253] := 33 73;
set Last[254] := 34 74;
set Last[255] := 37 77;
set Last[256] := 39 79;
set Last[257] := 40 80;
set Last[258] := 10 50;
set Last[259] := 23 63;
set Last[260] := 30 70;
set Last[261] := 3 43;
set Last[262] := 6 46;
set Last[263] := 7 47;
set Last[264] := 9 49;
set Last[265] := 10 50;
set Last[266] := 13 53;
set Last[267] := 14 54;
set Last[268] := 23 63;
set Last[269] := 27 67;
set Last[270] := 28 68;
set Last[271] := 29 69;
set Last[272] := 30 70;
set Last[273] := 32 72;
set Last[274] := 33 73;
set Last[275] := 34 74;
set Last[276] := 39 79;
set Last[277] := 40 80;
set Last[278] := 6 46;
set Last[279] := 10 50;
set Last[280] := 23 63;
set Last[281] := 30 70;
set Last[282] := 6 46;
set Last[283] := 7 47;
set Last[284] := 10 50;
set Last[285] := 13 53;
set Last[286] := 14 54;
set Last[287] := 23 63;
set Last[288] := 28 68;
set Last[289] := 29 69;
set Last[290] := 30 70;
set Last[291] := 32 72;
set Last[292] := 34 74;
set Last[293] := 37 77;
set Last[294] := 40 80;
set Last[295] := 3 43;
set Last[296] := 5 45;
set Last[297] := 6 46;
set Last[298] := 7 47;
set Last[299] := 9 49;
set Last[300] := 10 50;
set Last[301] := 13 53;
set Last[302] := 14 54;
set Last[303] := 23 63;
set Last[304] := 27 67;
set Last[305] := 28 68;
set Last[306] := 29 69;
set Last[307] := 30 70;
set Last[308] := 32 72;
set Last[309] := 33 73;
set Last[310] := 34 74;
set Last[311] := 37 77;
set Last[312] := 39 79;

param q := 5;

end;
