data;

set V := 1 2 3 4 5 6 7 8 9 10 11 12 13 14 15 16 17 18 19 20 21 22 23 24 25 26 27 29 30 31 32 33 34 35 36 37 38 39 40 41 42 43 44 45 46 47 48 49 50 51 52 53 54 55;

set A := 1 14
         1 29
         2 14
         2 30
         3 21
         3 31
         4 23
         4 32
         5 15
         5 33
         6 26
         6 34
         7 14
         7 35
         8 21
         8 36
         9 12
         9 37
         10 11
         10 23
         10 38
         11 10
         11 15
         11 39
         12 9
         12 25
         12 40
         13 25
         13 41
         14 1
         14 2
         14 7
         14 17
         14 21
         14 26
         14 42
         15 5
         15 11
         15 16
         15 21
         15 25
         15 43
         16 15
         16 17
         16 19
         16 21
         16 44
         17 14
         17 16
         17 45
         18 20
         18 46
         19 16
         19 47
         20 18
         20 21
         20 48
         21 3
         21 8
         21 14
         21 15
         21 16
         21 20
         21 24
         21 25
         21 27
         21 49
         22 23
         22 50
         23 4
         23 10
         23 22
         23 51
         24 21
         24 52
         25 12
         25 13
         25 15
         25 21
         25 53
         26 6
         26 14
         26 54
         27 21
         27 55
         ;

set S := 1 2 3 4 5 6 7 8 9 10 11 12 13 14 15 16 17 18 19 20 21 22 23 24 25 26 27 28 29 30 31 32 33 34 35 36 37 38 39 40 41 42 43 44 45 46 47 48 49 50 51 52 53 54 55 56 57 58 59 60 61 62 63 64 65 66 67 68 69 70 71 72 73 74 75 76 77 78 79 80 81 82 83 84 85 86 87 88 89 90 91 92 93 94 95 96 97 98 99 100 101 102 103 104 105 106 107 108 109 110 111 112 113 114 115 116 117 118 119 120 121 122 123 124 125 126 127 128 129 130 131 132 133 134 135 136 137 138 139 140 141 142 143 144 145 146 147 148 149 150 151 152 153 154 155 156 157 158 159 160 161 162 163 164 165 166 167 168 169 170 171 172 173 174 175 176 177 178 179 180 181 182 183 184 185 186 187 188 189 190 191 192 193 194 195 196 197 198 199 200 201 202 203 204 205 206 207 208 209 210 211 212 213 214 215 216 217 218 219 220 221 222 223 224 225 226 227 228 229 230 231 232 233 234 235 236 237 238 239 240 241 242 243 244 245 246 247 248 249 250 251 252 253 254 255 256 257 258 259 260 261 262 263 264 265 266 267 268 269 270 271 272 273 274 275 276 277 278 279 280 281 282 283 284 285 286 287 288 289 290 291 292 293 294 295 296 297 298 299 300 301 302 303 304 305 306 307 308 309 310 311 312 313 314 315 316 317 318 319 320 321 322 323 324 325 326 327 328 329 330 331 332 333 334 335 336 337 338 339 340 341 342 343 344 345 346 347 348 349 350 351 352 353 354 355 356 357 358 359 360 361 362 363 364 365 366 367 368 369 370 371 372 373 374 375 376 377 378 379 380 381 382 383 384 385 386 387 388 389 390 391 392 393 394 395 396 397 398 399 400 401 402 403 404 405 406 407 408 409 410 411 412 413 414 415 416 417 418 419 420 421;

set F[1] := 1 14
            14 21
            21 15
            15 11
            11 39
            ;
set F[2] := 1 14
            14 42
            ;
set F[3] := 1 14
            14 17
            17 45
            ;
set F[4] := 1 14
            14 21
            21 20
            20 48
            ;
set F[5] := 1 14
            14 21
            21 49
            ;
set F[6] := 1 14
            14 21
            21 24
            24 52
            ;
set F[7] := 2 14
            14 26
            26 6
            6 34
            ;
set F[8] := 2 14
            14 21
            21 8
            8 36
            ;
set F[9] := 2 14
            14 21
            21 15
            15 11
            11 10
            10 38
            ;
set F[10] := 2 14
             14 21
             21 15
             15 11
             11 39
             ;
set F[11] := 2 14
             14 42
             ;
set F[12] := 2 14
             14 21
             21 15
             15 43
             ;
set F[13] := 2 14
             14 17
             17 16
             16 44
             ;
set F[14] := 2 14
             14 17
             17 45
             ;
set F[15] := 2 14
             14 21
             21 20
             20 48
             ;
set F[16] := 2 14
             14 21
             21 49
             ;
set F[17] := 2 14
             14 21
             21 15
             15 11
             11 10
             10 23
             23 22
             22 50
             ;
set F[18] := 2 14
             14 21
             21 15
             15 11
             11 10
             10 23
             23 51
             ;
set F[19] := 2 14
             14 21
             21 24
             24 52
             ;
set F[20] := 2 14
             14 21
             21 25
             25 53
             ;
set F[21] := 2 14
             14 26
             26 54
             ;
set F[22] := 3 21
             21 14
             14 26
             26 6
             6 34
             ;
set F[23] := 3 21
             21 8
             8 36
             ;
set F[24] := 3 21
             21 15
             15 11
             11 10
             10 38
             ;
set F[25] := 3 21
             21 15
             15 11
             11 39
             ;
set F[26] := 3 21
             21 14
             14 42
             ;
set F[27] := 3 21
             21 15
             15 43
             ;
set F[28] := 3 21
             21 16
             16 44
             ;
set F[29] := 3 21
             21 14
             14 17
             17 45
             ;
set F[30] := 3 21
             21 20
             20 18
             18 46
             ;
set F[31] := 3 21
             21 20
             20 48
             ;
set F[32] := 3 21
             21 49
             ;
set F[33] := 3 21
             21 15
             15 11
             11 10
             10 23
             23 22
             22 50
             ;
set F[34] := 3 21
             21 15
             15 11
             11 10
             10 23
             23 51
             ;
set F[35] := 3 21
             21 24
             24 52
             ;
set F[36] := 3 21
             21 25
             25 53
             ;
set F[37] := 3 21
             21 14
             14 26
             26 54
             ;
set F[38] := 4 23
             23 10
             10 11
             11 39
             ;
set F[39] := 4 23
             23 10
             10 11
             11 15
             15 21
             21 14
             14 42
             ;
set F[40] := 4 23
             23 10
             10 11
             11 15
             15 16
             16 44
             ;
set F[41] := 4 23
             23 10
             10 11
             11 15
             15 16
             16 17
             17 45
             ;
set F[42] := 4 23
             23 10
             10 11
             11 15
             15 21
             21 20
             20 48
             ;
set F[43] := 4 23
             23 10
             10 11
             11 15
             15 21
             21 49
             ;
set F[44] := 4 23
             23 22
             22 50
             ;
set F[45] := 4 23
             23 51
             ;
set F[46] := 4 23
             23 10
             10 11
             11 15
             15 21
             21 24
             24 52
             ;
set F[47] := 4 23
             23 10
             10 11
             11 15
             15 25
             25 53
             ;
set F[48] := 5 15
             15 11
             11 39
             ;
set F[49] := 5 15
             15 21
             21 14
             14 42
             ;
set F[50] := 5 15
             15 16
             16 44
             ;
set F[51] := 5 15
             15 16
             16 17
             17 45
             ;
set F[52] := 5 15
             15 21
             21 20
             20 48
             ;
set F[53] := 5 15
             15 21
             21 49
             ;
set F[54] := 5 15
             15 21
             21 24
             24 52
             ;
set F[55] := 6 26
             26 14
             14 21
             21 8
             8 36
             ;
set F[56] := 6 26
             26 14
             14 21
             21 15
             15 11
             11 10
             10 38
             ;
set F[57] := 6 26
             26 14
             14 21
             21 15
             15 11
             11 39
             ;
set F[58] := 6 26
             26 14
             14 42
             ;
set F[59] := 6 26
             26 14
             14 21
             21 15
             15 43
             ;
set F[60] := 6 26
             26 14
             14 17
             17 16
             16 44
             ;
set F[61] := 6 26
             26 14
             14 17
             17 45
             ;
set F[62] := 6 26
             26 14
             14 21
             21 20
             20 48
             ;
set F[63] := 6 26
             26 14
             14 21
             21 49
             ;
set F[64] := 6 26
             26 14
             14 21
             21 15
             15 11
             11 10
             10 23
             23 22
             22 50
             ;
set F[65] := 6 26
             26 14
             14 21
             21 15
             15 11
             11 10
             10 23
             23 51
             ;
set F[66] := 6 26
             26 14
             14 21
             21 24
             24 52
             ;
set F[67] := 6 26
             26 14
             14 21
             21 25
             25 53
             ;
set F[68] := 6 26
             26 54
             ;
set F[69] := 7 14
             14 42
             ;
set F[70] := 7 14
             14 21
             21 20
             20 48
             ;
set F[71] := 7 14
             14 21
             21 49
             ;
set F[72] := 8 21
             21 15
             15 11
             11 39
             ;
set F[73] := 8 21
             21 14
             14 42
             ;
set F[74] := 8 21
             21 16
             16 44
             ;
set F[75] := 8 21
             21 14
             14 17
             17 45
             ;
set F[76] := 8 21
             21 20
             20 48
             ;
set F[77] := 8 21
             21 49
             ;
set F[78] := 8 21
             21 15
             15 11
             11 10
             10 23
             23 22
             22 50
             ;
set F[79] := 8 21
             21 15
             15 11
             11 10
             10 23
             23 51
             ;
set F[80] := 8 21
             21 24
             24 52
             ;
set F[81] := 8 21
             21 25
             25 53
             ;
set F[82] := 9 12
             12 25
             25 21
             21 14
             14 26
             26 6
             6 34
             ;
set F[83] := 9 12
             12 25
             25 21
             21 8
             8 36
             ;
set F[84] := 9 12
             12 25
             25 15
             15 11
             11 10
             10 38
             ;
set F[85] := 9 12
             12 25
             25 15
             15 11
             11 39
             ;
set F[86] := 9 12
             12 25
             25 21
             21 14
             14 42
             ;
set F[87] := 9 12
             12 25
             25 15
             15 43
             ;
set F[88] := 9 12
             12 25
             25 15
             15 16
             16 44
             ;
set F[89] := 9 12
             12 25
             25 15
             15 16
             16 17
             17 45
             ;
set F[90] := 9 12
             12 25
             25 21
             21 20
             20 48
             ;
set F[91] := 9 12
             12 25
             25 21
             21 49
             ;
set F[92] := 9 12
             12 25
             25 15
             15 11
             11 10
             10 23
             23 22
             22 50
             ;
set F[93] := 9 12
             12 25
             25 15
             15 11
             11 10
             10 23
             23 51
             ;
set F[94] := 9 12
             12 25
             25 21
             21 24
             24 52
             ;
set F[95] := 9 12
             12 25
             25 53
             ;
set F[96] := 9 12
             12 25
             25 21
             21 14
             14 26
             26 54
             ;
set F[97] := 10 11
             11 15
             15 5
             5 33
             ;
set F[98] := 10 11
             11 15
             15 21
             21 14
             14 26
             26 6
             6 34
             ;
set F[99] := 10 11
             11 15
             15 21
             21 8
             8 36
             ;
set F[100] := 10 11
              11 39
              ;
set F[101] := 10 11
              11 15
              15 25
              25 12
              12 40
              ;
set F[102] := 10 11
              11 15
              15 25
              25 13
              13 41
              ;
set F[103] := 10 11
              11 15
              15 21
              21 14
              14 42
              ;
set F[104] := 10 11
              11 15
              15 43
              ;
set F[105] := 10 11
              11 15
              15 16
              16 44
              ;
set F[106] := 10 11
              11 15
              15 16
              16 17
              17 45
              ;
set F[107] := 10 11
              11 15
              15 21
              21 20
              20 18
              18 46
              ;
set F[108] := 10 11
              11 15
              15 21
              21 20
              20 48
              ;
set F[109] := 10 11
              11 15
              15 21
              21 49
              ;
set F[110] := 10 23
              23 22
              22 50
              ;
set F[111] := 10 23
              23 51
              ;
set F[112] := 10 11
              11 15
              15 21
              21 24
              24 52
              ;
set F[113] := 10 11
              11 15
              15 25
              25 53
              ;
set F[114] := 10 11
              11 15
              15 21
              21 14
              14 26
              26 54
              ;
set F[115] := 11 15
              15 21
              21 14
              14 26
              26 6
              6 34
              ;
set F[116] := 11 15
              15 21
              21 8
              8 36
              ;
set F[117] := 11 10
              10 38
              ;
set F[118] := 11 15
              15 25
              25 13
              13 41
              ;
set F[119] := 11 15
              15 21
              21 14
              14 42
              ;
set F[120] := 11 15
              15 43
              ;
set F[121] := 11 15
              15 16
              16 44
              ;
set F[122] := 11 15
              15 16
              16 17
              17 45
              ;
set F[123] := 11 15
              15 21
              21 20
              20 18
              18 46
              ;
set F[124] := 11 15
              15 21
              21 20
              20 48
              ;
set F[125] := 11 15
              15 21
              21 49
              ;
set F[126] := 11 10
              10 23
              23 22
              22 50
              ;
set F[127] := 11 10
              10 23
              23 51
              ;
set F[128] := 11 15
              15 21
              21 24
              24 52
              ;
set F[129] := 11 15
              15 25
              25 53
              ;
set F[130] := 11 15
              15 21
              21 14
              14 26
              26 54
              ;
set F[131] := 12 25
              25 15
              15 11
              11 39
              ;
set F[132] := 12 25
              25 21
              21 14
              14 42
              ;
set F[133] := 12 25
              25 15
              15 16
              16 17
              17 45
              ;
set F[134] := 12 25
              25 21
              21 20
              20 48
              ;
set F[135] := 12 25
              25 21
              21 49
              ;
set F[136] := 12 25
              25 21
              21 24
              24 52
              ;
set F[137] := 13 25
              25 21
              21 14
              14 26
              26 6
              6 34
              ;
set F[138] := 13 25
              25 21
              21 8
              8 36
              ;
set F[139] := 13 25
              25 15
              15 11
              11 10
              10 38
              ;
set F[140] := 13 25
              25 15
              15 11
              11 39
              ;
set F[141] := 13 25
              25 21
              21 14
              14 42
              ;
set F[142] := 13 25
              25 15
              15 43
              ;
set F[143] := 13 25
              25 15
              15 16
              16 44
              ;
set F[144] := 13 25
              25 15
              15 16
              16 17
              17 45
              ;
set F[145] := 13 25
              25 21
              21 20
              20 48
              ;
set F[146] := 13 25
              25 21
              21 49
              ;
set F[147] := 13 25
              25 15
              15 11
              11 10
              10 23
              23 22
              22 50
              ;
set F[148] := 13 25
              25 15
              15 11
              11 10
              10 23
              23 51
              ;
set F[149] := 13 25
              25 21
              21 24
              24 52
              ;
set F[150] := 13 25
              25 53
              ;
set F[151] := 13 25
              25 21
              21 14
              14 26
              26 54
              ;
set F[152] := 14 1
              1 29
              ;
set F[153] := 14 2
              2 30
              ;
set F[154] := 14 21
              21 3
              3 31
              ;
set F[155] := 14 21
              21 15
              15 11
              11 10
              10 23
              23 4
              4 32
              ;
set F[156] := 14 21
              21 15
              15 5
              5 33
              ;
set F[157] := 14 26
              26 6
              6 34
              ;
set F[158] := 14 7
              7 35
              ;
set F[159] := 14 21
              21 8
              8 36
              ;
set F[160] := 14 21
              21 25
              25 12
              12 9
              9 37
              ;
set F[161] := 14 21
              21 15
              15 11
              11 10
              10 38
              ;
set F[162] := 14 21
              21 15
              15 11
              11 39
              ;
set F[163] := 14 21
              21 25
              25 12
              12 40
              ;
set F[164] := 14 21
              21 25
              25 13
              13 41
              ;
set F[165] := 14 21
              21 15
              15 43
              ;
set F[166] := 14 17
              17 16
              16 44
              ;
set F[167] := 14 17
              17 45
              ;
set F[168] := 14 21
              21 20
              20 18
              18 46
              ;
set F[169] := 14 17
              17 16
              16 19
              19 47
              ;
set F[170] := 14 21
              21 20
              20 48
              ;
set F[171] := 14 21
              21 49
              ;
set F[172] := 14 21
              21 15
              15 11
              11 10
              10 23
              23 22
              22 50
              ;
set F[173] := 14 21
              21 15
              15 11
              11 10
              10 23
              23 51
              ;
set F[174] := 14 21
              21 24
              24 52
              ;
set F[175] := 14 21
              21 25
              25 53
              ;
set F[176] := 14 26
              26 54
              ;
set F[177] := 14 21
              21 27
              27 55
              ;
set F[178] := 15 21
              21 14
              14 26
              26 6
              6 34
              ;
set F[179] := 15 21
              21 8
              8 36
              ;
set F[180] := 15 11
              11 10
              10 38
              ;
set F[181] := 15 11
              11 39
              ;
set F[182] := 15 25
              25 13
              13 41
              ;
set F[183] := 15 21
              21 14
              14 42
              ;
set F[184] := 15 16
              16 44
              ;
set F[185] := 15 16
              16 17
              17 45
              ;
set F[186] := 15 21
              21 20
              20 18
              18 46
              ;
set F[187] := 15 21
              21 20
              20 48
              ;
set F[188] := 15 21
              21 49
              ;
set F[189] := 15 11
              11 10
              10 23
              23 22
              22 50
              ;
set F[190] := 15 11
              11 10
              10 23
              23 51
              ;
set F[191] := 15 21
              21 24
              24 52
              ;
set F[192] := 15 25
              25 53
              ;
set F[193] := 15 21
              21 14
              14 26
              26 54
              ;
set F[194] := 16 17
              17 14
              14 1
              1 29
              ;
set F[195] := 16 21
              21 3
              3 31
              ;
set F[196] := 16 15
              15 11
              11 10
              10 23
              23 4
              4 32
              ;
set F[197] := 16 15
              15 5
              5 33
              ;
set F[198] := 16 17
              17 14
              14 26
              26 6
              6 34
              ;
set F[199] := 16 17
              17 14
              14 7
              7 35
              ;
set F[200] := 16 21
              21 8
              8 36
              ;
set F[201] := 16 15
              15 25
              25 12
              12 9
              9 37
              ;
set F[202] := 16 15
              15 11
              11 10
              10 38
              ;
set F[203] := 16 15
              15 11
              11 39
              ;
set F[204] := 16 15
              15 25
              25 12
              12 40
              ;
set F[205] := 16 15
              15 25
              25 13
              13 41
              ;
set F[206] := 16 17
              17 14
              14 42
              ;
set F[207] := 16 15
              15 43
              ;
set F[208] := 16 17
              17 45
              ;
set F[209] := 16 21
              21 20
              20 18
              18 46
              ;
set F[210] := 16 21
              21 20
              20 48
              ;
set F[211] := 16 21
              21 49
              ;
set F[212] := 16 15
              15 11
              11 10
              10 23
              23 22
              22 50
              ;
set F[213] := 16 15
              15 11
              11 10
              10 23
              23 51
              ;
set F[214] := 16 21
              21 24
              24 52
              ;
set F[215] := 16 15
              15 25
              25 53
              ;
set F[216] := 16 17
              17 14
              14 26
              26 54
              ;
set F[217] := 16 21
              21 27
              27 55
              ;
set F[218] := 17 16
              16 15
              15 5
              5 33
              ;
set F[219] := 17 14
              14 26
              26 6
              6 34
              ;
set F[220] := 17 14
              14 21
              21 8
              8 36
              ;
set F[221] := 17 16
              16 15
              15 11
              11 10
              10 38
              ;
set F[222] := 17 16
              16 15
              15 11
              11 39
              ;
set F[223] := 17 14
              14 21
              21 25
              25 12
              12 40
              ;
set F[224] := 17 14
              14 21
              21 25
              25 13
              13 41
              ;
set F[225] := 17 14
              14 42
              ;
set F[226] := 17 16
              16 15
              15 43
              ;
set F[227] := 17 16
              16 44
              ;
set F[228] := 17 14
              14 21
              21 20
              20 18
              18 46
              ;
set F[229] := 17 14
              14 21
              21 20
              20 48
              ;
set F[230] := 17 14
              14 21
              21 49
              ;
set F[231] := 17 16
              16 15
              15 11
              11 10
              10 23
              23 22
              22 50
              ;
set F[232] := 17 16
              16 15
              15 11
              11 10
              10 23
              23 51
              ;
set F[233] := 17 14
              14 21
              21 24
              24 52
              ;
set F[234] := 17 14
              14 21
              21 25
              25 53
              ;
set F[235] := 17 14
              14 26
              26 54
              ;
set F[236] := 18 20
              20 21
              21 14
              14 26
              26 6
              6 34
              ;
set F[237] := 18 20
              20 21
              21 8
              8 36
              ;
set F[238] := 18 20
              20 21
              21 15
              15 11
              11 10
              10 38
              ;
set F[239] := 18 20
              20 21
              21 15
              15 11
              11 39
              ;
set F[240] := 18 20
              20 21
              21 25
              25 13
              13 41
              ;
set F[241] := 18 20
              20 21
              21 14
              14 42
              ;
set F[242] := 18 20
              20 21
              21 15
              15 43
              ;
set F[243] := 18 20
              20 21
              21 16
              16 44
              ;
set F[244] := 18 20
              20 21
              21 14
              14 17
              17 45
              ;
set F[245] := 18 20
              20 48
              ;
set F[246] := 18 20
              20 21
              21 49
              ;
set F[247] := 18 20
              20 21
              21 15
              15 11
              11 10
              10 23
              23 22
              22 50
              ;
set F[248] := 18 20
              20 21
              21 15
              15 11
              11 10
              10 23
              23 51
              ;
set F[249] := 18 20
              20 21
              21 24
              24 52
              ;
set F[250] := 18 20
              20 21
              21 25
              25 53
              ;
set F[251] := 18 20
              20 21
              21 14
              14 26
              26 54
              ;
set F[252] := 19 16
              16 21
              21 49
              ;
set F[253] := 20 21
              21 14
              14 1
              1 29
              ;
set F[254] := 20 21
              21 15
              15 5
              5 33
              ;
set F[255] := 20 21
              21 14
              14 26
              26 6
              6 34
              ;
set F[256] := 20 21
              21 8
              8 36
              ;
set F[257] := 20 21
              21 15
              15 11
              11 10
              10 38
              ;
set F[258] := 20 21
              21 15
              15 11
              11 39
              ;
set F[259] := 20 21
              21 25
              25 12
              12 40
              ;
set F[260] := 20 21
              21 25
              25 13
              13 41
              ;
set F[261] := 20 21
              21 14
              14 42
              ;
set F[262] := 20 21
              21 15
              15 43
              ;
set F[263] := 20 21
              21 16
              16 44
              ;
set F[264] := 20 21
              21 14
              14 17
              17 45
              ;
set F[265] := 20 18
              18 46
              ;
set F[266] := 20 21
              21 49
              ;
set F[267] := 20 21
              21 15
              15 11
              11 10
              10 23
              23 22
              22 50
              ;
set F[268] := 20 21
              21 15
              15 11
              11 10
              10 23
              23 51
              ;
set F[269] := 20 21
              21 24
              24 52
              ;
set F[270] := 20 21
              21 25
              25 53
              ;
set F[271] := 20 21
              21 14
              14 26
              26 54
              ;
set F[272] := 20 21
              21 27
              27 55
              ;
set F[273] := 21 14
              14 1
              1 29
              ;
set F[274] := 21 14
              14 2
              2 30
              ;
set F[275] := 21 3
              3 31
              ;
set F[276] := 21 15
              15 11
              11 10
              10 23
              23 4
              4 32
              ;
set F[277] := 21 15
              15 5
              5 33
              ;
set F[278] := 21 14
              14 26
              26 6
              6 34
              ;
set F[279] := 21 14
              14 7
              7 35
              ;
set F[280] := 21 8
              8 36
              ;
set F[281] := 21 25
              25 12
              12 9
              9 37
              ;
set F[282] := 21 15
              15 11
              11 10
              10 38
              ;
set F[283] := 21 15
              15 11
              11 39
              ;
set F[284] := 21 25
              25 12
              12 40
              ;
set F[285] := 21 25
              25 13
              13 41
              ;
set F[286] := 21 14
              14 42
              ;
set F[287] := 21 15
              15 43
              ;
set F[288] := 21 16
              16 44
              ;
set F[289] := 21 14
              14 17
              17 45
              ;
set F[290] := 21 20
              20 18
              18 46
              ;
set F[291] := 21 16
              16 19
              19 47
              ;
set F[292] := 21 20
              20 48
              ;
set F[293] := 21 15
              15 11
              11 10
              10 23
              23 22
              22 50
              ;
set F[294] := 21 15
              15 11
              11 10
              10 23
              23 51
              ;
set F[295] := 21 24
              24 52
              ;
set F[296] := 21 25
              25 53
              ;
set F[297] := 21 14
              14 26
              26 54
              ;
set F[298] := 21 27
              27 55
              ;
set F[299] := 22 23
              23 10
              10 11
              11 15
              15 21
              21 14
              14 1
              1 29
              ;
set F[300] := 22 23
              23 10
              10 11
              11 15
              15 5
              5 33
              ;
set F[301] := 22 23
              23 10
              10 11
              11 15
              15 21
              21 14
              14 26
              26 6
              6 34
              ;
set F[302] := 22 23
              23 10
              10 11
              11 15
              15 21
              21 8
              8 36
              ;
set F[303] := 22 23
              23 10
              10 38
              ;
set F[304] := 22 23
              23 10
              10 11
              11 39
              ;
set F[305] := 22 23
              23 10
              10 11
              11 15
              15 25
              25 12
              12 40
              ;
set F[306] := 22 23
              23 10
              10 11
              11 15
              15 25
              25 13
              13 41
              ;
set F[307] := 22 23
              23 10
              10 11
              11 15
              15 21
              21 14
              14 42
              ;
set F[308] := 22 23
              23 10
              10 11
              11 15
              15 43
              ;
set F[309] := 22 23
              23 10
              10 11
              11 15
              15 16
              16 44
              ;
set F[310] := 22 23
              23 10
              10 11
              11 15
              15 16
              16 17
              17 45
              ;
set F[311] := 22 23
              23 10
              10 11
              11 15
              15 21
              21 20
              20 18
              18 46
              ;
set F[312] := 22 23
              23 10
              10 11
              11 15
              15 21
              21 20
              20 48
              ;
set F[313] := 22 23
              23 10
              10 11
              11 15
              15 21
              21 49
              ;
set F[314] := 22 23
              23 51
              ;
set F[315] := 22 23
              23 10
              10 11
              11 15
              15 21
              21 24
              24 52
              ;
set F[316] := 22 23
              23 10
              10 11
              11 15
              15 25
              25 53
              ;
set F[317] := 22 23
              23 10
              10 11
              11 15
              15 21
              21 14
              14 26
              26 54
              ;
set F[318] := 23 10
              10 11
              11 15
              15 21
              21 14
              14 1
              1 29
              ;
set F[319] := 23 10
              10 11
              11 15
              15 21
              21 3
              3 31
              ;
set F[320] := 23 4
              4 32
              ;
set F[321] := 23 10
              10 11
              11 15
              15 5
              5 33
              ;
set F[322] := 23 10
              10 11
              11 15
              15 21
              21 14
              14 26
              26 6
              6 34
              ;
set F[323] := 23 10
              10 11
              11 15
              15 21
              21 14
              14 7
              7 35
              ;
set F[324] := 23 10
              10 11
              11 15
              15 21
              21 8
              8 36
              ;
set F[325] := 23 10
              10 11
              11 15
              15 25
              25 12
              12 9
              9 37
              ;
set F[326] := 23 10
              10 38
              ;
set F[327] := 23 10
              10 11
              11 39
              ;
set F[328] := 23 10
              10 11
              11 15
              15 25
              25 12
              12 40
              ;
set F[329] := 23 10
              10 11
              11 15
              15 25
              25 13
              13 41
              ;
set F[330] := 23 10
              10 11
              11 15
              15 21
              21 14
              14 42
              ;
set F[331] := 23 10
              10 11
              11 15
              15 43
              ;
set F[332] := 23 10
              10 11
              11 15
              15 16
              16 44
              ;
set F[333] := 23 10
              10 11
              11 15
              15 16
              16 17
              17 45
              ;
set F[334] := 23 10
              10 11
              11 15
              15 21
              21 20
              20 18
              18 46
              ;
set F[335] := 23 10
              10 11
              11 15
              15 21
              21 20
              20 48
              ;
set F[336] := 23 10
              10 11
              11 15
              15 21
              21 49
              ;
set F[337] := 23 22
              22 50
              ;
set F[338] := 23 10
              10 11
              11 15
              15 21
              21 24
              24 52
              ;
set F[339] := 23 10
              10 11
              11 15
              15 25
              25 53
              ;
set F[340] := 23 10
              10 11
              11 15
              15 21
              21 14
              14 26
              26 54
              ;
set F[341] := 23 10
              10 11
              11 15
              15 21
              21 27
              27 55
              ;
set F[342] := 24 21
              21 14
              14 1
              1 29
              ;
set F[343] := 24 21
              21 3
              3 31
              ;
set F[344] := 24 21
              21 15
              15 11
              11 10
              10 23
              23 4
              4 32
              ;
set F[345] := 24 21
              21 15
              15 5
              5 33
              ;
set F[346] := 24 21
              21 14
              14 26
              26 6
              6 34
              ;
set F[347] := 24 21
              21 14
              14 7
              7 35
              ;
set F[348] := 24 21
              21 8
              8 36
              ;
set F[349] := 24 21
              21 25
              25 12
              12 9
              9 37
              ;
set F[350] := 24 21
              21 15
              15 11
              11 10
              10 38
              ;
set F[351] := 24 21
              21 15
              15 11
              11 39
              ;
set F[352] := 24 21
              21 25
              25 12
              12 40
              ;
set F[353] := 24 21
              21 25
              25 13
              13 41
              ;
set F[354] := 24 21
              21 14
              14 42
              ;
set F[355] := 24 21
              21 15
              15 43
              ;
set F[356] := 24 21
              21 16
              16 44
              ;
set F[357] := 24 21
              21 14
              14 17
              17 45
              ;
set F[358] := 24 21
              21 20
              20 18
              18 46
              ;
set F[359] := 24 21
              21 16
              16 19
              19 47
              ;
set F[360] := 24 21
              21 20
              20 48
              ;
set F[361] := 24 21
              21 49
              ;
set F[362] := 24 21
              21 15
              15 11
              11 10
              10 23
              23 22
              22 50
              ;
set F[363] := 24 21
              21 15
              15 11
              11 10
              10 23
              23 51
              ;
set F[364] := 24 21
              21 25
              25 53
              ;
set F[365] := 24 21
              21 14
              14 26
              26 54
              ;
set F[366] := 24 21
              21 27
              27 55
              ;
set F[367] := 25 21
              21 14
              14 1
              1 29
              ;
set F[368] := 25 15
              15 11
              11 10
              10 23
              23 4
              4 32
              ;
set F[369] := 25 15
              15 5
              5 33
              ;
set F[370] := 25 21
              21 14
              14 26
              26 6
              6 34
              ;
set F[371] := 25 21
              21 14
              14 7
              7 35
              ;
set F[372] := 25 21
              21 8
              8 36
              ;
set F[373] := 25 12
              12 9
              9 37
              ;
set F[374] := 25 15
              15 11
              11 10
              10 38
              ;
set F[375] := 25 15
              15 11
              11 39
              ;
set F[376] := 25 12
              12 40
              ;
set F[377] := 25 13
              13 41
              ;
set F[378] := 25 21
              21 14
              14 42
              ;
set F[379] := 25 15
              15 43
              ;
set F[380] := 25 15
              15 16
              16 44
              ;
set F[381] := 25 15
              15 16
              16 17
              17 45
              ;
set F[382] := 25 21
              21 20
              20 18
              18 46
              ;
set F[383] := 25 21
              21 20
              20 48
              ;
set F[384] := 25 21
              21 49
              ;
set F[385] := 25 15
              15 11
              11 10
              10 23
              23 22
              22 50
              ;
set F[386] := 25 15
              15 11
              11 10
              10 23
              23 51
              ;
set F[387] := 25 21
              21 24
              24 52
              ;
set F[388] := 25 21
              21 14
              14 26
              26 54
              ;
set F[389] := 25 21
              21 27
              27 55
              ;
set F[390] := 26 14
              14 1
              1 29
              ;
set F[391] := 26 14
              14 21
              21 15
              15 5
              5 33
              ;
set F[392] := 26 6
              6 34
              ;
set F[393] := 26 14
              14 21
              21 8
              8 36
              ;
set F[394] := 26 14
              14 21
              21 15
              15 11
              11 10
              10 38
              ;
set F[395] := 26 14
              14 21
              21 15
              15 11
              11 39
              ;
set F[396] := 26 14
              14 21
              21 25
              25 12
              12 40
              ;
set F[397] := 26 14
              14 21
              21 25
              25 13
              13 41
              ;
set F[398] := 26 14
              14 42
              ;
set F[399] := 26 14
              14 21
              21 15
              15 43
              ;
set F[400] := 26 14
              14 17
              17 16
              16 44
              ;
set F[401] := 26 14
              14 17
              17 45
              ;
set F[402] := 26 14
              14 21
              21 20
              20 18
              18 46
              ;
set F[403] := 26 14
              14 21
              21 20
              20 48
              ;
set F[404] := 26 14
              14 21
              21 49
              ;
set F[405] := 26 14
              14 21
              21 15
              15 11
              11 10
              10 23
              23 22
              22 50
              ;
set F[406] := 26 14
              14 21
              21 15
              15 11
              11 10
              10 23
              23 51
              ;
set F[407] := 26 14
              14 21
              21 24
              24 52
              ;
set F[408] := 26 14
              14 21
              21 25
              25 53
              ;
set F[409] := 27 21
              21 15
              15 11
              11 10
              10 38
              ;
set F[410] := 27 21
              21 15
              15 11
              11 39
              ;
set F[411] := 27 21
              21 14
              14 42
              ;
set F[412] := 27 21
              21 15
              15 43
              ;
set F[413] := 27 21
              21 16
              16 44
              ;
set F[414] := 27 21
              21 14
              14 17
              17 45
              ;
set F[415] := 27 21
              21 20
              20 48
              ;
set F[416] := 27 21
              21 49
              ;
set F[417] := 27 21
              21 15
              15 11
              11 10
              10 23
              23 22
              22 50
              ;
set F[418] := 27 21
              21 15
              15 11
              11 10
              10 23
              23 51
              ;
set F[419] := 27 21
              21 24
              24 52
              ;
set F[420] := 27 21
              21 25
              25 53
              ;
set F[421] := 27 21
              21 14
              14 26
              26 54
              ;
set Last[1] := 11 39;
set Last[2] := 14 42;
set Last[3] := 17 45;
set Last[4] := 20 48;
set Last[5] := 21 49;
set Last[6] := 24 52;
set Last[7] := 6 34;
set Last[8] := 8 36;
set Last[9] := 10 38;
set Last[10] := 11 39;
set Last[11] := 14 42;
set Last[12] := 15 43;
set Last[13] := 16 44;
set Last[14] := 17 45;
set Last[15] := 20 48;
set Last[16] := 21 49;
set Last[17] := 22 50;
set Last[18] := 23 51;
set Last[19] := 24 52;
set Last[20] := 25 53;
set Last[21] := 26 54;
set Last[22] := 6 34;
set Last[23] := 8 36;
set Last[24] := 10 38;
set Last[25] := 11 39;
set Last[26] := 14 42;
set Last[27] := 15 43;
set Last[28] := 16 44;
set Last[29] := 17 45;
set Last[30] := 18 46;
set Last[31] := 20 48;
set Last[32] := 21 49;
set Last[33] := 22 50;
set Last[34] := 23 51;
set Last[35] := 24 52;
set Last[36] := 25 53;
set Last[37] := 26 54;
set Last[38] := 11 39;
set Last[39] := 14 42;
set Last[40] := 16 44;
set Last[41] := 17 45;
set Last[42] := 20 48;
set Last[43] := 21 49;
set Last[44] := 22 50;
set Last[45] := 23 51;
set Last[46] := 24 52;
set Last[47] := 25 53;
set Last[48] := 11 39;
set Last[49] := 14 42;
set Last[50] := 16 44;
set Last[51] := 17 45;
set Last[52] := 20 48;
set Last[53] := 21 49;
set Last[54] := 24 52;
set Last[55] := 8 36;
set Last[56] := 10 38;
set Last[57] := 11 39;
set Last[58] := 14 42;
set Last[59] := 15 43;
set Last[60] := 16 44;
set Last[61] := 17 45;
set Last[62] := 20 48;
set Last[63] := 21 49;
set Last[64] := 22 50;
set Last[65] := 23 51;
set Last[66] := 24 52;
set Last[67] := 25 53;
set Last[68] := 26 54;
set Last[69] := 14 42;
set Last[70] := 20 48;
set Last[71] := 21 49;
set Last[72] := 11 39;
set Last[73] := 14 42;
set Last[74] := 16 44;
set Last[75] := 17 45;
set Last[76] := 20 48;
set Last[77] := 21 49;
set Last[78] := 22 50;
set Last[79] := 23 51;
set Last[80] := 24 52;
set Last[81] := 25 53;
set Last[82] := 6 34;
set Last[83] := 8 36;
set Last[84] := 10 38;
set Last[85] := 11 39;
set Last[86] := 14 42;
set Last[87] := 15 43;
set Last[88] := 16 44;
set Last[89] := 17 45;
set Last[90] := 20 48;
set Last[91] := 21 49;
set Last[92] := 22 50;
set Last[93] := 23 51;
set Last[94] := 24 52;
set Last[95] := 25 53;
set Last[96] := 26 54;
set Last[97] := 5 33;
set Last[98] := 6 34;
set Last[99] := 8 36;
set Last[100] := 11 39;
set Last[101] := 12 40;
set Last[102] := 13 41;
set Last[103] := 14 42;
set Last[104] := 15 43;
set Last[105] := 16 44;
set Last[106] := 17 45;
set Last[107] := 18 46;
set Last[108] := 20 48;
set Last[109] := 21 49;
set Last[110] := 22 50;
set Last[111] := 23 51;
set Last[112] := 24 52;
set Last[113] := 25 53;
set Last[114] := 26 54;
set Last[115] := 6 34;
set Last[116] := 8 36;
set Last[117] := 10 38;
set Last[118] := 13 41;
set Last[119] := 14 42;
set Last[120] := 15 43;
set Last[121] := 16 44;
set Last[122] := 17 45;
set Last[123] := 18 46;
set Last[124] := 20 48;
set Last[125] := 21 49;
set Last[126] := 22 50;
set Last[127] := 23 51;
set Last[128] := 24 52;
set Last[129] := 25 53;
set Last[130] := 26 54;
set Last[131] := 11 39;
set Last[132] := 14 42;
set Last[133] := 17 45;
set Last[134] := 20 48;
set Last[135] := 21 49;
set Last[136] := 24 52;
set Last[137] := 6 34;
set Last[138] := 8 36;
set Last[139] := 10 38;
set Last[140] := 11 39;
set Last[141] := 14 42;
set Last[142] := 15 43;
set Last[143] := 16 44;
set Last[144] := 17 45;
set Last[145] := 20 48;
set Last[146] := 21 49;
set Last[147] := 22 50;
set Last[148] := 23 51;
set Last[149] := 24 52;
set Last[150] := 25 53;
set Last[151] := 26 54;
set Last[152] := 1 29;
set Last[153] := 2 30;
set Last[154] := 3 31;
set Last[155] := 4 32;
set Last[156] := 5 33;
set Last[157] := 6 34;
set Last[158] := 7 35;
set Last[159] := 8 36;
set Last[160] := 9 37;
set Last[161] := 10 38;
set Last[162] := 11 39;
set Last[163] := 12 40;
set Last[164] := 13 41;
set Last[165] := 15 43;
set Last[166] := 16 44;
set Last[167] := 17 45;
set Last[168] := 18 46;
set Last[169] := 19 47;
set Last[170] := 20 48;
set Last[171] := 21 49;
set Last[172] := 22 50;
set Last[173] := 23 51;
set Last[174] := 24 52;
set Last[175] := 25 53;
set Last[176] := 26 54;
set Last[177] := 27 55;
set Last[178] := 6 34;
set Last[179] := 8 36;
set Last[180] := 10 38;
set Last[181] := 11 39;
set Last[182] := 13 41;
set Last[183] := 14 42;
set Last[184] := 16 44;
set Last[185] := 17 45;
set Last[186] := 18 46;
set Last[187] := 20 48;
set Last[188] := 21 49;
set Last[189] := 22 50;
set Last[190] := 23 51;
set Last[191] := 24 52;
set Last[192] := 25 53;
set Last[193] := 26 54;
set Last[194] := 1 29;
set Last[195] := 3 31;
set Last[196] := 4 32;
set Last[197] := 5 33;
set Last[198] := 6 34;
set Last[199] := 7 35;
set Last[200] := 8 36;
set Last[201] := 9 37;
set Last[202] := 10 38;
set Last[203] := 11 39;
set Last[204] := 12 40;
set Last[205] := 13 41;
set Last[206] := 14 42;
set Last[207] := 15 43;
set Last[208] := 17 45;
set Last[209] := 18 46;
set Last[210] := 20 48;
set Last[211] := 21 49;
set Last[212] := 22 50;
set Last[213] := 23 51;
set Last[214] := 24 52;
set Last[215] := 25 53;
set Last[216] := 26 54;
set Last[217] := 27 55;
set Last[218] := 5 33;
set Last[219] := 6 34;
set Last[220] := 8 36;
set Last[221] := 10 38;
set Last[222] := 11 39;
set Last[223] := 12 40;
set Last[224] := 13 41;
set Last[225] := 14 42;
set Last[226] := 15 43;
set Last[227] := 16 44;
set Last[228] := 18 46;
set Last[229] := 20 48;
set Last[230] := 21 49;
set Last[231] := 22 50;
set Last[232] := 23 51;
set Last[233] := 24 52;
set Last[234] := 25 53;
set Last[235] := 26 54;
set Last[236] := 6 34;
set Last[237] := 8 36;
set Last[238] := 10 38;
set Last[239] := 11 39;
set Last[240] := 13 41;
set Last[241] := 14 42;
set Last[242] := 15 43;
set Last[243] := 16 44;
set Last[244] := 17 45;
set Last[245] := 20 48;
set Last[246] := 21 49;
set Last[247] := 22 50;
set Last[248] := 23 51;
set Last[249] := 24 52;
set Last[250] := 25 53;
set Last[251] := 26 54;
set Last[252] := 21 49;
set Last[253] := 1 29;
set Last[254] := 5 33;
set Last[255] := 6 34;
set Last[256] := 8 36;
set Last[257] := 10 38;
set Last[258] := 11 39;
set Last[259] := 12 40;
set Last[260] := 13 41;
set Last[261] := 14 42;
set Last[262] := 15 43;
set Last[263] := 16 44;
set Last[264] := 17 45;
set Last[265] := 18 46;
set Last[266] := 21 49;
set Last[267] := 22 50;
set Last[268] := 23 51;
set Last[269] := 24 52;
set Last[270] := 25 53;
set Last[271] := 26 54;
set Last[272] := 27 55;
set Last[273] := 1 29;
set Last[274] := 2 30;
set Last[275] := 3 31;
set Last[276] := 4 32;
set Last[277] := 5 33;
set Last[278] := 6 34;
set Last[279] := 7 35;
set Last[280] := 8 36;
set Last[281] := 9 37;
set Last[282] := 10 38;
set Last[283] := 11 39;
set Last[284] := 12 40;
set Last[285] := 13 41;
set Last[286] := 14 42;
set Last[287] := 15 43;
set Last[288] := 16 44;
set Last[289] := 17 45;
set Last[290] := 18 46;
set Last[291] := 19 47;
set Last[292] := 20 48;
set Last[293] := 22 50;
set Last[294] := 23 51;
set Last[295] := 24 52;
set Last[296] := 25 53;
set Last[297] := 26 54;
set Last[298] := 27 55;
set Last[299] := 1 29;
set Last[300] := 5 33;
set Last[301] := 6 34;
set Last[302] := 8 36;
set Last[303] := 10 38;
set Last[304] := 11 39;
set Last[305] := 12 40;
set Last[306] := 13 41;
set Last[307] := 14 42;
set Last[308] := 15 43;
set Last[309] := 16 44;
set Last[310] := 17 45;
set Last[311] := 18 46;
set Last[312] := 20 48;
set Last[313] := 21 49;
set Last[314] := 23 51;
set Last[315] := 24 52;
set Last[316] := 25 53;
set Last[317] := 26 54;
set Last[318] := 1 29;
set Last[319] := 3 31;
set Last[320] := 4 32;
set Last[321] := 5 33;
set Last[322] := 6 34;
set Last[323] := 7 35;
set Last[324] := 8 36;
set Last[325] := 9 37;
set Last[326] := 10 38;
set Last[327] := 11 39;
set Last[328] := 12 40;
set Last[329] := 13 41;
set Last[330] := 14 42;
set Last[331] := 15 43;
set Last[332] := 16 44;
set Last[333] := 17 45;
set Last[334] := 18 46;
set Last[335] := 20 48;
set Last[336] := 21 49;
set Last[337] := 22 50;
set Last[338] := 24 52;
set Last[339] := 25 53;
set Last[340] := 26 54;
set Last[341] := 27 55;
set Last[342] := 1 29;
set Last[343] := 3 31;
set Last[344] := 4 32;
set Last[345] := 5 33;
set Last[346] := 6 34;
set Last[347] := 7 35;
set Last[348] := 8 36;
set Last[349] := 9 37;
set Last[350] := 10 38;
set Last[351] := 11 39;
set Last[352] := 12 40;
set Last[353] := 13 41;
set Last[354] := 14 42;
set Last[355] := 15 43;
set Last[356] := 16 44;
set Last[357] := 17 45;
set Last[358] := 18 46;
set Last[359] := 19 47;
set Last[360] := 20 48;
set Last[361] := 21 49;
set Last[362] := 22 50;
set Last[363] := 23 51;
set Last[364] := 25 53;
set Last[365] := 26 54;
set Last[366] := 27 55;
set Last[367] := 1 29;
set Last[368] := 4 32;
set Last[369] := 5 33;
set Last[370] := 6 34;
set Last[371] := 7 35;
set Last[372] := 8 36;
set Last[373] := 9 37;
set Last[374] := 10 38;
set Last[375] := 11 39;
set Last[376] := 12 40;
set Last[377] := 13 41;
set Last[378] := 14 42;
set Last[379] := 15 43;
set Last[380] := 16 44;
set Last[381] := 17 45;
set Last[382] := 18 46;
set Last[383] := 20 48;
set Last[384] := 21 49;
set Last[385] := 22 50;
set Last[386] := 23 51;
set Last[387] := 24 52;
set Last[388] := 26 54;
set Last[389] := 27 55;
set Last[390] := 1 29;
set Last[391] := 5 33;
set Last[392] := 6 34;
set Last[393] := 8 36;
set Last[394] := 10 38;
set Last[395] := 11 39;
set Last[396] := 12 40;
set Last[397] := 13 41;
set Last[398] := 14 42;
set Last[399] := 15 43;
set Last[400] := 16 44;
set Last[401] := 17 45;
set Last[402] := 18 46;
set Last[403] := 20 48;
set Last[404] := 21 49;
set Last[405] := 22 50;
set Last[406] := 23 51;
set Last[407] := 24 52;
set Last[408] := 25 53;
set Last[409] := 10 38;
set Last[410] := 11 39;
set Last[411] := 14 42;
set Last[412] := 15 43;
set Last[413] := 16 44;
set Last[414] := 17 45;
set Last[415] := 20 48;
set Last[416] := 21 49;
set Last[417] := 22 50;
set Last[418] := 23 51;
set Last[419] := 24 52;
set Last[420] := 25 53;
set Last[421] := 26 54;

param q := 5;

end;
