data;

set V := 1 3 4 5 6 7 8 9 10 11 12 13 14 15 16 17 18 19 20 21 22 23 24 25 26 27 28 29 30 31 32 33 34 35 36 37 39 40 41 42 43 44 45 46 47 48 49 50 51 52 53 54 55 56 57 58 60 61 62 63 64 65 66 67 68 69 70 72;

set A := 1 4
         1 7
         1 37
         3 28
         3 39
         4 1
         4 28
         4 40
         5 6
         5 7
         5 41
         6 5
         6 9
         6 10
         6 42
         7 1
         7 5
         7 8
         7 43
         8 44
         9 6
         9 21
         9 24
         9 45
         10 6
         10 22
         10 35
         10 46
         11 13
         11 47
         12 13
         12 22
         12 48
         13 11
         13 12
         13 14
         13 18
         13 49
         14 13
         14 15
         14 50
         15 14
         15 34
         15 51
         16 35
         16 52
         17 18
         17 53
         18 13
         18 17
         18 23
         18 54
         19 20
         19 25
         19 26
         19 55
         20 19
         20 21
         20 56
         21 9
         21 20
         21 57
         22 10
         22 12
         22 58
         23 18
         23 24
         23 25
         24 9
         24 23
         24 60
         25 19
         25 23
         25 61
         26 19
         26 62
         27 29
         27 36
         27 63
         28 3
         28 4
         28 29
         28 64
         29 27
         29 28
         29 30
         29 65
         30 29
         30 31
         30 66
         31 30
         31 32
         31 67
         32 31
         32 33
         32 35
         32 68
         33 32
         33 34
         33 69
         34 15
         34 33
         34 35
         34 70
         35 10
         35 16
         35 32
         35 34
         35 36
         36 27
         36 35
         36 72
         ;

set S := 1 2 3 4 5 6 7 8 9 10 11 12 13 14 15 16 17 18 19 20 21 22 23 24 25 26 27 28 29 30 31 32 33 34 35 36 37 38 39 40 41 42 43 44 45 46 47 48 49 50 51 52 53 54 55 56 57 58 59 60 61 62 63 64 65 66 67 68 69 70 71 72 73 74 75 76 77 78 79 80 81 82 83 84 85 86 87 88 89 90 91 92 93 94 95 96 97 98 99 100 101 102 103 104 105 106 107 108 109 110 111 112 113 114 115 116 117 118 119 120 121 122 123 124 125 126 127 128 129 130 131 132 133 134 135 136 137 138 139 140 141 142 143 144 145 146 147 148 149 150 151 152 153 154 155 156 157 158 159 160 161 162 163 164 165 166 167 168 169 170 171 172 173 174 175 176 177 178 179 180 181 182 183 184 185 186 187 188 189 190 191 192 193 194 195 196 197 198 199 200 201 202 203 204 205 206 207 208 209 210 211 212 213 214 215 216 217 218 219 220 221 222 223 224 225 226 227 228 229 230 231 232 233 234 235 236 237 238 239 240 241 242 243 244 245 246 247 248 249 250 251 252 253 254 255 256 257 258 259 260 261 262 263 264 265 266 267 268 269 270 271 272 273 274 275 276 277 278 279 280 281 282 283 284 285 286 287 288 289 290 291 292 293 294 295 296 297 298 299 300 301 302 303 304 305 306 307 308 309 310 311 312 313 314 315 316 317 318 319 320 321 322 323 324 325 326 327 328 329 330 331 332 333 334 335 336 337 338 339 340 341 342 343 344 345 346 347 348 349 350 351 352 353 354 355 356 357 358 359 360 361 362 363 364 365 366 367 368 369 370 371 372 373 374 375 376 377 378 379 380 381 382 383 384 385 386 387 388 389 390 391 392 393 394 395 396 397 398 399 400 401 402 403 404 405 406 407 408 409 410 411 412 413 414 415 416 417 418 419 420 421 422 423 424 425 426 427 428 429 430 431 432 433 434 435 436 437 438 439 440 441 442 443 444 445 446 447 448 449 450 451 452 453 454 455 456 457 458 459 460 461 462 463 464 465 466 467 468 469 470 471 472 473 474 475 476 477 478 479 480 481 482 483 484 485 486 487 488 489 490 491 492 493 494 495 496 497 498 499 500 501 502 503 504;

set F[1] := 1 4
            4 40
            ;
set F[2] := 1 7
            7 5
            5 41
            ;
set F[3] := 1 7
            7 43
            ;
set F[4] := 1 7
            7 5
            5 6
            6 9
            9 45
            ;
set F[5] := 1 7
            7 5
            5 6
            6 10
            10 46
            ;
set F[6] := 1 7
            7 5
            5 6
            6 10
            10 35
            35 34
            34 15
            15 14
            14 50
            ;
set F[7] := 1 7
            7 5
            5 6
            6 10
            10 35
            35 34
            34 15
            15 51
            ;
set F[8] := 1 7
            7 5
            5 6
            6 10
            10 35
            35 16
            16 52
            ;
set F[9] := 1 7
            7 5
            5 6
            6 9
            9 24
            24 23
            23 18
            18 17
            17 53
            ;
set F[10] := 1 7
             7 5
             5 6
             6 9
             9 24
             24 23
             23 18
             18 54
             ;
set F[11] := 1 7
             7 5
             5 6
             6 9
             9 21
             21 20
             20 19
             19 55
             ;
set F[12] := 1 7
             7 5
             5 6
             6 9
             9 21
             21 20
             20 56
             ;
set F[13] := 1 7
             7 5
             5 6
             6 9
             9 21
             21 57
             ;
set F[14] := 1 7
             7 5
             5 6
             6 10
             10 22
             22 58
             ;
set F[15] := 1 7
             7 5
             5 6
             6 9
             9 24
             24 23
             23 25
             25 61
             ;
set F[16] := 1 4
             4 28
             28 29
             29 27
             27 63
             ;
set F[17] := 1 4
             4 28
             28 64
             ;
set F[18] := 1 4
             4 28
             28 29
             29 65
             ;
set F[19] := 1 4
             4 28
             28 29
             29 30
             30 66
             ;
set F[20] := 1 4
             4 28
             28 29
             29 30
             30 31
             31 67
             ;
set F[21] := 1 4
             4 28
             28 29
             29 30
             30 31
             31 32
             32 68
             ;
set F[22] := 1 4
             4 28
             28 29
             29 30
             30 31
             31 32
             32 33
             33 69
             ;
set F[23] := 1 4
             4 28
             28 29
             29 27
             27 36
             36 72
             ;
set F[24] := 3 28
             28 4
             4 1
             1 37
             ;
set F[25] := 3 28
             28 4
             4 40
             ;
set F[26] := 3 28
             28 4
             4 1
             1 7
             7 43
             ;
set F[27] := 3 28
             28 29
             29 27
             27 36
             36 35
             35 10
             10 46
             ;
set F[28] := 3 28
             28 29
             29 27
             27 36
             36 35
             35 34
             34 15
             15 14
             14 50
             ;
set F[29] := 3 28
             28 4
             4 1
             1 7
             7 5
             5 6
             6 9
             9 24
             24 23
             23 18
             18 54
             ;
set F[30] := 3 28
             28 4
             4 1
             1 7
             7 5
             5 6
             6 9
             9 21
             21 57
             ;
set F[31] := 3 28
             28 4
             4 1
             1 7
             7 5
             5 6
             6 9
             9 24
             24 23
             23 25
             25 61
             ;
set F[32] := 3 28
             28 64
             ;
set F[33] := 3 28
             28 29
             29 65
             ;
set F[34] := 3 28
             28 29
             29 30
             30 66
             ;
set F[35] := 3 28
             28 29
             29 30
             30 31
             31 32
             32 33
             33 69
             ;
set F[36] := 3 28
             28 29
             29 27
             27 36
             36 72
             ;
set F[37] := 4 1
             1 37
             ;
set F[38] := 4 1
             1 7
             7 43
             ;
set F[39] := 4 1
             1 7
             7 5
             5 6
             6 10
             10 46
             ;
set F[40] := 4 28
             28 29
             29 27
             27 36
             36 35
             35 34
             34 15
             15 14
             14 50
             ;
set F[41] := 4 1
             1 7
             7 5
             5 6
             6 9
             9 24
             24 23
             23 18
             18 54
             ;
set F[42] := 4 1
             1 7
             7 5
             5 6
             6 9
             9 21
             21 57
             ;
set F[43] := 4 1
             1 7
             7 5
             5 6
             6 9
             9 24
             24 23
             23 25
             25 61
             ;
set F[44] := 4 28
             28 64
             ;
set F[45] := 4 28
             28 29
             29 65
             ;
set F[46] := 4 28
             28 29
             29 30
             30 66
             ;
set F[47] := 4 28
             28 29
             29 30
             30 31
             31 32
             32 33
             33 69
             ;
set F[48] := 4 28
             28 29
             29 27
             27 36
             36 72
             ;
set F[49] := 5 7
             7 1
             1 37
             ;
set F[50] := 5 6
             6 9
             9 24
             24 23
             23 18
             18 54
             ;
set F[51] := 5 7
             7 1
             1 4
             4 28
             28 64
             ;
set F[52] := 5 7
             7 1
             1 4
             4 28
             28 29
             29 65
             ;
set F[53] := 6 5
             5 7
             7 1
             1 37
             ;
set F[54] := 6 5
             5 7
             7 1
             1 4
             4 40
             ;
set F[55] := 6 5
             5 7
             7 43
             ;
set F[56] := 6 9
             9 45
             ;
set F[57] := 6 10
             10 46
             ;
set F[58] := 6 10
             10 35
             35 34
             34 15
             15 14
             14 50
             ;
set F[59] := 6 9
             9 24
             24 23
             23 18
             18 54
             ;
set F[60] := 6 9
             9 21
             21 57
             ;
set F[61] := 6 9
             9 24
             24 23
             23 25
             25 61
             ;
set F[62] := 6 5
             5 7
             7 1
             1 4
             4 28
             28 64
             ;
set F[63] := 6 10
             10 35
             35 36
             36 27
             27 29
             29 65
             ;
set F[64] := 6 10
             10 35
             35 32
             32 31
             31 30
             30 66
             ;
set F[65] := 6 10
             10 35
             35 32
             32 33
             33 69
             ;
set F[66] := 6 10
             10 35
             35 36
             36 72
             ;
set F[67] := 7 1
             1 37
             ;
set F[68] := 7 1
             1 4
             4 40
             ;
set F[69] := 7 5
             5 6
             6 9
             9 45
             ;
set F[70] := 7 5
             5 6
             6 10
             10 46
             ;
set F[71] := 7 5
             5 6
             6 10
             10 35
             35 34
             34 15
             15 14
             14 50
             ;
set F[72] := 7 5
             5 6
             6 10
             10 35
             35 34
             34 15
             15 51
             ;
set F[73] := 7 5
             5 6
             6 9
             9 24
             24 23
             23 18
             18 54
             ;
set F[74] := 7 5
             5 6
             6 9
             9 21
             21 20
             20 19
             19 55
             ;
set F[75] := 7 5
             5 6
             6 9
             9 21
             21 57
             ;
set F[76] := 7 5
             5 6
             6 9
             9 24
             24 23
             23 25
             25 61
             ;
set F[77] := 7 1
             1 4
             4 28
             28 64
             ;
set F[78] := 7 1
             1 4
             4 28
             28 29
             29 65
             ;
set F[79] := 7 1
             1 4
             4 28
             28 29
             29 30
             30 66
             ;
set F[80] := 7 5
             5 6
             6 10
             10 35
             35 32
             32 33
             33 69
             ;
set F[81] := 7 5
             5 6
             6 10
             10 35
             35 36
             36 72
             ;
set F[82] := 10 6
             6 5
             5 7
             7 1
             1 37
             ;
set F[83] := 10 6
             6 5
             5 7
             7 1
             1 4
             4 40
             ;
set F[84] := 10 6
             6 5
             5 7
             7 43
             ;
set F[85] := 10 6
             6 9
             9 45
             ;
set F[86] := 10 35
             35 34
             34 15
             15 14
             14 50
             ;
set F[87] := 10 22
             22 12
             12 13
             13 18
             18 54
             ;
set F[88] := 10 6
             6 9
             9 21
             21 57
             ;
set F[89] := 10 6
             6 9
             9 24
             24 23
             23 25
             25 61
             ;
set F[90] := 10 35
             35 36
             36 27
             27 29
             29 28
             28 64
             ;
set F[91] := 10 35
             35 36
             36 27
             27 29
             29 65
             ;
set F[92] := 10 35
             35 32
             32 31
             31 30
             30 66
             ;
set F[93] := 10 35
             35 32
             32 33
             33 69
             ;
set F[94] := 10 35
             35 36
             36 72
             ;
set F[95] := 11 13
             13 12
             12 22
             22 10
             10 6
             6 5
             5 7
             7 1
             1 37
             ;
set F[96] := 11 13
             13 12
             12 22
             22 10
             10 6
             6 5
             5 7
             7 1
             1 4
             4 40
             ;
set F[97] := 11 13
             13 12
             12 22
             22 10
             10 6
             6 5
             5 7
             7 43
             ;
set F[98] := 11 13
             13 12
             12 22
             22 10
             10 46
             ;
set F[99] := 11 13
             13 14
             14 50
             ;
set F[100] := 11 13
              13 18
              18 54
              ;
set F[101] := 11 13
              13 18
              18 23
              23 24
              24 9
              9 21
              21 57
              ;
set F[102] := 11 13
              13 12
              12 22
              22 10
              10 35
              35 36
              36 27
              27 29
              29 28
              28 64
              ;
set F[103] := 11 13
              13 12
              12 22
              22 10
              10 35
              35 36
              36 27
              27 29
              29 65
              ;
set F[104] := 11 13
              13 12
              12 22
              22 10
              10 35
              35 32
              32 31
              31 30
              30 66
              ;
set F[105] := 11 13
              13 14
              14 15
              15 34
              34 33
              33 69
              ;
set F[106] := 11 13
              13 12
              12 22
              22 10
              10 35
              35 36
              36 72
              ;
set F[107] := 12 22
              22 10
              10 6
              6 5
              5 7
              7 1
              1 37
              ;
set F[108] := 12 22
              22 10
              10 6
              6 5
              5 7
              7 1
              1 4
              4 40
              ;
set F[109] := 12 22
              22 10
              10 6
              6 5
              5 7
              7 43
              ;
set F[110] := 12 22
              22 10
              10 46
              ;
set F[111] := 12 13
              13 14
              14 50
              ;
set F[112] := 12 13
              13 18
              18 54
              ;
set F[113] := 12 22
              22 10
              10 35
              35 36
              36 27
              27 29
              29 28
              28 64
              ;
set F[114] := 12 22
              22 10
              10 35
              35 36
              36 27
              27 29
              29 65
              ;
set F[115] := 12 13
              13 14
              14 15
              15 34
              34 33
              33 69
              ;
set F[116] := 12 22
              22 10
              10 35
              35 36
              36 72
              ;
set F[117] := 13 12
              12 22
              22 10
              10 6
              6 5
              5 7
              7 1
              1 37
              ;
set F[118] := 14 13
              13 12
              12 22
              22 10
              10 6
              6 5
              5 7
              7 1
              1 37
              ;
set F[119] := 14 15
              15 34
              34 35
              35 36
              36 27
              27 29
              29 28
              28 4
              4 40
              ;
set F[120] := 14 13
              13 12
              12 22
              22 10
              10 6
              6 5
              5 41
              ;
set F[121] := 14 13
              13 12
              12 22
              22 10
              10 6
              6 5
              5 7
              7 43
              ;
set F[122] := 14 13
              13 12
              12 22
              22 10
              10 6
              6 5
              5 7
              7 8
              8 44
              ;
set F[123] := 14 13
              13 18
              18 23
              23 24
              24 9
              9 45
              ;
set F[124] := 14 13
              13 12
              12 22
              22 10
              10 46
              ;
set F[125] := 14 13
              13 12
              12 48
              ;
set F[126] := 14 15
              15 51
              ;
set F[127] := 14 15
              15 34
              34 35
              35 16
              16 52
              ;
set F[128] := 14 13
              13 18
              18 17
              17 53
              ;
set F[129] := 14 13
              13 18
              18 54
              ;
set F[130] := 14 13
              13 18
              18 23
              23 25
              25 19
              19 55
              ;
set F[131] := 14 13
              13 18
              18 23
              23 25
              25 19
              19 20
              20 56
              ;
set F[132] := 14 13
              13 18
              18 23
              23 24
              24 9
              9 21
              21 57
              ;
set F[133] := 14 13
              13 12
              12 22
              22 58
              ;
set F[134] := 14 13
              13 18
              18 23
              23 25
              25 61
              ;
set F[135] := 14 15
              15 34
              34 35
              35 36
              36 27
              27 63
              ;
set F[136] := 14 15
              15 34
              34 35
              35 36
              36 27
              27 29
              29 28
              28 64
              ;
set F[137] := 14 15
              15 34
              34 35
              35 36
              36 27
              27 29
              29 65
              ;
set F[138] := 14 15
              15 34
              34 33
              33 32
              32 31
              31 30
              30 66
              ;
set F[139] := 14 15
              15 34
              34 33
              33 32
              32 31
              31 67
              ;
set F[140] := 14 15
              15 34
              34 33
              33 32
              32 68
              ;
set F[141] := 14 15
              15 34
              34 33
              33 69
              ;
set F[142] := 14 15
              15 34
              34 35
              35 36
              36 72
              ;
set F[143] := 15 34
              34 35
              35 10
              10 6
              6 5
              5 7
              7 1
              1 37
              ;
set F[144] := 15 34
              34 35
              35 36
              36 27
              27 29
              29 28
              28 4
              4 40
              ;
set F[145] := 15 34
              34 35
              35 10
              10 6
              6 5
              5 7
              7 43
              ;
set F[146] := 15 34
              34 35
              35 10
              10 46
              ;
set F[147] := 15 14
              14 50
              ;
set F[148] := 15 14
              14 13
              13 18
              18 54
              ;
set F[149] := 15 34
              34 35
              35 10
              10 6
              6 9
              9 21
              21 57
              ;
set F[150] := 15 14
              14 13
              13 18
              18 23
              23 25
              25 61
              ;
set F[151] := 15 34
              34 35
              35 36
              36 27
              27 29
              29 28
              28 64
              ;
set F[152] := 15 34
              34 35
              35 36
              36 27
              27 29
              29 65
              ;
set F[153] := 15 34
              34 33
              33 32
              32 31
              31 30
              30 66
              ;
set F[154] := 15 34
              34 33
              33 69
              ;
set F[155] := 15 34
              34 35
              35 36
              36 72
              ;
set F[156] := 16 35
              35 10
              10 6
              6 5
              5 7
              7 1
              1 37
              ;
set F[157] := 16 35
              35 36
              36 27
              27 29
              29 28
              28 4
              4 40
              ;
set F[158] := 16 35
              35 10
              10 6
              6 5
              5 7
              7 43
              ;
set F[159] := 16 35
              35 10
              10 46
              ;
set F[160] := 16 35
              35 34
              34 15
              15 14
              14 50
              ;
set F[161] := 16 35
              35 10
              10 22
              22 12
              12 13
              13 18
              18 54
              ;
set F[162] := 16 35
              35 10
              10 6
              6 9
              9 21
              21 57
              ;
set F[163] := 16 35
              35 10
              10 6
              6 9
              9 24
              24 23
              23 25
              25 61
              ;
set F[164] := 16 35
              35 36
              36 27
              27 29
              29 28
              28 64
              ;
set F[165] := 16 35
              35 36
              36 27
              27 29
              29 65
              ;
set F[166] := 16 35
              35 32
              32 31
              31 30
              30 66
              ;
set F[167] := 16 35
              35 32
              32 33
              33 69
              ;
set F[168] := 16 35
              35 36
              36 72
              ;
set F[169] := 17 18
              18 23
              23 24
              24 9
              9 6
              6 5
              5 7
              7 1
              1 37
              ;
set F[170] := 17 18
              18 23
              23 24
              24 9
              9 6
              6 5
              5 7
              7 43
              ;
set F[171] := 17 18
              18 13
              13 12
              12 22
              22 10
              10 46
              ;
set F[172] := 17 18
              18 54
              ;
set F[173] := 17 18
              18 13
              13 12
              12 22
              22 10
              10 35
              35 36
              36 27
              27 29
              29 28
              28 64
              ;
set F[174] := 17 18
              18 13
              13 12
              12 22
              22 10
              10 35
              35 36
              36 27
              27 29
              29 65
              ;
set F[175] := 17 18
              18 13
              13 14
              14 15
              15 34
              34 33
              33 69
              ;
set F[176] := 17 18
              18 13
              13 12
              12 22
              22 10
              10 35
              35 36
              36 72
              ;
set F[177] := 18 23
              23 24
              24 9
              9 6
              6 5
              5 7
              7 1
              1 37
              ;
set F[178] := 18 23
              23 24
              24 9
              9 6
              6 5
              5 7
              7 1
              1 4
              4 40
              ;
set F[179] := 18 23
              23 24
              24 9
              9 6
              6 5
              5 7
              7 43
              ;
set F[180] := 18 13
              13 12
              12 22
              22 10
              10 46
              ;
set F[181] := 18 13
              13 14
              14 50
              ;
set F[182] := 18 23
              23 24
              24 9
              9 21
              21 57
              ;
set F[183] := 18 13
              13 12
              12 22
              22 10
              10 35
              35 36
              36 27
              27 29
              29 28
              28 64
              ;
set F[184] := 18 13
              13 12
              12 22
              22 10
              10 35
              35 36
              36 27
              27 29
              29 65
              ;
set F[185] := 18 13
              13 12
              12 22
              22 10
              10 35
              35 32
              32 31
              31 30
              30 66
              ;
set F[186] := 18 13
              13 14
              14 15
              15 34
              34 33
              33 69
              ;
set F[187] := 18 13
              13 12
              12 22
              22 10
              10 35
              35 36
              36 72
              ;
set F[188] := 19 20
              20 21
              21 9
              9 6
              6 5
              5 7
              7 1
              1 37
              ;
set F[189] := 19 20
              20 21
              21 9
              9 6
              6 5
              5 7
              7 1
              1 4
              4 40
              ;
set F[190] := 19 20
              20 21
              21 9
              9 6
              6 5
              5 41
              ;
set F[191] := 19 20
              20 21
              21 9
              9 6
              6 5
              5 7
              7 43
              ;
set F[192] := 19 20
              20 21
              21 9
              9 45
              ;
set F[193] := 19 20
              20 21
              21 9
              9 6
              6 10
              10 46
              ;
set F[194] := 19 25
              25 23
              23 18
              18 13
              13 14
              14 50
              ;
set F[195] := 19 25
              25 23
              23 18
              18 13
              13 14
              14 15
              15 51
              ;
set F[196] := 19 20
              20 21
              21 9
              9 6
              6 10
              10 35
              35 16
              16 52
              ;
set F[197] := 19 25
              25 23
              23 18
              18 54
              ;
set F[198] := 19 20
              20 56
              ;
set F[199] := 19 20
              20 21
              21 57
              ;
set F[200] := 19 25
              25 61
              ;
set F[201] := 19 20
              20 21
              21 9
              9 6
              6 10
              10 35
              35 36
              36 27
              27 63
              ;
set F[202] := 19 20
              20 21
              21 9
              9 6
              6 5
              5 7
              7 1
              1 4
              4 28
              28 64
              ;
set F[203] := 19 20
              20 21
              21 9
              9 6
              6 10
              10 35
              35 36
              36 27
              27 29
              29 65
              ;
set F[204] := 19 20
              20 21
              21 9
              9 6
              6 10
              10 35
              35 32
              32 31
              31 30
              30 66
              ;
set F[205] := 19 20
              20 21
              21 9
              9 6
              6 10
              10 35
              35 32
              32 31
              31 67
              ;
set F[206] := 19 25
              25 23
              23 18
              18 13
              13 14
              14 15
              15 34
              34 33
              33 69
              ;
set F[207] := 19 20
              20 21
              21 9
              9 6
              6 10
              10 35
              35 36
              36 72
              ;
set F[208] := 20 21
              21 9
              9 6
              6 5
              5 7
              7 1
              1 37
              ;
set F[209] := 20 21
              21 9
              9 6
              6 5
              5 7
              7 1
              1 4
              4 40
              ;
set F[210] := 20 21
              21 9
              9 6
              6 5
              5 41
              ;
set F[211] := 20 21
              21 9
              9 6
              6 5
              5 7
              7 43
              ;
set F[212] := 20 21
              21 9
              9 45
              ;
set F[213] := 20 21
              21 9
              9 6
              6 10
              10 46
              ;
set F[214] := 20 19
              19 25
              25 23
              23 18
              18 13
              13 12
              12 48
              ;
set F[215] := 20 19
              19 25
              25 23
              23 18
              18 13
              13 14
              14 50
              ;
set F[216] := 20 19
              19 25
              25 23
              23 18
              18 13
              13 14
              14 15
              15 51
              ;
set F[217] := 20 21
              21 9
              9 6
              6 10
              10 35
              35 16
              16 52
              ;
set F[218] := 20 19
              19 25
              25 23
              23 18
              18 17
              17 53
              ;
set F[219] := 20 19
              19 25
              25 23
              23 18
              18 54
              ;
set F[220] := 20 19
              19 55
              ;
set F[221] := 20 21
              21 57
              ;
set F[222] := 20 21
              21 9
              9 6
              6 10
              10 22
              22 58
              ;
set F[223] := 20 19
              19 25
              25 61
              ;
set F[224] := 20 21
              21 9
              9 6
              6 10
              10 35
              35 36
              36 27
              27 63
              ;
set F[225] := 20 21
              21 9
              9 6
              6 5
              5 7
              7 1
              1 4
              4 28
              28 64
              ;
set F[226] := 20 21
              21 9
              9 6
              6 10
              10 35
              35 36
              36 27
              27 29
              29 65
              ;
set F[227] := 20 21
              21 9
              9 6
              6 10
              10 35
              35 32
              32 31
              31 30
              30 66
              ;
set F[228] := 20 21
              21 9
              9 6
              6 10
              10 35
              35 32
              32 31
              31 67
              ;
set F[229] := 20 21
              21 9
              9 6
              6 10
              10 35
              35 32
              32 68
              ;
set F[230] := 20 21
              21 9
              9 6
              6 10
              10 35
              35 32
              32 33
              33 69
              ;
set F[231] := 20 21
              21 9
              9 6
              6 10
              10 35
              35 36
              36 72
              ;
set F[232] := 21 9
              9 6
              6 5
              5 7
              7 1
              1 37
              ;
set F[233] := 21 9
              9 6
              6 5
              5 7
              7 1
              1 4
              4 40
              ;
set F[234] := 21 9
              9 6
              6 5
              5 41
              ;
set F[235] := 21 9
              9 6
              6 5
              5 7
              7 43
              ;
set F[236] := 21 9
              9 6
              6 5
              5 7
              7 8
              8 44
              ;
set F[237] := 21 9
              9 45
              ;
set F[238] := 21 9
              9 6
              6 10
              10 46
              ;
set F[239] := 21 9
              9 6
              6 10
              10 22
              22 12
              12 48
              ;
set F[240] := 21 9
              9 24
              24 23
              23 18
              18 13
              13 14
              14 50
              ;
set F[241] := 21 9
              9 6
              6 10
              10 35
              35 34
              34 15
              15 51
              ;
set F[242] := 21 9
              9 6
              6 10
              10 35
              35 16
              16 52
              ;
set F[243] := 21 9
              9 24
              24 23
              23 18
              18 17
              17 53
              ;
set F[244] := 21 9
              9 24
              24 23
              23 18
              18 54
              ;
set F[245] := 21 20
              20 19
              19 55
              ;
set F[246] := 21 20
              20 56
              ;
set F[247] := 21 9
              9 6
              6 10
              10 22
              22 58
              ;
set F[248] := 21 20
              20 19
              19 25
              25 61
              ;
set F[249] := 21 9
              9 6
              6 10
              10 35
              35 36
              36 27
              27 63
              ;
set F[250] := 21 9
              9 6
              6 5
              5 7
              7 1
              1 4
              4 28
              28 64
              ;
set F[251] := 21 9
              9 6
              6 10
              10 35
              35 36
              36 27
              27 29
              29 65
              ;
set F[252] := 21 9
              9 6
              6 10
              10 35
              35 32
              32 31
              31 30
              30 66
              ;
set F[253] := 21 9
              9 6
              6 10
              10 35
              35 32
              32 31
              31 67
              ;
set F[254] := 21 9
              9 6
              6 10
              10 35
              35 32
              32 68
              ;
set F[255] := 21 9
              9 6
              6 10
              10 35
              35 32
              32 33
              33 69
              ;
set F[256] := 21 9
              9 6
              6 10
              10 35
              35 36
              36 72
              ;
set F[257] := 22 10
              10 6
              6 5
              5 7
              7 1
              1 37
              ;
set F[258] := 22 12
              12 13
              13 18
              18 54
              ;
set F[259] := 22 10
              10 35
              35 36
              36 27
              27 29
              29 28
              28 64
              ;
set F[260] := 22 10
              10 35
              35 36
              36 27
              27 29
              29 65
              ;
set F[261] := 23 24
              24 9
              9 6
              6 5
              5 7
              7 1
              1 37
              ;
set F[262] := 23 24
              24 9
              9 6
              6 5
              5 7
              7 1
              1 4
              4 40
              ;
set F[263] := 23 24
              24 9
              9 6
              6 5
              5 41
              ;
set F[264] := 23 24
              24 9
              9 6
              6 5
              5 7
              7 43
              ;
set F[265] := 23 24
              24 9
              9 6
              6 5
              5 7
              7 8
              8 44
              ;
set F[266] := 23 24
              24 9
              9 45
              ;
set F[267] := 23 24
              24 9
              9 6
              6 10
              10 46
              ;
set F[268] := 23 18
              18 13
              13 11
              11 47
              ;
set F[269] := 23 18
              18 13
              13 12
              12 48
              ;
set F[270] := 23 18
              18 13
              13 49
              ;
set F[271] := 23 18
              18 13
              13 14
              14 50
              ;
set F[272] := 23 18
              18 13
              13 14
              14 15
              15 51
              ;
set F[273] := 23 24
              24 9
              9 6
              6 10
              10 35
              35 16
              16 52
              ;
set F[274] := 23 18
              18 17
              17 53
              ;
set F[275] := 23 18
              18 54
              ;
set F[276] := 23 25
              25 19
              19 55
              ;
set F[277] := 23 25
              25 19
              19 20
              20 56
              ;
set F[278] := 23 24
              24 9
              9 21
              21 57
              ;
set F[279] := 23 18
              18 13
              13 12
              12 22
              22 58
              ;
set F[280] := 23 25
              25 61
              ;
set F[281] := 23 24
              24 9
              9 6
              6 10
              10 35
              35 36
              36 27
              27 63
              ;
set F[282] := 23 24
              24 9
              9 6
              6 5
              5 7
              7 1
              1 4
              4 28
              28 64
              ;
set F[283] := 23 24
              24 9
              9 6
              6 10
              10 35
              35 36
              36 27
              27 29
              29 65
              ;
set F[284] := 23 24
              24 9
              9 6
              6 10
              10 35
              35 32
              32 31
              31 30
              30 66
              ;
set F[285] := 23 24
              24 9
              9 6
              6 10
              10 35
              35 32
              32 31
              31 67
              ;
set F[286] := 23 24
              24 9
              9 6
              6 10
              10 35
              35 32
              32 68
              ;
set F[287] := 23 18
              18 13
              13 14
              14 15
              15 34
              34 33
              33 69
              ;
set F[288] := 23 24
              24 9
              9 6
              6 10
              10 35
              35 36
              36 72
              ;
set F[289] := 24 9
              9 6
              6 5
              5 7
              7 1
              1 37
              ;
set F[290] := 24 9
              9 6
              6 5
              5 7
              7 1
              1 4
              4 40
              ;
set F[291] := 24 9
              9 6
              6 5
              5 7
              7 43
              ;
set F[292] := 24 9
              9 6
              6 10
              10 46
              ;
set F[293] := 24 23
              23 18
              18 13
              13 14
              14 50
              ;
set F[294] := 24 23
              23 18
              18 54
              ;
set F[295] := 24 9
              9 21
              21 57
              ;
set F[296] := 24 9
              9 6
              6 5
              5 7
              7 1
              1 4
              4 28
              28 64
              ;
set F[297] := 24 9
              9 6
              6 10
              10 35
              35 36
              36 27
              27 29
              29 65
              ;
set F[298] := 24 9
              9 6
              6 10
              10 35
              35 32
              32 31
              31 30
              30 66
              ;
set F[299] := 24 9
              9 6
              6 10
              10 35
              35 32
              32 33
              33 69
              ;
set F[300] := 24 9
              9 6
              6 10
              10 35
              35 36
              36 72
              ;
set F[301] := 25 23
              23 24
              24 9
              9 6
              6 5
              5 7
              7 1
              1 37
              ;
set F[302] := 25 23
              23 24
              24 9
              9 6
              6 5
              5 7
              7 1
              1 4
              4 40
              ;
set F[303] := 25 23
              23 24
              24 9
              9 6
              6 5
              5 7
              7 43
              ;
set F[304] := 25 23
              23 24
              24 9
              9 45
              ;
set F[305] := 25 23
              23 24
              24 9
              9 6
              6 10
              10 46
              ;
set F[306] := 25 23
              23 18
              18 13
              13 14
              14 50
              ;
set F[307] := 25 23
              23 18
              18 54
              ;
set F[308] := 25 19
              19 55
              ;
set F[309] := 25 19
              19 20
              20 21
              21 57
              ;
set F[310] := 25 23
              23 24
              24 9
              9 6
              6 5
              5 7
              7 1
              1 4
              4 28
              28 64
              ;
set F[311] := 25 23
              23 24
              24 9
              9 6
              6 10
              10 35
              35 36
              36 27
              27 29
              29 65
              ;
set F[312] := 25 23
              23 24
              24 9
              9 6
              6 10
              10 35
              35 32
              32 31
              31 30
              30 66
              ;
set F[313] := 25 23
              23 18
              18 13
              13 14
              14 15
              15 34
              34 33
              33 69
              ;
set F[314] := 25 23
              23 24
              24 9
              9 6
              6 10
              10 35
              35 36
              36 72
              ;
set F[315] := 26 19
              19 20
              20 21
              21 9
              9 6
              6 5
              5 7
              7 1
              1 37
              ;
set F[316] := 26 19
              19 20
              20 21
              21 9
              9 6
              6 5
              5 7
              7 43
              ;
set F[317] := 26 19
              19 25
              25 23
              23 18
              18 54
              ;
set F[318] := 26 19
              19 20
              20 21
              21 9
              9 6
              6 5
              5 7
              7 1
              1 4
              4 28
              28 64
              ;
set F[319] := 26 19
              19 20
              20 21
              21 9
              9 6
              6 10
              10 35
              35 36
              36 27
              27 29
              29 65
              ;
set F[320] := 26 19
              19 20
              20 21
              21 9
              9 6
              6 10
              10 35
              35 36
              36 72
              ;
set F[321] := 27 29
              29 28
              28 4
              4 1
              1 37
              ;
set F[322] := 27 29
              29 28
              28 4
              4 40
              ;
set F[323] := 27 29
              29 28
              28 4
              4 1
              1 7
              7 43
              ;
set F[324] := 27 36
              36 35
              35 10
              10 6
              6 9
              9 45
              ;
set F[325] := 27 36
              36 35
              35 10
              10 46
              ;
set F[326] := 27 36
              36 35
              35 34
              34 15
              15 14
              14 50
              ;
set F[327] := 27 36
              36 35
              35 34
              34 15
              15 51
              ;
set F[328] := 27 36
              36 35
              35 10
              10 22
              22 12
              12 13
              13 18
              18 54
              ;
set F[329] := 27 36
              36 35
              35 10
              10 6
              6 9
              9 21
              21 20
              20 19
              19 55
              ;
set F[330] := 27 36
              36 35
              35 10
              10 6
              6 9
              9 21
              21 57
              ;
set F[331] := 27 36
              36 35
              35 10
              10 6
              6 9
              9 24
              24 23
              23 25
              25 61
              ;
set F[332] := 27 29
              29 28
              28 64
              ;
set F[333] := 27 29
              29 65
              ;
set F[334] := 27 29
              29 30
              30 66
              ;
set F[335] := 27 36
              36 35
              35 32
              32 33
              33 69
              ;
set F[336] := 27 36
              36 72
              ;
set F[337] := 28 4
              4 1
              1 37
              ;
set F[338] := 28 4
              4 40
              ;
set F[339] := 28 4
              4 1
              1 7
              7 5
              5 41
              ;
set F[340] := 28 4
              4 1
              1 7
              7 43
              ;
set F[341] := 28 4
              4 1
              1 7
              7 5
              5 6
              6 9
              9 45
              ;
set F[342] := 28 29
              29 27
              27 36
              36 35
              35 10
              10 46
              ;
set F[343] := 28 29
              29 27
              27 36
              36 35
              35 10
              10 22
              22 12
              12 48
              ;
set F[344] := 28 29
              29 27
              27 36
              36 35
              35 34
              34 15
              15 14
              14 50
              ;
set F[345] := 28 29
              29 27
              27 36
              36 35
              35 34
              34 15
              15 51
              ;
set F[346] := 28 29
              29 27
              27 36
              36 35
              35 16
              16 52
              ;
set F[347] := 28 4
              4 1
              1 7
              7 5
              5 6
              6 9
              9 24
              24 23
              23 18
              18 17
              17 53
              ;
set F[348] := 28 4
              4 1
              1 7
              7 5
              5 6
              6 9
              9 24
              24 23
              23 18
              18 54
              ;
set F[349] := 28 4
              4 1
              1 7
              7 5
              5 6
              6 9
              9 21
              21 20
              20 19
              19 55
              ;
set F[350] := 28 4
              4 1
              1 7
              7 5
              5 6
              6 9
              9 21
              21 20
              20 56
              ;
set F[351] := 28 4
              4 1
              1 7
              7 5
              5 6
              6 9
              9 21
              21 57
              ;
set F[352] := 28 29
              29 27
              27 36
              36 35
              35 10
              10 22
              22 58
              ;
set F[353] := 28 4
              4 1
              1 7
              7 5
              5 6
              6 9
              9 24
              24 23
              23 25
              25 61
              ;
set F[354] := 28 29
              29 27
              27 63
              ;
set F[355] := 28 29
              29 65
              ;
set F[356] := 28 29
              29 30
              30 66
              ;
set F[357] := 28 29
              29 30
              30 31
              31 67
              ;
set F[358] := 28 29
              29 30
              30 31
              31 32
              32 68
              ;
set F[359] := 28 29
              29 30
              30 31
              31 32
              32 33
              33 69
              ;
set F[360] := 28 29
              29 27
              27 36
              36 72
              ;
set F[361] := 29 28
              28 4
              4 1
              1 37
              ;
set F[362] := 29 28
              28 4
              4 40
              ;
set F[363] := 29 28
              28 4
              4 1
              1 7
              7 5
              5 41
              ;
set F[364] := 29 28
              28 4
              4 1
              1 7
              7 43
              ;
set F[365] := 29 28
              28 4
              4 1
              1 7
              7 8
              8 44
              ;
set F[366] := 29 27
              27 36
              36 35
              35 10
              10 6
              6 9
              9 45
              ;
set F[367] := 29 27
              27 36
              36 35
              35 10
              10 46
              ;
set F[368] := 29 27
              27 36
              36 35
              35 10
              10 22
              22 12
              12 13
              13 11
              11 47
              ;
set F[369] := 29 27
              27 36
              36 35
              35 10
              10 22
              22 12
              12 48
              ;
set F[370] := 29 27
              27 36
              36 35
              35 10
              10 22
              22 12
              12 13
              13 49
              ;
set F[371] := 29 27
              27 36
              36 35
              35 34
              34 15
              15 14
              14 50
              ;
set F[372] := 29 27
              27 36
              36 35
              35 34
              34 15
              15 51
              ;
set F[373] := 29 27
              27 36
              36 35
              35 16
              16 52
              ;
set F[374] := 29 27
              27 36
              36 35
              35 10
              10 22
              22 12
              12 13
              13 18
              18 17
              17 53
              ;
set F[375] := 29 27
              27 36
              36 35
              35 10
              10 22
              22 12
              12 13
              13 18
              18 54
              ;
set F[376] := 29 27
              27 36
              36 35
              35 10
              10 6
              6 9
              9 21
              21 20
              20 19
              19 55
              ;
set F[377] := 29 27
              27 36
              36 35
              35 10
              10 6
              6 9
              9 21
              21 20
              20 56
              ;
set F[378] := 29 27
              27 36
              36 35
              35 10
              10 6
              6 9
              9 21
              21 57
              ;
set F[379] := 29 27
              27 36
              36 35
              35 10
              10 22
              22 58
              ;
set F[380] := 29 27
              27 36
              36 35
              35 10
              10 6
              6 9
              9 24
              24 23
              23 25
              25 61
              ;
set F[381] := 29 27
              27 36
              36 35
              35 10
              10 6
              6 9
              9 21
              21 20
              20 19
              19 26
              26 62
              ;
set F[382] := 29 27
              27 63
              ;
set F[383] := 29 28
              28 64
              ;
set F[384] := 29 30
              30 66
              ;
set F[385] := 29 30
              30 31
              31 67
              ;
set F[386] := 29 30
              30 31
              31 32
              32 68
              ;
set F[387] := 29 30
              30 31
              31 32
              32 33
              33 69
              ;
set F[388] := 29 27
              27 36
              36 72
              ;
set F[389] := 30 29
              29 28
              28 4
              4 1
              1 37
              ;
set F[390] := 30 29
              29 28
              28 4
              4 40
              ;
set F[391] := 30 29
              29 28
              28 4
              4 1
              1 7
              7 43
              ;
set F[392] := 30 31
              31 32
              32 35
              35 10
              10 46
              ;
set F[393] := 30 31
              31 32
              32 33
              33 34
              34 15
              15 14
              14 50
              ;
set F[394] := 30 31
              31 32
              32 33
              33 34
              34 15
              15 14
              14 13
              13 18
              18 54
              ;
set F[395] := 30 31
              31 32
              32 35
              35 10
              10 6
              6 9
              9 21
              21 57
              ;
set F[396] := 30 31
              31 32
              32 35
              35 10
              10 6
              6 9
              9 24
              24 23
              23 25
              25 61
              ;
set F[397] := 30 29
              29 28
              28 64
              ;
set F[398] := 30 29
              29 65
              ;
set F[399] := 30 31
              31 32
              32 33
              33 69
              ;
set F[400] := 30 29
              29 27
              27 36
              36 72
              ;
set F[401] := 31 30
              30 29
              29 28
              28 4
              4 1
              1 37
              ;
set F[402] := 31 32
              32 33
              33 34
              34 15
              15 14
              14 13
              13 18
              18 54
              ;
set F[403] := 31 30
              30 29
              29 28
              28 64
              ;
set F[404] := 31 30
              30 29
              29 65
              ;
set F[405] := 32 31
              31 30
              30 29
              29 28
              28 4
              4 1
              1 37
              ;
set F[406] := 32 31
              31 30
              30 29
              29 28
              28 4
              4 40
              ;
set F[407] := 32 35
              35 10
              10 6
              6 5
              5 41
              ;
set F[408] := 32 35
              35 10
              10 6
              6 5
              5 7
              7 43
              ;
set F[409] := 32 35
              35 10
              10 6
              6 9
              9 45
              ;
set F[410] := 32 35
              35 10
              10 46
              ;
set F[411] := 32 35
              35 10
              10 22
              22 12
              12 48
              ;
set F[412] := 32 33
              33 34
              34 15
              15 14
              14 50
              ;
set F[413] := 32 33
              33 34
              34 15
              15 51
              ;
set F[414] := 32 35
              35 16
              16 52
              ;
set F[415] := 32 33
              33 34
              34 15
              15 14
              14 13
              13 18
              18 17
              17 53
              ;
set F[416] := 32 33
              33 34
              34 15
              15 14
              14 13
              13 18
              18 54
              ;
set F[417] := 32 35
              35 10
              10 6
              6 9
              9 21
              21 20
              20 19
              19 55
              ;
set F[418] := 32 35
              35 10
              10 6
              6 9
              9 21
              21 20
              20 56
              ;
set F[419] := 32 35
              35 10
              10 6
              6 9
              9 21
              21 57
              ;
set F[420] := 32 35
              35 10
              10 22
              22 58
              ;
set F[421] := 32 35
              35 10
              10 6
              6 9
              9 24
              24 23
              23 25
              25 61
              ;
set F[422] := 32 35
              35 36
              36 27
              27 63
              ;
set F[423] := 32 31
              31 30
              30 29
              29 28
              28 64
              ;
set F[424] := 32 31
              31 30
              30 29
              29 65
              ;
set F[425] := 32 31
              31 30
              30 66
              ;
set F[426] := 32 31
              31 67
              ;
set F[427] := 32 33
              33 69
              ;
set F[428] := 32 35
              35 36
              36 72
              ;
set F[429] := 33 32
              32 31
              31 30
              30 29
              29 28
              28 4
              4 1
              1 37
              ;
set F[430] := 33 32
              32 31
              31 30
              30 29
              29 28
              28 4
              4 40
              ;
set F[431] := 33 32
              32 35
              35 10
              10 6
              6 5
              5 7
              7 43
              ;
set F[432] := 33 32
              32 35
              35 10
              10 46
              ;
set F[433] := 33 34
              34 15
              15 14
              14 50
              ;
set F[434] := 33 34
              34 15
              15 14
              14 13
              13 18
              18 54
              ;
set F[435] := 33 32
              32 31
              31 30
              30 29
              29 28
              28 64
              ;
set F[436] := 33 32
              32 31
              31 30
              30 29
              29 65
              ;
set F[437] := 33 32
              32 35
              35 36
              36 72
              ;
set F[438] := 34 35
              35 10
              10 6
              6 5
              5 7
              7 1
              1 37
              ;
set F[439] := 34 35
              35 36
              36 27
              27 29
              29 28
              28 4
              4 40
              ;
set F[440] := 34 35
              35 10
              10 6
              6 5
              5 7
              7 43
              ;
set F[441] := 34 35
              35 10
              10 46
              ;
set F[442] := 34 15
              15 14
              14 50
              ;
set F[443] := 34 15
              15 14
              14 13
              13 18
              18 54
              ;
set F[444] := 34 35
              35 10
              10 6
              6 9
              9 21
              21 57
              ;
set F[445] := 34 15
              15 14
              14 13
              13 18
              18 23
              23 25
              25 61
              ;
set F[446] := 34 35
              35 36
              36 27
              27 29
              29 28
              28 64
              ;
set F[447] := 34 35
              35 36
              36 27
              27 29
              29 65
              ;
set F[448] := 34 33
              33 32
              32 31
              31 30
              30 66
              ;
set F[449] := 34 33
              33 69
              ;
set F[450] := 34 35
              35 36
              36 72
              ;
set F[451] := 35 10
              10 6
              6 5
              5 7
              7 1
              1 37
              ;
set F[452] := 35 36
              36 27
              27 29
              29 28
              28 3
              3 39
              ;
set F[453] := 35 36
              36 27
              27 29
              29 28
              28 4
              4 40
              ;
set F[454] := 35 10
              10 6
              6 5
              5 41
              ;
set F[455] := 35 10
              10 6
              6 42
              ;
set F[456] := 35 10
              10 6
              6 5
              5 7
              7 43
              ;
set F[457] := 35 10
              10 6
              6 5
              5 7
              7 8
              8 44
              ;
set F[458] := 35 10
              10 6
              6 9
              9 45
              ;
set F[459] := 35 10
              10 46
              ;
set F[460] := 35 10
              10 22
              22 12
              12 13
              13 11
              11 47
              ;
set F[461] := 35 10
              10 22
              22 12
              12 48
              ;
set F[462] := 35 10
              10 22
              22 12
              12 13
              13 49
              ;
set F[463] := 35 34
              34 15
              15 14
              14 50
              ;
set F[464] := 35 34
              34 15
              15 51
              ;
set F[465] := 35 16
              16 52
              ;
set F[466] := 35 10
              10 22
              22 12
              12 13
              13 18
              18 17
              17 53
              ;
set F[467] := 35 10
              10 22
              22 12
              12 13
              13 18
              18 54
              ;
set F[468] := 35 10
              10 6
              6 9
              9 21
              21 20
              20 19
              19 55
              ;
set F[469] := 35 10
              10 6
              6 9
              9 21
              21 20
              20 56
              ;
set F[470] := 35 10
              10 6
              6 9
              9 21
              21 57
              ;
set F[471] := 35 10
              10 22
              22 58
              ;
set F[472] := 35 10
              10 6
              6 9
              9 24
              24 60
              ;
set F[473] := 35 10
              10 6
              6 9
              9 24
              24 23
              23 25
              25 61
              ;
set F[474] := 35 10
              10 6
              6 9
              9 21
              21 20
              20 19
              19 26
              26 62
              ;
set F[475] := 35 36
              36 27
              27 63
              ;
set F[476] := 35 36
              36 27
              27 29
              29 28
              28 64
              ;
set F[477] := 35 36
              36 27
              27 29
              29 65
              ;
set F[478] := 35 32
              32 31
              31 30
              30 66
              ;
set F[479] := 35 32
              32 31
              31 67
              ;
set F[480] := 35 32
              32 68
              ;
set F[481] := 35 32
              32 33
              33 69
              ;
set F[482] := 35 34
              34 70
              ;
set F[483] := 35 36
              36 72
              ;
set F[484] := 36 27
              27 29
              29 28
              28 4
              4 1
              1 37
              ;
set F[485] := 36 27
              27 29
              29 28
              28 4
              4 40
              ;
set F[486] := 36 35
              35 10
              10 6
              6 5
              5 41
              ;
set F[487] := 36 35
              35 10
              10 6
              6 5
              5 7
              7 43
              ;
set F[488] := 36 35
              35 10
              10 6
              6 9
              9 45
              ;
set F[489] := 36 35
              35 10
              10 46
              ;
set F[490] := 36 35
              35 34
              34 15
              15 14
              14 50
              ;
set F[491] := 36 35
              35 34
              34 15
              15 51
              ;
set F[492] := 36 35
              35 16
              16 52
              ;
set F[493] := 36 35
              35 10
              10 22
              22 12
              12 13
              13 18
              18 54
              ;
set F[494] := 36 35
              35 10
              10 6
              6 9
              9 21
              21 20
              20 19
              19 55
              ;
set F[495] := 36 35
              35 10
              10 6
              6 9
              9 21
              21 20
              20 56
              ;
set F[496] := 36 35
              35 10
              10 6
              6 9
              9 21
              21 57
              ;
set F[497] := 36 35
              35 10
              10 6
              6 9
              9 24
              24 23
              23 25
              25 61
              ;
set F[498] := 36 27
              27 63
              ;
set F[499] := 36 27
              27 29
              29 28
              28 64
              ;
set F[500] := 36 27
              27 29
              29 65
              ;
set F[501] := 36 27
              27 29
              29 30
              30 66
              ;
set F[502] := 36 35
              35 32
              32 31
              31 67
              ;
set F[503] := 36 35
              35 32
              32 68
              ;
set F[504] := 36 35
              35 32
              32 33
              33 69
              ;
set Last[1] := 4 40;
set Last[2] := 5 41;
set Last[3] := 7 43;
set Last[4] := 9 45;
set Last[5] := 10 46;
set Last[6] := 14 50;
set Last[7] := 15 51;
set Last[8] := 16 52;
set Last[9] := 17 53;
set Last[10] := 18 54;
set Last[11] := 19 55;
set Last[12] := 20 56;
set Last[13] := 21 57;
set Last[14] := 22 58;
set Last[15] := 25 61;
set Last[16] := 27 63;
set Last[17] := 28 64;
set Last[18] := 29 65;
set Last[19] := 30 66;
set Last[20] := 31 67;
set Last[21] := 32 68;
set Last[22] := 33 69;
set Last[23] := 36 72;
set Last[24] := 1 37;
set Last[25] := 4 40;
set Last[26] := 7 43;
set Last[27] := 10 46;
set Last[28] := 14 50;
set Last[29] := 18 54;
set Last[30] := 21 57;
set Last[31] := 25 61;
set Last[32] := 28 64;
set Last[33] := 29 65;
set Last[34] := 30 66;
set Last[35] := 33 69;
set Last[36] := 36 72;
set Last[37] := 1 37;
set Last[38] := 7 43;
set Last[39] := 10 46;
set Last[40] := 14 50;
set Last[41] := 18 54;
set Last[42] := 21 57;
set Last[43] := 25 61;
set Last[44] := 28 64;
set Last[45] := 29 65;
set Last[46] := 30 66;
set Last[47] := 33 69;
set Last[48] := 36 72;
set Last[49] := 1 37;
set Last[50] := 18 54;
set Last[51] := 28 64;
set Last[52] := 29 65;
set Last[53] := 1 37;
set Last[54] := 4 40;
set Last[55] := 7 43;
set Last[56] := 9 45;
set Last[57] := 10 46;
set Last[58] := 14 50;
set Last[59] := 18 54;
set Last[60] := 21 57;
set Last[61] := 25 61;
set Last[62] := 28 64;
set Last[63] := 29 65;
set Last[64] := 30 66;
set Last[65] := 33 69;
set Last[66] := 36 72;
set Last[67] := 1 37;
set Last[68] := 4 40;
set Last[69] := 9 45;
set Last[70] := 10 46;
set Last[71] := 14 50;
set Last[72] := 15 51;
set Last[73] := 18 54;
set Last[74] := 19 55;
set Last[75] := 21 57;
set Last[76] := 25 61;
set Last[77] := 28 64;
set Last[78] := 29 65;
set Last[79] := 30 66;
set Last[80] := 33 69;
set Last[81] := 36 72;
set Last[82] := 1 37;
set Last[83] := 4 40;
set Last[84] := 7 43;
set Last[85] := 9 45;
set Last[86] := 14 50;
set Last[87] := 18 54;
set Last[88] := 21 57;
set Last[89] := 25 61;
set Last[90] := 28 64;
set Last[91] := 29 65;
set Last[92] := 30 66;
set Last[93] := 33 69;
set Last[94] := 36 72;
set Last[95] := 1 37;
set Last[96] := 4 40;
set Last[97] := 7 43;
set Last[98] := 10 46;
set Last[99] := 14 50;
set Last[100] := 18 54;
set Last[101] := 21 57;
set Last[102] := 28 64;
set Last[103] := 29 65;
set Last[104] := 30 66;
set Last[105] := 33 69;
set Last[106] := 36 72;
set Last[107] := 1 37;
set Last[108] := 4 40;
set Last[109] := 7 43;
set Last[110] := 10 46;
set Last[111] := 14 50;
set Last[112] := 18 54;
set Last[113] := 28 64;
set Last[114] := 29 65;
set Last[115] := 33 69;
set Last[116] := 36 72;
set Last[117] := 1 37;
set Last[118] := 1 37;
set Last[119] := 4 40;
set Last[120] := 5 41;
set Last[121] := 7 43;
set Last[122] := 8 44;
set Last[123] := 9 45;
set Last[124] := 10 46;
set Last[125] := 12 48;
set Last[126] := 15 51;
set Last[127] := 16 52;
set Last[128] := 17 53;
set Last[129] := 18 54;
set Last[130] := 19 55;
set Last[131] := 20 56;
set Last[132] := 21 57;
set Last[133] := 22 58;
set Last[134] := 25 61;
set Last[135] := 27 63;
set Last[136] := 28 64;
set Last[137] := 29 65;
set Last[138] := 30 66;
set Last[139] := 31 67;
set Last[140] := 32 68;
set Last[141] := 33 69;
set Last[142] := 36 72;
set Last[143] := 1 37;
set Last[144] := 4 40;
set Last[145] := 7 43;
set Last[146] := 10 46;
set Last[147] := 14 50;
set Last[148] := 18 54;
set Last[149] := 21 57;
set Last[150] := 25 61;
set Last[151] := 28 64;
set Last[152] := 29 65;
set Last[153] := 30 66;
set Last[154] := 33 69;
set Last[155] := 36 72;
set Last[156] := 1 37;
set Last[157] := 4 40;
set Last[158] := 7 43;
set Last[159] := 10 46;
set Last[160] := 14 50;
set Last[161] := 18 54;
set Last[162] := 21 57;
set Last[163] := 25 61;
set Last[164] := 28 64;
set Last[165] := 29 65;
set Last[166] := 30 66;
set Last[167] := 33 69;
set Last[168] := 36 72;
set Last[169] := 1 37;
set Last[170] := 7 43;
set Last[171] := 10 46;
set Last[172] := 18 54;
set Last[173] := 28 64;
set Last[174] := 29 65;
set Last[175] := 33 69;
set Last[176] := 36 72;
set Last[177] := 1 37;
set Last[178] := 4 40;
set Last[179] := 7 43;
set Last[180] := 10 46;
set Last[181] := 14 50;
set Last[182] := 21 57;
set Last[183] := 28 64;
set Last[184] := 29 65;
set Last[185] := 30 66;
set Last[186] := 33 69;
set Last[187] := 36 72;
set Last[188] := 1 37;
set Last[189] := 4 40;
set Last[190] := 5 41;
set Last[191] := 7 43;
set Last[192] := 9 45;
set Last[193] := 10 46;
set Last[194] := 14 50;
set Last[195] := 15 51;
set Last[196] := 16 52;
set Last[197] := 18 54;
set Last[198] := 20 56;
set Last[199] := 21 57;
set Last[200] := 25 61;
set Last[201] := 27 63;
set Last[202] := 28 64;
set Last[203] := 29 65;
set Last[204] := 30 66;
set Last[205] := 31 67;
set Last[206] := 33 69;
set Last[207] := 36 72;
set Last[208] := 1 37;
set Last[209] := 4 40;
set Last[210] := 5 41;
set Last[211] := 7 43;
set Last[212] := 9 45;
set Last[213] := 10 46;
set Last[214] := 12 48;
set Last[215] := 14 50;
set Last[216] := 15 51;
set Last[217] := 16 52;
set Last[218] := 17 53;
set Last[219] := 18 54;
set Last[220] := 19 55;
set Last[221] := 21 57;
set Last[222] := 22 58;
set Last[223] := 25 61;
set Last[224] := 27 63;
set Last[225] := 28 64;
set Last[226] := 29 65;
set Last[227] := 30 66;
set Last[228] := 31 67;
set Last[229] := 32 68;
set Last[230] := 33 69;
set Last[231] := 36 72;
set Last[232] := 1 37;
set Last[233] := 4 40;
set Last[234] := 5 41;
set Last[235] := 7 43;
set Last[236] := 8 44;
set Last[237] := 9 45;
set Last[238] := 10 46;
set Last[239] := 12 48;
set Last[240] := 14 50;
set Last[241] := 15 51;
set Last[242] := 16 52;
set Last[243] := 17 53;
set Last[244] := 18 54;
set Last[245] := 19 55;
set Last[246] := 20 56;
set Last[247] := 22 58;
set Last[248] := 25 61;
set Last[249] := 27 63;
set Last[250] := 28 64;
set Last[251] := 29 65;
set Last[252] := 30 66;
set Last[253] := 31 67;
set Last[254] := 32 68;
set Last[255] := 33 69;
set Last[256] := 36 72;
set Last[257] := 1 37;
set Last[258] := 18 54;
set Last[259] := 28 64;
set Last[260] := 29 65;
set Last[261] := 1 37;
set Last[262] := 4 40;
set Last[263] := 5 41;
set Last[264] := 7 43;
set Last[265] := 8 44;
set Last[266] := 9 45;
set Last[267] := 10 46;
set Last[268] := 11 47;
set Last[269] := 12 48;
set Last[270] := 13 49;
set Last[271] := 14 50;
set Last[272] := 15 51;
set Last[273] := 16 52;
set Last[274] := 17 53;
set Last[275] := 18 54;
set Last[276] := 19 55;
set Last[277] := 20 56;
set Last[278] := 21 57;
set Last[279] := 22 58;
set Last[280] := 25 61;
set Last[281] := 27 63;
set Last[282] := 28 64;
set Last[283] := 29 65;
set Last[284] := 30 66;
set Last[285] := 31 67;
set Last[286] := 32 68;
set Last[287] := 33 69;
set Last[288] := 36 72;
set Last[289] := 1 37;
set Last[290] := 4 40;
set Last[291] := 7 43;
set Last[292] := 10 46;
set Last[293] := 14 50;
set Last[294] := 18 54;
set Last[295] := 21 57;
set Last[296] := 28 64;
set Last[297] := 29 65;
set Last[298] := 30 66;
set Last[299] := 33 69;
set Last[300] := 36 72;
set Last[301] := 1 37;
set Last[302] := 4 40;
set Last[303] := 7 43;
set Last[304] := 9 45;
set Last[305] := 10 46;
set Last[306] := 14 50;
set Last[307] := 18 54;
set Last[308] := 19 55;
set Last[309] := 21 57;
set Last[310] := 28 64;
set Last[311] := 29 65;
set Last[312] := 30 66;
set Last[313] := 33 69;
set Last[314] := 36 72;
set Last[315] := 1 37;
set Last[316] := 7 43;
set Last[317] := 18 54;
set Last[318] := 28 64;
set Last[319] := 29 65;
set Last[320] := 36 72;
set Last[321] := 1 37;
set Last[322] := 4 40;
set Last[323] := 7 43;
set Last[324] := 9 45;
set Last[325] := 10 46;
set Last[326] := 14 50;
set Last[327] := 15 51;
set Last[328] := 18 54;
set Last[329] := 19 55;
set Last[330] := 21 57;
set Last[331] := 25 61;
set Last[332] := 28 64;
set Last[333] := 29 65;
set Last[334] := 30 66;
set Last[335] := 33 69;
set Last[336] := 36 72;
set Last[337] := 1 37;
set Last[338] := 4 40;
set Last[339] := 5 41;
set Last[340] := 7 43;
set Last[341] := 9 45;
set Last[342] := 10 46;
set Last[343] := 12 48;
set Last[344] := 14 50;
set Last[345] := 15 51;
set Last[346] := 16 52;
set Last[347] := 17 53;
set Last[348] := 18 54;
set Last[349] := 19 55;
set Last[350] := 20 56;
set Last[351] := 21 57;
set Last[352] := 22 58;
set Last[353] := 25 61;
set Last[354] := 27 63;
set Last[355] := 29 65;
set Last[356] := 30 66;
set Last[357] := 31 67;
set Last[358] := 32 68;
set Last[359] := 33 69;
set Last[360] := 36 72;
set Last[361] := 1 37;
set Last[362] := 4 40;
set Last[363] := 5 41;
set Last[364] := 7 43;
set Last[365] := 8 44;
set Last[366] := 9 45;
set Last[367] := 10 46;
set Last[368] := 11 47;
set Last[369] := 12 48;
set Last[370] := 13 49;
set Last[371] := 14 50;
set Last[372] := 15 51;
set Last[373] := 16 52;
set Last[374] := 17 53;
set Last[375] := 18 54;
set Last[376] := 19 55;
set Last[377] := 20 56;
set Last[378] := 21 57;
set Last[379] := 22 58;
set Last[380] := 25 61;
set Last[381] := 26 62;
set Last[382] := 27 63;
set Last[383] := 28 64;
set Last[384] := 30 66;
set Last[385] := 31 67;
set Last[386] := 32 68;
set Last[387] := 33 69;
set Last[388] := 36 72;
set Last[389] := 1 37;
set Last[390] := 4 40;
set Last[391] := 7 43;
set Last[392] := 10 46;
set Last[393] := 14 50;
set Last[394] := 18 54;
set Last[395] := 21 57;
set Last[396] := 25 61;
set Last[397] := 28 64;
set Last[398] := 29 65;
set Last[399] := 33 69;
set Last[400] := 36 72;
set Last[401] := 1 37;
set Last[402] := 18 54;
set Last[403] := 28 64;
set Last[404] := 29 65;
set Last[405] := 1 37;
set Last[406] := 4 40;
set Last[407] := 5 41;
set Last[408] := 7 43;
set Last[409] := 9 45;
set Last[410] := 10 46;
set Last[411] := 12 48;
set Last[412] := 14 50;
set Last[413] := 15 51;
set Last[414] := 16 52;
set Last[415] := 17 53;
set Last[416] := 18 54;
set Last[417] := 19 55;
set Last[418] := 20 56;
set Last[419] := 21 57;
set Last[420] := 22 58;
set Last[421] := 25 61;
set Last[422] := 27 63;
set Last[423] := 28 64;
set Last[424] := 29 65;
set Last[425] := 30 66;
set Last[426] := 31 67;
set Last[427] := 33 69;
set Last[428] := 36 72;
set Last[429] := 1 37;
set Last[430] := 4 40;
set Last[431] := 7 43;
set Last[432] := 10 46;
set Last[433] := 14 50;
set Last[434] := 18 54;
set Last[435] := 28 64;
set Last[436] := 29 65;
set Last[437] := 36 72;
set Last[438] := 1 37;
set Last[439] := 4 40;
set Last[440] := 7 43;
set Last[441] := 10 46;
set Last[442] := 14 50;
set Last[443] := 18 54;
set Last[444] := 21 57;
set Last[445] := 25 61;
set Last[446] := 28 64;
set Last[447] := 29 65;
set Last[448] := 30 66;
set Last[449] := 33 69;
set Last[450] := 36 72;
set Last[451] := 1 37;
set Last[452] := 3 39;
set Last[453] := 4 40;
set Last[454] := 5 41;
set Last[455] := 6 42;
set Last[456] := 7 43;
set Last[457] := 8 44;
set Last[458] := 9 45;
set Last[459] := 10 46;
set Last[460] := 11 47;
set Last[461] := 12 48;
set Last[462] := 13 49;
set Last[463] := 14 50;
set Last[464] := 15 51;
set Last[465] := 16 52;
set Last[466] := 17 53;
set Last[467] := 18 54;
set Last[468] := 19 55;
set Last[469] := 20 56;
set Last[470] := 21 57;
set Last[471] := 22 58;
set Last[472] := 24 60;
set Last[473] := 25 61;
set Last[474] := 26 62;
set Last[475] := 27 63;
set Last[476] := 28 64;
set Last[477] := 29 65;
set Last[478] := 30 66;
set Last[479] := 31 67;
set Last[480] := 32 68;
set Last[481] := 33 69;
set Last[482] := 34 70;
set Last[483] := 36 72;
set Last[484] := 1 37;
set Last[485] := 4 40;
set Last[486] := 5 41;
set Last[487] := 7 43;
set Last[488] := 9 45;
set Last[489] := 10 46;
set Last[490] := 14 50;
set Last[491] := 15 51;
set Last[492] := 16 52;
set Last[493] := 18 54;
set Last[494] := 19 55;
set Last[495] := 20 56;
set Last[496] := 21 57;
set Last[497] := 25 61;
set Last[498] := 27 63;
set Last[499] := 28 64;
set Last[500] := 29 65;
set Last[501] := 30 66;
set Last[502] := 31 67;
set Last[503] := 32 68;
set Last[504] := 33 69;

param q := 5;

end;
