data;

set V := 1 2 3 4 5 6 7 8 9 10 11 12 13 15 16 17 18 19 20 21 23 24 25 26 27 28 29 30 32 33 36 37 38 39 40 42;

set A := 1 17
         1 21
         2 3
         2 4
         2 5
         2 7
         2 23
         3 2
         3 13
         3 21
         3 24
         4 2
         4 5
         4 25
         5 2
         5 4
         5 8
         5 26
         6 27
         7 28
         8 5
         8 6
         8 7
         8 29
         9 15
         9 30
         10 9
         10 11
         11 18
         11 19
         11 32
         12 13
         12 15
         12 20
         12 33
         13 3
         13 12
         15 9
         15 12
         15 16
         15 36
         16 11
         16 15
         16 37
         17 1
         17 20
         17 38
         18 39
         19 11
         19 20
         19 40
         20 12
         20 17
         20 19
         20 21
         21 1
         21 3
         21 20
         21 42
         ;

set S := 1 2 3 4 5 6 7 8 9 10 11 12 13 14 15 16 17 18 19 20 21 22 23 24 25 26 27 28 29 30 31 32 33 34 35 36 37 38 39 40 41 42 43 44 45 46 47 48 49 50 51 52 53 54 55 56 57 58 59 60 61 62 63 64 65 66 67 68 69 70 71 72 73 74 75 76 77 78 79 80 81 82 83 84 85 86 87 88 89 90 91 92 93 94 95 96 97 98 99 100 101 102 103 104 105 106 107 108 109 110 111 112 113 114 115 116 117 118 119 120 121 122 123 124 125 126 127 128 129 130 131 132 133 134 135 136 137 138 139 140 141 142 143 144 145 146 147 148 149 150 151 152 153 154 155 156 157 158 159 160 161 162 163 164 165 166 167 168;

set F[1] := 1 21
            21 3
            3 2
            2 23
            ;
set F[2] := 1 21
            21 3
            3 24
            ;
set F[3] := 1 21
            21 3
            3 2
            2 4
            4 25
            ;
set F[4] := 1 21
            21 3
            3 2
            2 7
            7 28
            ;
set F[5] := 1 21
            21 3
            3 2
            2 5
            5 8
            8 29
            ;
set F[6] := 1 17
            17 20
            20 19
            19 11
            11 32
            ;
set F[7] := 1 17
            17 20
            20 12
            12 15
            15 36
            ;
set F[8] := 1 17
            17 38
            ;
set F[9] := 1 21
            21 42
            ;
set F[10] := 2 3
             3 24
             ;
set F[11] := 2 4
             4 25
             ;
set F[12] := 2 5
             5 26
             ;
set F[13] := 2 5
             5 8
             8 6
             6 27
             ;
set F[14] := 2 7
             7 28
             ;
set F[15] := 2 5
             5 8
             8 29
             ;
set F[16] := 2 3
             3 13
             13 12
             12 15
             15 9
             9 30
             ;
set F[17] := 2 3
             3 21
             21 20
             20 19
             19 11
             11 32
             ;
set F[18] := 2 3
             3 13
             13 12
             12 33
             ;
set F[19] := 2 3
             3 13
             13 12
             12 15
             15 36
             ;
set F[20] := 2 3
             3 13
             13 12
             12 15
             15 16
             16 37
             ;
set F[21] := 2 3
             3 21
             21 1
             1 17
             17 38
             ;
set F[22] := 2 3
             3 21
             21 20
             20 19
             19 11
             11 18
             18 39
             ;
set F[23] := 2 3
             3 21
             21 20
             20 19
             19 40
             ;
set F[24] := 2 3
             3 21
             21 42
             ;
set F[25] := 3 2
             2 23
             ;
set F[26] := 3 2
             2 4
             4 25
             ;
set F[27] := 3 2
             2 5
             5 26
             ;
set F[28] := 3 2
             2 5
             5 8
             8 6
             6 27
             ;
set F[29] := 3 2
             2 7
             7 28
             ;
set F[30] := 3 2
             2 5
             5 8
             8 29
             ;
set F[31] := 3 13
             13 12
             12 15
             15 9
             9 30
             ;
set F[32] := 3 21
             21 20
             20 19
             19 11
             11 32
             ;
set F[33] := 3 13
             13 12
             12 33
             ;
set F[34] := 3 13
             13 12
             12 15
             15 36
             ;
set F[35] := 3 13
             13 12
             12 15
             15 16
             16 37
             ;
set F[36] := 3 21
             21 1
             1 17
             17 38
             ;
set F[37] := 3 21
             21 20
             20 19
             19 11
             11 18
             18 39
             ;
set F[38] := 3 21
             21 20
             20 19
             19 40
             ;
set F[39] := 3 21
             21 42
             ;
set F[40] := 4 2
             2 23
             ;
set F[41] := 4 2
             2 3
             3 24
             ;
set F[42] := 4 5
             5 26
             ;
set F[43] := 4 2
             2 7
             7 28
             ;
set F[44] := 4 5
             5 8
             8 29
             ;
set F[45] := 4 2
             2 3
             3 13
             13 12
             12 15
             15 9
             9 30
             ;
set F[46] := 4 2
             2 3
             3 21
             21 20
             20 19
             19 11
             11 32
             ;
set F[47] := 4 2
             2 3
             3 13
             13 12
             12 15
             15 36
             ;
set F[48] := 4 2
             2 3
             3 21
             21 1
             1 17
             17 38
             ;
set F[49] := 4 2
             2 3
             3 21
             21 42
             ;
set F[50] := 5 2
             2 23
             ;
set F[51] := 5 2
             2 3
             3 24
             ;
set F[52] := 5 4
             4 25
             ;
set F[53] := 5 2
             2 7
             7 28
             ;
set F[54] := 5 8
             8 29
             ;
set F[55] := 5 2
             2 3
             3 13
             13 12
             12 15
             15 9
             9 30
             ;
set F[56] := 5 2
             2 3
             3 21
             21 20
             20 19
             19 11
             11 32
             ;
set F[57] := 5 2
             2 3
             3 13
             13 12
             12 15
             15 36
             ;
set F[58] := 5 2
             2 3
             3 13
             13 12
             12 15
             15 16
             16 37
             ;
set F[59] := 5 2
             2 3
             3 21
             21 1
             1 17
             17 38
             ;
set F[60] := 5 2
             2 3
             3 21
             21 42
             ;
set F[61] := 8 5
             5 2
             2 23
             ;
set F[62] := 8 5
             5 2
             2 3
             3 24
             ;
set F[63] := 8 5
             5 4
             4 25
             ;
set F[64] := 8 5
             5 26
             ;
set F[65] := 8 6
             6 27
             ;
set F[66] := 8 7
             7 28
             ;
set F[67] := 8 5
             5 2
             2 3
             3 13
             13 12
             12 15
             15 9
             9 30
             ;
set F[68] := 8 5
             5 2
             2 3
             3 21
             21 20
             20 19
             19 11
             11 32
             ;
set F[69] := 8 5
             5 2
             2 3
             3 13
             13 12
             12 33
             ;
set F[70] := 8 5
             5 2
             2 3
             3 13
             13 12
             12 15
             15 36
             ;
set F[71] := 8 5
             5 2
             2 3
             3 13
             13 12
             12 15
             15 16
             16 37
             ;
set F[72] := 8 5
             5 2
             2 3
             3 21
             21 1
             1 17
             17 38
             ;
set F[73] := 8 5
             5 2
             2 3
             3 21
             21 20
             20 19
             19 11
             11 18
             18 39
             ;
set F[74] := 8 5
             5 2
             2 3
             3 21
             21 20
             20 19
             19 40
             ;
set F[75] := 8 5
             5 2
             2 3
             3 21
             21 42
             ;
set F[76] := 9 15
             15 12
             12 13
             13 3
             3 2
             2 23
             ;
set F[77] := 9 15
             15 12
             12 13
             13 3
             3 24
             ;
set F[78] := 9 15
             15 12
             12 13
             13 3
             3 2
             2 7
             7 28
             ;
set F[79] := 9 15
             15 12
             12 13
             13 3
             3 2
             2 5
             5 8
             8 29
             ;
set F[80] := 9 15
             15 36
             ;
set F[81] := 9 15
             15 12
             12 20
             20 21
             21 42
             ;
set F[82] := 10 9
             9 15
             15 12
             12 13
             13 3
             3 2
             2 23
             ;
set F[83] := 10 9
             9 15
             15 12
             12 13
             13 3
             3 24
             ;
set F[84] := 10 9
             9 15
             15 12
             12 13
             13 3
             3 2
             2 4
             4 25
             ;
set F[85] := 10 9
             9 15
             15 12
             12 13
             13 3
             3 2
             2 5
             5 26
             ;
set F[86] := 10 9
             9 15
             15 12
             12 13
             13 3
             3 2
             2 7
             7 28
             ;
set F[87] := 10 9
             9 15
             15 12
             12 13
             13 3
             3 2
             2 5
             5 8
             8 29
             ;
set F[88] := 10 9
             9 30
             ;
set F[89] := 10 11
             11 32
             ;
set F[90] := 10 9
             9 15
             15 36
             ;
set F[91] := 10 11
             11 19
             19 20
             20 17
             17 38
             ;
set F[92] := 10 11
             11 19
             19 20
             20 21
             21 42
             ;
set F[93] := 12 13
             13 3
             3 2
             2 23
             ;
set F[94] := 12 13
             13 3
             3 24
             ;
set F[95] := 12 13
             13 3
             3 2
             2 4
             4 25
             ;
set F[96] := 12 13
             13 3
             3 2
             2 5
             5 26
             ;
set F[97] := 12 13
             13 3
             3 2
             2 5
             5 8
             8 6
             6 27
             ;
set F[98] := 12 13
             13 3
             3 2
             2 7
             7 28
             ;
set F[99] := 12 13
             13 3
             3 2
             2 5
             5 8
             8 29
             ;
set F[100] := 12 15
              15 9
              9 30
              ;
set F[101] := 12 20
              20 19
              19 11
              11 32
              ;
set F[102] := 12 15
              15 36
              ;
set F[103] := 12 15
              15 16
              16 37
              ;
set F[104] := 12 20
              20 17
              17 38
              ;
set F[105] := 12 20
              20 19
              19 11
              11 18
              18 39
              ;
set F[106] := 12 20
              20 19
              19 40
              ;
set F[107] := 12 20
              20 21
              21 42
              ;
set F[108] := 13 3
              3 2
              2 23
              ;
set F[109] := 13 3
              3 24
              ;
set F[110] := 13 3
              3 2
              2 4
              4 25
              ;
set F[111] := 13 3
              3 2
              2 7
              7 28
              ;
set F[112] := 13 3
              3 2
              2 5
              5 8
              8 29
              ;
set F[113] := 13 12
              12 15
              15 9
              9 30
              ;
set F[114] := 13 12
              12 20
              20 19
              19 11
              11 32
              ;
set F[115] := 13 12
              12 15
              15 36
              ;
set F[116] := 13 12
              12 20
              20 17
              17 38
              ;
set F[117] := 13 3
              3 21
              21 42
              ;
set F[118] := 15 12
              12 13
              13 3
              3 2
              2 23
              ;
set F[119] := 15 12
              12 13
              13 3
              3 24
              ;
set F[120] := 15 12
              12 13
              13 3
              3 2
              2 4
              4 25
              ;
set F[121] := 15 12
              12 13
              13 3
              3 2
              2 5
              5 26
              ;
set F[122] := 15 12
              12 13
              13 3
              3 2
              2 7
              7 28
              ;
set F[123] := 15 12
              12 13
              13 3
              3 2
              2 5
              5 8
              8 29
              ;
set F[124] := 15 9
              9 30
              ;
set F[125] := 15 16
              16 11
              11 32
              ;
set F[126] := 15 12
              12 20
              20 17
              17 38
              ;
set F[127] := 15 12
              12 20
              20 21
              21 42
              ;
set F[128] := 16 15
              15 12
              12 13
              13 3
              3 2
              2 23
              ;
set F[129] := 16 15
              15 12
              12 13
              13 3
              3 24
              ;
set F[130] := 16 15
              15 12
              12 13
              13 3
              3 2
              2 4
              4 25
              ;
set F[131] := 16 15
              15 12
              12 13
              13 3
              3 2
              2 7
              7 28
              ;
set F[132] := 16 15
              15 12
              12 13
              13 3
              3 2
              2 5
              5 8
              8 29
              ;
set F[133] := 16 11
              11 32
              ;
set F[134] := 16 15
              15 36
              ;
set F[135] := 16 11
              11 19
              19 20
              20 21
              21 42
              ;
set F[136] := 17 1
              1 21
              21 3
              3 2
              2 23
              ;
set F[137] := 17 1
              1 21
              21 3
              3 24
              ;
set F[138] := 17 1
              1 21
              21 3
              3 2
              2 4
              4 25
              ;
set F[139] := 17 1
              1 21
              21 3
              3 2
              2 7
              7 28
              ;
set F[140] := 17 1
              1 21
              21 3
              3 2
              2 5
              5 8
              8 29
              ;
set F[141] := 17 20
              20 19
              19 11
              11 32
              ;
set F[142] := 17 20
              20 12
              12 15
              15 36
              ;
set F[143] := 17 1
              1 21
              21 42
              ;
set F[144] := 19 20
              20 21
              21 3
              3 2
              2 23
              ;
set F[145] := 20 21
              21 3
              3 2
              2 23
              ;
set F[146] := 20 21
              21 3
              3 24
              ;
set F[147] := 20 21
              21 3
              3 2
              2 4
              4 25
              ;
set F[148] := 20 21
              21 3
              3 2
              2 7
              7 28
              ;
set F[149] := 20 21
              21 3
              3 2
              2 5
              5 8
              8 29
              ;
set F[150] := 20 19
              19 11
              11 32
              ;
set F[151] := 20 12
              12 15
              15 36
              ;
set F[152] := 20 17
              17 38
              ;
set F[153] := 20 21
              21 42
              ;
set F[154] := 21 3
              3 2
              2 23
              ;
set F[155] := 21 3
              3 24
              ;
set F[156] := 21 3
              3 2
              2 4
              4 25
              ;
set F[157] := 21 3
              3 2
              2 5
              5 26
              ;
set F[158] := 21 3
              3 2
              2 5
              5 8
              8 6
              6 27
              ;
set F[159] := 21 3
              3 2
              2 7
              7 28
              ;
set F[160] := 21 3
              3 2
              2 5
              5 8
              8 29
              ;
set F[161] := 21 20
              20 12
              12 15
              15 9
              9 30
              ;
set F[162] := 21 20
              20 19
              19 11
              11 32
              ;
set F[163] := 21 20
              20 12
              12 33
              ;
set F[164] := 21 20
              20 12
              12 15
              15 36
              ;
set F[165] := 21 20
              20 12
              12 15
              15 16
              16 37
              ;
set F[166] := 21 1
              1 17
              17 38
              ;
set F[167] := 21 20
              20 19
              19 11
              11 18
              18 39
              ;
set F[168] := 21 20
              20 19
              19 40
              ;
set Last[1] := 2 23;
set Last[2] := 3 24;
set Last[3] := 4 25;
set Last[4] := 7 28;
set Last[5] := 8 29;
set Last[6] := 11 32;
set Last[7] := 15 36;
set Last[8] := 17 38;
set Last[9] := 21 42;
set Last[10] := 3 24;
set Last[11] := 4 25;
set Last[12] := 5 26;
set Last[13] := 6 27;
set Last[14] := 7 28;
set Last[15] := 8 29;
set Last[16] := 9 30;
set Last[17] := 11 32;
set Last[18] := 12 33;
set Last[19] := 15 36;
set Last[20] := 16 37;
set Last[21] := 17 38;
set Last[22] := 18 39;
set Last[23] := 19 40;
set Last[24] := 21 42;
set Last[25] := 2 23;
set Last[26] := 4 25;
set Last[27] := 5 26;
set Last[28] := 6 27;
set Last[29] := 7 28;
set Last[30] := 8 29;
set Last[31] := 9 30;
set Last[32] := 11 32;
set Last[33] := 12 33;
set Last[34] := 15 36;
set Last[35] := 16 37;
set Last[36] := 17 38;
set Last[37] := 18 39;
set Last[38] := 19 40;
set Last[39] := 21 42;
set Last[40] := 2 23;
set Last[41] := 3 24;
set Last[42] := 5 26;
set Last[43] := 7 28;
set Last[44] := 8 29;
set Last[45] := 9 30;
set Last[46] := 11 32;
set Last[47] := 15 36;
set Last[48] := 17 38;
set Last[49] := 21 42;
set Last[50] := 2 23;
set Last[51] := 3 24;
set Last[52] := 4 25;
set Last[53] := 7 28;
set Last[54] := 8 29;
set Last[55] := 9 30;
set Last[56] := 11 32;
set Last[57] := 15 36;
set Last[58] := 16 37;
set Last[59] := 17 38;
set Last[60] := 21 42;
set Last[61] := 2 23;
set Last[62] := 3 24;
set Last[63] := 4 25;
set Last[64] := 5 26;
set Last[65] := 6 27;
set Last[66] := 7 28;
set Last[67] := 9 30;
set Last[68] := 11 32;
set Last[69] := 12 33;
set Last[70] := 15 36;
set Last[71] := 16 37;
set Last[72] := 17 38;
set Last[73] := 18 39;
set Last[74] := 19 40;
set Last[75] := 21 42;
set Last[76] := 2 23;
set Last[77] := 3 24;
set Last[78] := 7 28;
set Last[79] := 8 29;
set Last[80] := 15 36;
set Last[81] := 21 42;
set Last[82] := 2 23;
set Last[83] := 3 24;
set Last[84] := 4 25;
set Last[85] := 5 26;
set Last[86] := 7 28;
set Last[87] := 8 29;
set Last[88] := 9 30;
set Last[89] := 11 32;
set Last[90] := 15 36;
set Last[91] := 17 38;
set Last[92] := 21 42;
set Last[93] := 2 23;
set Last[94] := 3 24;
set Last[95] := 4 25;
set Last[96] := 5 26;
set Last[97] := 6 27;
set Last[98] := 7 28;
set Last[99] := 8 29;
set Last[100] := 9 30;
set Last[101] := 11 32;
set Last[102] := 15 36;
set Last[103] := 16 37;
set Last[104] := 17 38;
set Last[105] := 18 39;
set Last[106] := 19 40;
set Last[107] := 21 42;
set Last[108] := 2 23;
set Last[109] := 3 24;
set Last[110] := 4 25;
set Last[111] := 7 28;
set Last[112] := 8 29;
set Last[113] := 9 30;
set Last[114] := 11 32;
set Last[115] := 15 36;
set Last[116] := 17 38;
set Last[117] := 21 42;
set Last[118] := 2 23;
set Last[119] := 3 24;
set Last[120] := 4 25;
set Last[121] := 5 26;
set Last[122] := 7 28;
set Last[123] := 8 29;
set Last[124] := 9 30;
set Last[125] := 11 32;
set Last[126] := 17 38;
set Last[127] := 21 42;
set Last[128] := 2 23;
set Last[129] := 3 24;
set Last[130] := 4 25;
set Last[131] := 7 28;
set Last[132] := 8 29;
set Last[133] := 11 32;
set Last[134] := 15 36;
set Last[135] := 21 42;
set Last[136] := 2 23;
set Last[137] := 3 24;
set Last[138] := 4 25;
set Last[139] := 7 28;
set Last[140] := 8 29;
set Last[141] := 11 32;
set Last[142] := 15 36;
set Last[143] := 21 42;
set Last[144] := 2 23;
set Last[145] := 2 23;
set Last[146] := 3 24;
set Last[147] := 4 25;
set Last[148] := 7 28;
set Last[149] := 8 29;
set Last[150] := 11 32;
set Last[151] := 15 36;
set Last[152] := 17 38;
set Last[153] := 21 42;
set Last[154] := 2 23;
set Last[155] := 3 24;
set Last[156] := 4 25;
set Last[157] := 5 26;
set Last[158] := 6 27;
set Last[159] := 7 28;
set Last[160] := 8 29;
set Last[161] := 9 30;
set Last[162] := 11 32;
set Last[163] := 12 33;
set Last[164] := 15 36;
set Last[165] := 16 37;
set Last[166] := 17 38;
set Last[167] := 18 39;
set Last[168] := 19 40;

param q := 5;

end;
