data;

set V := 1 2 3 4 5 6 7 8 9 10 11 12 13 14 15 16 17 18 19 20 21 22 23 24 25 26 27 28 29 30 31 32 33 34 35 36 37 38 39 40 41 42 43 44 45 46 47 48 49 50;

set A := 1 4
         1 26
         2 3
         2 4
         2 7
         2 11
         2 12
         2 15
         2 22
         2 27
         3 2
         3 4
         3 14
         3 17
         3 28
         4 1
         4 2
         4 3
         4 10
         4 29
         5 25
         5 30
         6 7
         6 9
         6 21
         6 25
         6 31
         7 2
         7 6
         7 8
         7 25
         7 32
         8 7
         8 23
         8 33
         9 6
         9 34
         10 4
         10 35
         11 2
         11 36
         12 2
         12 37
         13 17
         13 38
         14 3
         14 39
         15 2
         15 40
         16 25
         16 41
         17 3
         17 13
         17 42
         18 25
         18 43
         19 25
         19 44
         20 25
         20 45
         21 6
         21 46
         22 2
         22 47
         23 8
         23 48
         24 25
         24 49
         25 5
         25 6
         25 7
         25 16
         25 18
         25 19
         25 20
         25 24
         25 50
         ;

set S := 1 2 3 4 5 6 7 8 9 10 11 12 13 14 15 16 17 18 19 20 21 22 23 24 25 26 27 28 29 30 31 32 33 34 35 36 37 38 39 40 41 42 43 44 45 46 47 48 49 50 51 52 53 54 55 56 57 58 59 60 61 62 63 64 65 66 67 68 69 70 71 72 73 74 75 76 77 78 79 80 81 82 83 84 85 86 87 88 89 90 91 92 93 94 95 96 97 98 99 100 101 102 103 104 105 106 107 108 109 110 111 112 113 114 115 116 117 118 119 120 121 122 123 124 125 126 127 128 129 130 131 132 133 134 135 136 137 138 139 140 141 142 143 144 145 146 147 148 149 150 151 152 153 154 155 156 157 158 159 160 161 162 163 164 165 166 167 168 169 170 171 172 173 174 175 176 177 178 179 180 181 182 183 184 185 186 187 188 189 190 191 192 193 194 195 196 197 198 199 200 201 202 203 204 205 206 207 208 209 210 211 212 213 214 215 216 217 218 219 220 221 222 223 224 225 226 227 228 229 230 231 232 233 234 235 236 237 238 239 240 241 242 243 244 245 246 247 248 249 250 251 252 253 254 255 256 257 258 259 260 261 262 263 264 265 266 267 268 269 270 271 272 273 274 275 276 277 278 279 280 281 282 283 284 285 286 287 288 289 290 291 292 293 294 295 296 297 298 299 300 301 302 303 304 305 306 307 308 309 310 311 312 313 314 315 316 317 318 319 320 321 322 323 324 325 326 327 328 329 330 331 332 333 334 335 336 337 338 339 340 341 342 343 344 345 346 347 348 349 350 351 352 353 354 355 356 357 358 359 360 361 362 363 364 365 366 367 368 369 370 371 372 373 374 375 376 377 378 379 380 381 382 383 384 385 386 387 388 389 390 391 392 393 394 395 396 397 398 399 400 401 402 403 404 405 406 407 408 409 410 411 412 413 414 415 416 417 418 419 420 421 422 423 424 425 426 427 428 429 430 431 432 433 434 435 436 437 438 439 440 441 442 443 444 445 446 447 448 449 450 451 452 453 454 455 456 457 458 459 460 461 462 463 464 465 466 467 468 469 470 471 472 473 474 475 476 477 478 479 480 481 482 483 484 485 486 487 488 489 490 491 492 493 494 495 496 497 498 499 500 501 502 503 504 505 506 507 508 509 510 511 512 513 514 515 516 517 518 519 520 521 522 523 524 525 526 527 528 529 530 531 532 533 534 535 536 537 538 539 540 541 542 543 544 545 546 547 548 549 550 551 552 553 554 555 556 557 558 559 560 561 562 563 564 565 566 567 568 569 570 571 572 573 574 575 576 577 578 579 580 581 582 583 584 585 586 587 588 589 590 591 592 593 594 595 596 597 598 599 600;

set F[1] := 1 4
            4 2
            2 27
            ;
set F[2] := 1 4
            4 3
            3 28
            ;
set F[3] := 1 4
            4 29
            ;
set F[4] := 1 4
            4 2
            2 7
            7 25
            25 5
            5 30
            ;
set F[5] := 1 4
            4 2
            2 7
            7 6
            6 31
            ;
set F[6] := 1 4
            4 2
            2 7
            7 32
            ;
set F[7] := 1 4
            4 2
            2 7
            7 8
            8 33
            ;
set F[8] := 1 4
            4 2
            2 7
            7 6
            6 9
            9 34
            ;
set F[9] := 1 4
            4 10
            10 35
            ;
set F[10] := 1 4
             4 2
             2 11
             11 36
             ;
set F[11] := 1 4
             4 2
             2 12
             12 37
             ;
set F[12] := 1 4
             4 3
             3 17
             17 13
             13 38
             ;
set F[13] := 1 4
             4 3
             3 14
             14 39
             ;
set F[14] := 1 4
             4 2
             2 15
             15 40
             ;
set F[15] := 1 4
             4 2
             2 7
             7 25
             25 16
             16 41
             ;
set F[16] := 1 4
             4 3
             3 17
             17 42
             ;
set F[17] := 1 4
             4 2
             2 7
             7 25
             25 18
             18 43
             ;
set F[18] := 1 4
             4 2
             2 7
             7 25
             25 19
             19 44
             ;
set F[19] := 1 4
             4 2
             2 7
             7 25
             25 20
             20 45
             ;
set F[20] := 1 4
             4 2
             2 7
             7 6
             6 21
             21 46
             ;
set F[21] := 1 4
             4 2
             2 22
             22 47
             ;
set F[22] := 1 4
             4 2
             2 7
             7 8
             8 23
             23 48
             ;
set F[23] := 1 4
             4 2
             2 7
             7 25
             25 24
             24 49
             ;
set F[24] := 1 4
             4 2
             2 7
             7 25
             25 50
             ;
set F[25] := 2 4
             4 1
             1 26
             ;
set F[26] := 2 3
             3 28
             ;
set F[27] := 2 4
             4 29
             ;
set F[28] := 2 7
             7 25
             25 5
             5 30
             ;
set F[29] := 2 7
             7 6
             6 31
             ;
set F[30] := 2 7
             7 32
             ;
set F[31] := 2 7
             7 8
             8 33
             ;
set F[32] := 2 7
             7 6
             6 9
             9 34
             ;
set F[33] := 2 4
             4 10
             10 35
             ;
set F[34] := 2 11
             11 36
             ;
set F[35] := 2 12
             12 37
             ;
set F[36] := 2 3
             3 17
             17 13
             13 38
             ;
set F[37] := 2 3
             3 14
             14 39
             ;
set F[38] := 2 15
             15 40
             ;
set F[39] := 2 7
             7 25
             25 16
             16 41
             ;
set F[40] := 2 3
             3 17
             17 42
             ;
set F[41] := 2 7
             7 25
             25 18
             18 43
             ;
set F[42] := 2 7
             7 25
             25 19
             19 44
             ;
set F[43] := 2 7
             7 25
             25 20
             20 45
             ;
set F[44] := 2 7
             7 6
             6 21
             21 46
             ;
set F[45] := 2 22
             22 47
             ;
set F[46] := 2 7
             7 8
             8 23
             23 48
             ;
set F[47] := 2 7
             7 25
             25 24
             24 49
             ;
set F[48] := 2 7
             7 25
             25 50
             ;
set F[49] := 3 4
             4 1
             1 26
             ;
set F[50] := 3 2
             2 27
             ;
set F[51] := 3 4
             4 29
             ;
set F[52] := 3 2
             2 7
             7 25
             25 5
             5 30
             ;
set F[53] := 3 2
             2 7
             7 6
             6 31
             ;
set F[54] := 3 2
             2 7
             7 32
             ;
set F[55] := 3 2
             2 7
             7 8
             8 33
             ;
set F[56] := 3 2
             2 7
             7 6
             6 9
             9 34
             ;
set F[57] := 3 4
             4 10
             10 35
             ;
set F[58] := 3 2
             2 11
             11 36
             ;
set F[59] := 3 2
             2 12
             12 37
             ;
set F[60] := 3 17
             17 13
             13 38
             ;
set F[61] := 3 14
             14 39
             ;
set F[62] := 3 2
             2 15
             15 40
             ;
set F[63] := 3 2
             2 7
             7 25
             25 16
             16 41
             ;
set F[64] := 3 17
             17 42
             ;
set F[65] := 3 2
             2 7
             7 25
             25 18
             18 43
             ;
set F[66] := 3 2
             2 7
             7 25
             25 19
             19 44
             ;
set F[67] := 3 2
             2 7
             7 25
             25 20
             20 45
             ;
set F[68] := 3 2
             2 7
             7 6
             6 21
             21 46
             ;
set F[69] := 3 2
             2 22
             22 47
             ;
set F[70] := 3 2
             2 7
             7 8
             8 23
             23 48
             ;
set F[71] := 3 2
             2 7
             7 25
             25 24
             24 49
             ;
set F[72] := 3 2
             2 7
             7 25
             25 50
             ;
set F[73] := 4 1
             1 26
             ;
set F[74] := 4 2
             2 27
             ;
set F[75] := 4 3
             3 28
             ;
set F[76] := 4 2
             2 7
             7 25
             25 5
             5 30
             ;
set F[77] := 4 2
             2 7
             7 6
             6 31
             ;
set F[78] := 4 2
             2 7
             7 32
             ;
set F[79] := 4 2
             2 7
             7 8
             8 33
             ;
set F[80] := 4 2
             2 7
             7 6
             6 9
             9 34
             ;
set F[81] := 4 10
             10 35
             ;
set F[82] := 4 2
             2 11
             11 36
             ;
set F[83] := 4 2
             2 12
             12 37
             ;
set F[84] := 4 3
             3 17
             17 13
             13 38
             ;
set F[85] := 4 3
             3 14
             14 39
             ;
set F[86] := 4 2
             2 15
             15 40
             ;
set F[87] := 4 2
             2 7
             7 25
             25 16
             16 41
             ;
set F[88] := 4 3
             3 17
             17 42
             ;
set F[89] := 4 2
             2 7
             7 25
             25 18
             18 43
             ;
set F[90] := 4 2
             2 7
             7 25
             25 19
             19 44
             ;
set F[91] := 4 2
             2 7
             7 25
             25 20
             20 45
             ;
set F[92] := 4 2
             2 7
             7 6
             6 21
             21 46
             ;
set F[93] := 4 2
             2 22
             22 47
             ;
set F[94] := 4 2
             2 7
             7 8
             8 23
             23 48
             ;
set F[95] := 4 2
             2 7
             7 25
             25 24
             24 49
             ;
set F[96] := 4 2
             2 7
             7 25
             25 50
             ;
set F[97] := 5 25
             25 7
             7 2
             2 4
             4 1
             1 26
             ;
set F[98] := 5 25
             25 7
             7 2
             2 27
             ;
set F[99] := 5 25
             25 7
             7 2
             2 3
             3 28
             ;
set F[100] := 5 25
              25 7
              7 2
              2 4
              4 29
              ;
set F[101] := 5 25
              25 6
              6 31
              ;
set F[102] := 5 25
              25 7
              7 32
              ;
set F[103] := 5 25
              25 7
              7 8
              8 33
              ;
set F[104] := 5 25
              25 6
              6 9
              9 34
              ;
set F[105] := 5 25
              25 7
              7 2
              2 4
              4 10
              10 35
              ;
set F[106] := 5 25
              25 7
              7 2
              2 11
              11 36
              ;
set F[107] := 5 25
              25 7
              7 2
              2 12
              12 37
              ;
set F[108] := 5 25
              25 7
              7 2
              2 3
              3 17
              17 13
              13 38
              ;
set F[109] := 5 25
              25 7
              7 2
              2 3
              3 14
              14 39
              ;
set F[110] := 5 25
              25 7
              7 2
              2 15
              15 40
              ;
set F[111] := 5 25
              25 16
              16 41
              ;
set F[112] := 5 25
              25 7
              7 2
              2 3
              3 17
              17 42
              ;
set F[113] := 5 25
              25 18
              18 43
              ;
set F[114] := 5 25
              25 19
              19 44
              ;
set F[115] := 5 25
              25 20
              20 45
              ;
set F[116] := 5 25
              25 6
              6 21
              21 46
              ;
set F[117] := 5 25
              25 7
              7 2
              2 22
              22 47
              ;
set F[118] := 5 25
              25 7
              7 8
              8 23
              23 48
              ;
set F[119] := 5 25
              25 24
              24 49
              ;
set F[120] := 5 25
              25 50
              ;
set F[121] := 6 7
              7 2
              2 4
              4 1
              1 26
              ;
set F[122] := 6 7
              7 2
              2 27
              ;
set F[123] := 6 7
              7 2
              2 3
              3 28
              ;
set F[124] := 6 7
              7 2
              2 4
              4 29
              ;
set F[125] := 6 25
              25 5
              5 30
              ;
set F[126] := 6 7
              7 32
              ;
set F[127] := 6 7
              7 8
              8 33
              ;
set F[128] := 6 9
              9 34
              ;
set F[129] := 6 7
              7 2
              2 4
              4 10
              10 35
              ;
set F[130] := 6 7
              7 2
              2 11
              11 36
              ;
set F[131] := 6 7
              7 2
              2 12
              12 37
              ;
set F[132] := 6 7
              7 2
              2 3
              3 17
              17 13
              13 38
              ;
set F[133] := 6 7
              7 2
              2 3
              3 14
              14 39
              ;
set F[134] := 6 7
              7 2
              2 15
              15 40
              ;
set F[135] := 6 25
              25 16
              16 41
              ;
set F[136] := 6 7
              7 2
              2 3
              3 17
              17 42
              ;
set F[137] := 6 25
              25 18
              18 43
              ;
set F[138] := 6 25
              25 19
              19 44
              ;
set F[139] := 6 25
              25 20
              20 45
              ;
set F[140] := 6 21
              21 46
              ;
set F[141] := 6 7
              7 2
              2 22
              22 47
              ;
set F[142] := 6 7
              7 8
              8 23
              23 48
              ;
set F[143] := 6 25
              25 24
              24 49
              ;
set F[144] := 6 25
              25 50
              ;
set F[145] := 7 2
              2 4
              4 1
              1 26
              ;
set F[146] := 7 2
              2 27
              ;
set F[147] := 7 2
              2 3
              3 28
              ;
set F[148] := 7 2
              2 4
              4 29
              ;
set F[149] := 7 25
              25 5
              5 30
              ;
set F[150] := 7 6
              6 31
              ;
set F[151] := 7 8
              8 33
              ;
set F[152] := 7 6
              6 9
              9 34
              ;
set F[153] := 7 2
              2 4
              4 10
              10 35
              ;
set F[154] := 7 2
              2 11
              11 36
              ;
set F[155] := 7 2
              2 12
              12 37
              ;
set F[156] := 7 2
              2 3
              3 17
              17 13
              13 38
              ;
set F[157] := 7 2
              2 3
              3 14
              14 39
              ;
set F[158] := 7 2
              2 15
              15 40
              ;
set F[159] := 7 25
              25 16
              16 41
              ;
set F[160] := 7 2
              2 3
              3 17
              17 42
              ;
set F[161] := 7 25
              25 18
              18 43
              ;
set F[162] := 7 25
              25 19
              19 44
              ;
set F[163] := 7 25
              25 20
              20 45
              ;
set F[164] := 7 6
              6 21
              21 46
              ;
set F[165] := 7 2
              2 22
              22 47
              ;
set F[166] := 7 8
              8 23
              23 48
              ;
set F[167] := 7 25
              25 24
              24 49
              ;
set F[168] := 7 25
              25 50
              ;
set F[169] := 8 7
              7 2
              2 4
              4 1
              1 26
              ;
set F[170] := 8 7
              7 2
              2 27
              ;
set F[171] := 8 7
              7 2
              2 3
              3 28
              ;
set F[172] := 8 7
              7 2
              2 4
              4 29
              ;
set F[173] := 8 7
              7 25
              25 5
              5 30
              ;
set F[174] := 8 7
              7 6
              6 31
              ;
set F[175] := 8 7
              7 32
              ;
set F[176] := 8 7
              7 6
              6 9
              9 34
              ;
set F[177] := 8 7
              7 2
              2 4
              4 10
              10 35
              ;
set F[178] := 8 7
              7 2
              2 11
              11 36
              ;
set F[179] := 8 7
              7 2
              2 12
              12 37
              ;
set F[180] := 8 7
              7 2
              2 3
              3 17
              17 13
              13 38
              ;
set F[181] := 8 7
              7 2
              2 3
              3 14
              14 39
              ;
set F[182] := 8 7
              7 2
              2 15
              15 40
              ;
set F[183] := 8 7
              7 25
              25 16
              16 41
              ;
set F[184] := 8 7
              7 2
              2 3
              3 17
              17 42
              ;
set F[185] := 8 7
              7 25
              25 18
              18 43
              ;
set F[186] := 8 7
              7 25
              25 19
              19 44
              ;
set F[187] := 8 7
              7 25
              25 20
              20 45
              ;
set F[188] := 8 7
              7 6
              6 21
              21 46
              ;
set F[189] := 8 7
              7 2
              2 22
              22 47
              ;
set F[190] := 8 23
              23 48
              ;
set F[191] := 8 7
              7 25
              25 24
              24 49
              ;
set F[192] := 8 7
              7 25
              25 50
              ;
set F[193] := 9 6
              6 7
              7 2
              2 4
              4 1
              1 26
              ;
set F[194] := 9 6
              6 7
              7 2
              2 27
              ;
set F[195] := 9 6
              6 7
              7 2
              2 3
              3 28
              ;
set F[196] := 9 6
              6 7
              7 2
              2 4
              4 29
              ;
set F[197] := 9 6
              6 25
              25 5
              5 30
              ;
set F[198] := 9 6
              6 31
              ;
set F[199] := 9 6
              6 7
              7 32
              ;
set F[200] := 9 6
              6 7
              7 8
              8 33
              ;
set F[201] := 9 6
              6 7
              7 2
              2 4
              4 10
              10 35
              ;
set F[202] := 9 6
              6 7
              7 2
              2 11
              11 36
              ;
set F[203] := 9 6
              6 7
              7 2
              2 12
              12 37
              ;
set F[204] := 9 6
              6 7
              7 2
              2 3
              3 17
              17 13
              13 38
              ;
set F[205] := 9 6
              6 7
              7 2
              2 3
              3 14
              14 39
              ;
set F[206] := 9 6
              6 7
              7 2
              2 15
              15 40
              ;
set F[207] := 9 6
              6 25
              25 16
              16 41
              ;
set F[208] := 9 6
              6 7
              7 2
              2 3
              3 17
              17 42
              ;
set F[209] := 9 6
              6 25
              25 18
              18 43
              ;
set F[210] := 9 6
              6 25
              25 19
              19 44
              ;
set F[211] := 9 6
              6 25
              25 20
              20 45
              ;
set F[212] := 9 6
              6 21
              21 46
              ;
set F[213] := 9 6
              6 7
              7 2
              2 22
              22 47
              ;
set F[214] := 9 6
              6 7
              7 8
              8 23
              23 48
              ;
set F[215] := 9 6
              6 25
              25 24
              24 49
              ;
set F[216] := 9 6
              6 25
              25 50
              ;
set F[217] := 10 4
              4 1
              1 26
              ;
set F[218] := 10 4
              4 2
              2 27
              ;
set F[219] := 10 4
              4 3
              3 28
              ;
set F[220] := 10 4
              4 29
              ;
set F[221] := 10 4
              4 2
              2 7
              7 25
              25 5
              5 30
              ;
set F[222] := 10 4
              4 2
              2 7
              7 6
              6 31
              ;
set F[223] := 10 4
              4 2
              2 7
              7 32
              ;
set F[224] := 10 4
              4 2
              2 7
              7 8
              8 33
              ;
set F[225] := 10 4
              4 2
              2 7
              7 6
              6 9
              9 34
              ;
set F[226] := 10 4
              4 2
              2 11
              11 36
              ;
set F[227] := 10 4
              4 2
              2 12
              12 37
              ;
set F[228] := 10 4
              4 3
              3 17
              17 13
              13 38
              ;
set F[229] := 10 4
              4 3
              3 14
              14 39
              ;
set F[230] := 10 4
              4 2
              2 15
              15 40
              ;
set F[231] := 10 4
              4 2
              2 7
              7 25
              25 16
              16 41
              ;
set F[232] := 10 4
              4 3
              3 17
              17 42
              ;
set F[233] := 10 4
              4 2
              2 7
              7 25
              25 18
              18 43
              ;
set F[234] := 10 4
              4 2
              2 7
              7 25
              25 19
              19 44
              ;
set F[235] := 10 4
              4 2
              2 7
              7 25
              25 20
              20 45
              ;
set F[236] := 10 4
              4 2
              2 7
              7 6
              6 21
              21 46
              ;
set F[237] := 10 4
              4 2
              2 22
              22 47
              ;
set F[238] := 10 4
              4 2
              2 7
              7 8
              8 23
              23 48
              ;
set F[239] := 10 4
              4 2
              2 7
              7 25
              25 24
              24 49
              ;
set F[240] := 10 4
              4 2
              2 7
              7 25
              25 50
              ;
set F[241] := 11 2
              2 4
              4 1
              1 26
              ;
set F[242] := 11 2
              2 27
              ;
set F[243] := 11 2
              2 3
              3 28
              ;
set F[244] := 11 2
              2 4
              4 29
              ;
set F[245] := 11 2
              2 7
              7 25
              25 5
              5 30
              ;
set F[246] := 11 2
              2 7
              7 6
              6 31
              ;
set F[247] := 11 2
              2 7
              7 32
              ;
set F[248] := 11 2
              2 7
              7 8
              8 33
              ;
set F[249] := 11 2
              2 7
              7 6
              6 9
              9 34
              ;
set F[250] := 11 2
              2 4
              4 10
              10 35
              ;
set F[251] := 11 2
              2 12
              12 37
              ;
set F[252] := 11 2
              2 3
              3 17
              17 13
              13 38
              ;
set F[253] := 11 2
              2 3
              3 14
              14 39
              ;
set F[254] := 11 2
              2 15
              15 40
              ;
set F[255] := 11 2
              2 7
              7 25
              25 16
              16 41
              ;
set F[256] := 11 2
              2 3
              3 17
              17 42
              ;
set F[257] := 11 2
              2 7
              7 25
              25 18
              18 43
              ;
set F[258] := 11 2
              2 7
              7 25
              25 19
              19 44
              ;
set F[259] := 11 2
              2 7
              7 25
              25 20
              20 45
              ;
set F[260] := 11 2
              2 7
              7 6
              6 21
              21 46
              ;
set F[261] := 11 2
              2 22
              22 47
              ;
set F[262] := 11 2
              2 7
              7 8
              8 23
              23 48
              ;
set F[263] := 11 2
              2 7
              7 25
              25 24
              24 49
              ;
set F[264] := 11 2
              2 7
              7 25
              25 50
              ;
set F[265] := 12 2
              2 4
              4 1
              1 26
              ;
set F[266] := 12 2
              2 27
              ;
set F[267] := 12 2
              2 3
              3 28
              ;
set F[268] := 12 2
              2 4
              4 29
              ;
set F[269] := 12 2
              2 7
              7 25
              25 5
              5 30
              ;
set F[270] := 12 2
              2 7
              7 6
              6 31
              ;
set F[271] := 12 2
              2 7
              7 32
              ;
set F[272] := 12 2
              2 7
              7 8
              8 33
              ;
set F[273] := 12 2
              2 7
              7 6
              6 9
              9 34
              ;
set F[274] := 12 2
              2 4
              4 10
              10 35
              ;
set F[275] := 12 2
              2 11
              11 36
              ;
set F[276] := 12 2
              2 3
              3 17
              17 13
              13 38
              ;
set F[277] := 12 2
              2 3
              3 14
              14 39
              ;
set F[278] := 12 2
              2 15
              15 40
              ;
set F[279] := 12 2
              2 7
              7 25
              25 16
              16 41
              ;
set F[280] := 12 2
              2 3
              3 17
              17 42
              ;
set F[281] := 12 2
              2 7
              7 25
              25 18
              18 43
              ;
set F[282] := 12 2
              2 7
              7 25
              25 19
              19 44
              ;
set F[283] := 12 2
              2 7
              7 25
              25 20
              20 45
              ;
set F[284] := 12 2
              2 7
              7 6
              6 21
              21 46
              ;
set F[285] := 12 2
              2 22
              22 47
              ;
set F[286] := 12 2
              2 7
              7 8
              8 23
              23 48
              ;
set F[287] := 12 2
              2 7
              7 25
              25 24
              24 49
              ;
set F[288] := 12 2
              2 7
              7 25
              25 50
              ;
set F[289] := 13 17
              17 3
              3 4
              4 1
              1 26
              ;
set F[290] := 13 17
              17 3
              3 2
              2 27
              ;
set F[291] := 13 17
              17 3
              3 28
              ;
set F[292] := 13 17
              17 3
              3 4
              4 29
              ;
set F[293] := 13 17
              17 3
              3 2
              2 7
              7 25
              25 5
              5 30
              ;
set F[294] := 13 17
              17 3
              3 2
              2 7
              7 6
              6 31
              ;
set F[295] := 13 17
              17 3
              3 2
              2 7
              7 32
              ;
set F[296] := 13 17
              17 3
              3 2
              2 7
              7 8
              8 33
              ;
set F[297] := 13 17
              17 3
              3 2
              2 7
              7 6
              6 9
              9 34
              ;
set F[298] := 13 17
              17 3
              3 4
              4 10
              10 35
              ;
set F[299] := 13 17
              17 3
              3 2
              2 11
              11 36
              ;
set F[300] := 13 17
              17 3
              3 2
              2 12
              12 37
              ;
set F[301] := 13 17
              17 3
              3 14
              14 39
              ;
set F[302] := 13 17
              17 3
              3 2
              2 15
              15 40
              ;
set F[303] := 13 17
              17 3
              3 2
              2 7
              7 25
              25 16
              16 41
              ;
set F[304] := 13 17
              17 42
              ;
set F[305] := 13 17
              17 3
              3 2
              2 7
              7 25
              25 18
              18 43
              ;
set F[306] := 13 17
              17 3
              3 2
              2 7
              7 25
              25 19
              19 44
              ;
set F[307] := 13 17
              17 3
              3 2
              2 7
              7 25
              25 20
              20 45
              ;
set F[308] := 13 17
              17 3
              3 2
              2 7
              7 6
              6 21
              21 46
              ;
set F[309] := 13 17
              17 3
              3 2
              2 22
              22 47
              ;
set F[310] := 13 17
              17 3
              3 2
              2 7
              7 8
              8 23
              23 48
              ;
set F[311] := 13 17
              17 3
              3 2
              2 7
              7 25
              25 24
              24 49
              ;
set F[312] := 13 17
              17 3
              3 2
              2 7
              7 25
              25 50
              ;
set F[313] := 14 3
              3 4
              4 1
              1 26
              ;
set F[314] := 14 3
              3 2
              2 27
              ;
set F[315] := 14 3
              3 28
              ;
set F[316] := 14 3
              3 4
              4 29
              ;
set F[317] := 14 3
              3 2
              2 7
              7 25
              25 5
              5 30
              ;
set F[318] := 14 3
              3 2
              2 7
              7 6
              6 31
              ;
set F[319] := 14 3
              3 2
              2 7
              7 32
              ;
set F[320] := 14 3
              3 2
              2 7
              7 8
              8 33
              ;
set F[321] := 14 3
              3 2
              2 7
              7 6
              6 9
              9 34
              ;
set F[322] := 14 3
              3 4
              4 10
              10 35
              ;
set F[323] := 14 3
              3 2
              2 11
              11 36
              ;
set F[324] := 14 3
              3 2
              2 12
              12 37
              ;
set F[325] := 14 3
              3 17
              17 13
              13 38
              ;
set F[326] := 14 3
              3 2
              2 15
              15 40
              ;
set F[327] := 14 3
              3 2
              2 7
              7 25
              25 16
              16 41
              ;
set F[328] := 14 3
              3 17
              17 42
              ;
set F[329] := 14 3
              3 2
              2 7
              7 25
              25 18
              18 43
              ;
set F[330] := 14 3
              3 2
              2 7
              7 25
              25 19
              19 44
              ;
set F[331] := 14 3
              3 2
              2 7
              7 25
              25 20
              20 45
              ;
set F[332] := 14 3
              3 2
              2 7
              7 6
              6 21
              21 46
              ;
set F[333] := 14 3
              3 2
              2 22
              22 47
              ;
set F[334] := 14 3
              3 2
              2 7
              7 8
              8 23
              23 48
              ;
set F[335] := 14 3
              3 2
              2 7
              7 25
              25 24
              24 49
              ;
set F[336] := 14 3
              3 2
              2 7
              7 25
              25 50
              ;
set F[337] := 15 2
              2 4
              4 1
              1 26
              ;
set F[338] := 15 2
              2 27
              ;
set F[339] := 15 2
              2 3
              3 28
              ;
set F[340] := 15 2
              2 4
              4 29
              ;
set F[341] := 15 2
              2 7
              7 25
              25 5
              5 30
              ;
set F[342] := 15 2
              2 7
              7 6
              6 31
              ;
set F[343] := 15 2
              2 7
              7 32
              ;
set F[344] := 15 2
              2 7
              7 8
              8 33
              ;
set F[345] := 15 2
              2 7
              7 6
              6 9
              9 34
              ;
set F[346] := 15 2
              2 4
              4 10
              10 35
              ;
set F[347] := 15 2
              2 11
              11 36
              ;
set F[348] := 15 2
              2 12
              12 37
              ;
set F[349] := 15 2
              2 3
              3 17
              17 13
              13 38
              ;
set F[350] := 15 2
              2 3
              3 14
              14 39
              ;
set F[351] := 15 2
              2 7
              7 25
              25 16
              16 41
              ;
set F[352] := 15 2
              2 3
              3 17
              17 42
              ;
set F[353] := 15 2
              2 7
              7 25
              25 18
              18 43
              ;
set F[354] := 15 2
              2 7
              7 25
              25 19
              19 44
              ;
set F[355] := 15 2
              2 7
              7 25
              25 20
              20 45
              ;
set F[356] := 15 2
              2 7
              7 6
              6 21
              21 46
              ;
set F[357] := 15 2
              2 22
              22 47
              ;
set F[358] := 15 2
              2 7
              7 8
              8 23
              23 48
              ;
set F[359] := 15 2
              2 7
              7 25
              25 24
              24 49
              ;
set F[360] := 15 2
              2 7
              7 25
              25 50
              ;
set F[361] := 16 25
              25 7
              7 2
              2 4
              4 1
              1 26
              ;
set F[362] := 16 25
              25 7
              7 2
              2 27
              ;
set F[363] := 16 25
              25 7
              7 2
              2 3
              3 28
              ;
set F[364] := 16 25
              25 7
              7 2
              2 4
              4 29
              ;
set F[365] := 16 25
              25 5
              5 30
              ;
set F[366] := 16 25
              25 6
              6 31
              ;
set F[367] := 16 25
              25 7
              7 32
              ;
set F[368] := 16 25
              25 7
              7 8
              8 33
              ;
set F[369] := 16 25
              25 6
              6 9
              9 34
              ;
set F[370] := 16 25
              25 7
              7 2
              2 4
              4 10
              10 35
              ;
set F[371] := 16 25
              25 7
              7 2
              2 11
              11 36
              ;
set F[372] := 16 25
              25 7
              7 2
              2 12
              12 37
              ;
set F[373] := 16 25
              25 7
              7 2
              2 3
              3 17
              17 13
              13 38
              ;
set F[374] := 16 25
              25 7
              7 2
              2 3
              3 14
              14 39
              ;
set F[375] := 16 25
              25 7
              7 2
              2 15
              15 40
              ;
set F[376] := 16 25
              25 7
              7 2
              2 3
              3 17
              17 42
              ;
set F[377] := 16 25
              25 18
              18 43
              ;
set F[378] := 16 25
              25 19
              19 44
              ;
set F[379] := 16 25
              25 20
              20 45
              ;
set F[380] := 16 25
              25 6
              6 21
              21 46
              ;
set F[381] := 16 25
              25 7
              7 2
              2 22
              22 47
              ;
set F[382] := 16 25
              25 7
              7 8
              8 23
              23 48
              ;
set F[383] := 16 25
              25 24
              24 49
              ;
set F[384] := 16 25
              25 50
              ;
set F[385] := 17 3
              3 4
              4 1
              1 26
              ;
set F[386] := 17 3
              3 2
              2 27
              ;
set F[387] := 17 3
              3 28
              ;
set F[388] := 17 3
              3 4
              4 29
              ;
set F[389] := 17 3
              3 2
              2 7
              7 25
              25 5
              5 30
              ;
set F[390] := 17 3
              3 2
              2 7
              7 6
              6 31
              ;
set F[391] := 17 3
              3 2
              2 7
              7 32
              ;
set F[392] := 17 3
              3 2
              2 7
              7 8
              8 33
              ;
set F[393] := 17 3
              3 2
              2 7
              7 6
              6 9
              9 34
              ;
set F[394] := 17 3
              3 4
              4 10
              10 35
              ;
set F[395] := 17 3
              3 2
              2 11
              11 36
              ;
set F[396] := 17 3
              3 2
              2 12
              12 37
              ;
set F[397] := 17 13
              13 38
              ;
set F[398] := 17 3
              3 14
              14 39
              ;
set F[399] := 17 3
              3 2
              2 15
              15 40
              ;
set F[400] := 17 3
              3 2
              2 7
              7 25
              25 16
              16 41
              ;
set F[401] := 17 3
              3 2
              2 7
              7 25
              25 18
              18 43
              ;
set F[402] := 17 3
              3 2
              2 7
              7 25
              25 19
              19 44
              ;
set F[403] := 17 3
              3 2
              2 7
              7 25
              25 20
              20 45
              ;
set F[404] := 17 3
              3 2
              2 7
              7 6
              6 21
              21 46
              ;
set F[405] := 17 3
              3 2
              2 22
              22 47
              ;
set F[406] := 17 3
              3 2
              2 7
              7 8
              8 23
              23 48
              ;
set F[407] := 17 3
              3 2
              2 7
              7 25
              25 24
              24 49
              ;
set F[408] := 17 3
              3 2
              2 7
              7 25
              25 50
              ;
set F[409] := 18 25
              25 7
              7 2
              2 4
              4 1
              1 26
              ;
set F[410] := 18 25
              25 7
              7 2
              2 27
              ;
set F[411] := 18 25
              25 7
              7 2
              2 3
              3 28
              ;
set F[412] := 18 25
              25 7
              7 2
              2 4
              4 29
              ;
set F[413] := 18 25
              25 5
              5 30
              ;
set F[414] := 18 25
              25 6
              6 31
              ;
set F[415] := 18 25
              25 7
              7 32
              ;
set F[416] := 18 25
              25 7
              7 8
              8 33
              ;
set F[417] := 18 25
              25 6
              6 9
              9 34
              ;
set F[418] := 18 25
              25 7
              7 2
              2 4
              4 10
              10 35
              ;
set F[419] := 18 25
              25 7
              7 2
              2 11
              11 36
              ;
set F[420] := 18 25
              25 7
              7 2
              2 12
              12 37
              ;
set F[421] := 18 25
              25 7
              7 2
              2 3
              3 17
              17 13
              13 38
              ;
set F[422] := 18 25
              25 7
              7 2
              2 3
              3 14
              14 39
              ;
set F[423] := 18 25
              25 7
              7 2
              2 15
              15 40
              ;
set F[424] := 18 25
              25 16
              16 41
              ;
set F[425] := 18 25
              25 7
              7 2
              2 3
              3 17
              17 42
              ;
set F[426] := 18 25
              25 19
              19 44
              ;
set F[427] := 18 25
              25 20
              20 45
              ;
set F[428] := 18 25
              25 6
              6 21
              21 46
              ;
set F[429] := 18 25
              25 7
              7 2
              2 22
              22 47
              ;
set F[430] := 18 25
              25 7
              7 8
              8 23
              23 48
              ;
set F[431] := 18 25
              25 24
              24 49
              ;
set F[432] := 18 25
              25 50
              ;
set F[433] := 19 25
              25 7
              7 2
              2 4
              4 1
              1 26
              ;
set F[434] := 19 25
              25 7
              7 2
              2 27
              ;
set F[435] := 19 25
              25 7
              7 2
              2 3
              3 28
              ;
set F[436] := 19 25
              25 7
              7 2
              2 4
              4 29
              ;
set F[437] := 19 25
              25 5
              5 30
              ;
set F[438] := 19 25
              25 6
              6 31
              ;
set F[439] := 19 25
              25 7
              7 32
              ;
set F[440] := 19 25
              25 7
              7 8
              8 33
              ;
set F[441] := 19 25
              25 6
              6 9
              9 34
              ;
set F[442] := 19 25
              25 7
              7 2
              2 4
              4 10
              10 35
              ;
set F[443] := 19 25
              25 7
              7 2
              2 11
              11 36
              ;
set F[444] := 19 25
              25 7
              7 2
              2 12
              12 37
              ;
set F[445] := 19 25
              25 7
              7 2
              2 3
              3 17
              17 13
              13 38
              ;
set F[446] := 19 25
              25 7
              7 2
              2 3
              3 14
              14 39
              ;
set F[447] := 19 25
              25 7
              7 2
              2 15
              15 40
              ;
set F[448] := 19 25
              25 16
              16 41
              ;
set F[449] := 19 25
              25 7
              7 2
              2 3
              3 17
              17 42
              ;
set F[450] := 19 25
              25 18
              18 43
              ;
set F[451] := 19 25
              25 20
              20 45
              ;
set F[452] := 19 25
              25 6
              6 21
              21 46
              ;
set F[453] := 19 25
              25 7
              7 2
              2 22
              22 47
              ;
set F[454] := 19 25
              25 7
              7 8
              8 23
              23 48
              ;
set F[455] := 19 25
              25 24
              24 49
              ;
set F[456] := 19 25
              25 50
              ;
set F[457] := 20 25
              25 7
              7 2
              2 4
              4 1
              1 26
              ;
set F[458] := 20 25
              25 7
              7 2
              2 27
              ;
set F[459] := 20 25
              25 7
              7 2
              2 3
              3 28
              ;
set F[460] := 20 25
              25 7
              7 2
              2 4
              4 29
              ;
set F[461] := 20 25
              25 5
              5 30
              ;
set F[462] := 20 25
              25 6
              6 31
              ;
set F[463] := 20 25
              25 7
              7 32
              ;
set F[464] := 20 25
              25 7
              7 8
              8 33
              ;
set F[465] := 20 25
              25 6
              6 9
              9 34
              ;
set F[466] := 20 25
              25 7
              7 2
              2 4
              4 10
              10 35
              ;
set F[467] := 20 25
              25 7
              7 2
              2 11
              11 36
              ;
set F[468] := 20 25
              25 7
              7 2
              2 12
              12 37
              ;
set F[469] := 20 25
              25 7
              7 2
              2 3
              3 17
              17 13
              13 38
              ;
set F[470] := 20 25
              25 7
              7 2
              2 3
              3 14
              14 39
              ;
set F[471] := 20 25
              25 7
              7 2
              2 15
              15 40
              ;
set F[472] := 20 25
              25 16
              16 41
              ;
set F[473] := 20 25
              25 7
              7 2
              2 3
              3 17
              17 42
              ;
set F[474] := 20 25
              25 18
              18 43
              ;
set F[475] := 20 25
              25 19
              19 44
              ;
set F[476] := 20 25
              25 6
              6 21
              21 46
              ;
set F[477] := 20 25
              25 7
              7 2
              2 22
              22 47
              ;
set F[478] := 20 25
              25 7
              7 8
              8 23
              23 48
              ;
set F[479] := 20 25
              25 24
              24 49
              ;
set F[480] := 20 25
              25 50
              ;
set F[481] := 21 6
              6 7
              7 2
              2 4
              4 1
              1 26
              ;
set F[482] := 21 6
              6 7
              7 2
              2 27
              ;
set F[483] := 21 6
              6 7
              7 2
              2 3
              3 28
              ;
set F[484] := 21 6
              6 7
              7 2
              2 4
              4 29
              ;
set F[485] := 21 6
              6 25
              25 5
              5 30
              ;
set F[486] := 21 6
              6 31
              ;
set F[487] := 21 6
              6 7
              7 32
              ;
set F[488] := 21 6
              6 7
              7 8
              8 33
              ;
set F[489] := 21 6
              6 9
              9 34
              ;
set F[490] := 21 6
              6 7
              7 2
              2 4
              4 10
              10 35
              ;
set F[491] := 21 6
              6 7
              7 2
              2 11
              11 36
              ;
set F[492] := 21 6
              6 7
              7 2
              2 12
              12 37
              ;
set F[493] := 21 6
              6 7
              7 2
              2 3
              3 17
              17 13
              13 38
              ;
set F[494] := 21 6
              6 7
              7 2
              2 3
              3 14
              14 39
              ;
set F[495] := 21 6
              6 7
              7 2
              2 15
              15 40
              ;
set F[496] := 21 6
              6 25
              25 16
              16 41
              ;
set F[497] := 21 6
              6 7
              7 2
              2 3
              3 17
              17 42
              ;
set F[498] := 21 6
              6 25
              25 18
              18 43
              ;
set F[499] := 21 6
              6 25
              25 19
              19 44
              ;
set F[500] := 21 6
              6 25
              25 20
              20 45
              ;
set F[501] := 21 6
              6 7
              7 2
              2 22
              22 47
              ;
set F[502] := 21 6
              6 7
              7 8
              8 23
              23 48
              ;
set F[503] := 21 6
              6 25
              25 24
              24 49
              ;
set F[504] := 21 6
              6 25
              25 50
              ;
set F[505] := 22 2
              2 4
              4 1
              1 26
              ;
set F[506] := 22 2
              2 27
              ;
set F[507] := 22 2
              2 3
              3 28
              ;
set F[508] := 22 2
              2 4
              4 29
              ;
set F[509] := 22 2
              2 7
              7 25
              25 5
              5 30
              ;
set F[510] := 22 2
              2 7
              7 6
              6 31
              ;
set F[511] := 22 2
              2 7
              7 32
              ;
set F[512] := 22 2
              2 7
              7 8
              8 33
              ;
set F[513] := 22 2
              2 7
              7 6
              6 9
              9 34
              ;
set F[514] := 22 2
              2 4
              4 10
              10 35
              ;
set F[515] := 22 2
              2 11
              11 36
              ;
set F[516] := 22 2
              2 12
              12 37
              ;
set F[517] := 22 2
              2 3
              3 17
              17 13
              13 38
              ;
set F[518] := 22 2
              2 3
              3 14
              14 39
              ;
set F[519] := 22 2
              2 15
              15 40
              ;
set F[520] := 22 2
              2 7
              7 25
              25 16
              16 41
              ;
set F[521] := 22 2
              2 3
              3 17
              17 42
              ;
set F[522] := 22 2
              2 7
              7 25
              25 18
              18 43
              ;
set F[523] := 22 2
              2 7
              7 25
              25 19
              19 44
              ;
set F[524] := 22 2
              2 7
              7 25
              25 20
              20 45
              ;
set F[525] := 22 2
              2 7
              7 6
              6 21
              21 46
              ;
set F[526] := 22 2
              2 7
              7 8
              8 23
              23 48
              ;
set F[527] := 22 2
              2 7
              7 25
              25 24
              24 49
              ;
set F[528] := 22 2
              2 7
              7 25
              25 50
              ;
set F[529] := 23 8
              8 7
              7 2
              2 4
              4 1
              1 26
              ;
set F[530] := 23 8
              8 7
              7 2
              2 27
              ;
set F[531] := 23 8
              8 7
              7 2
              2 3
              3 28
              ;
set F[532] := 23 8
              8 7
              7 2
              2 4
              4 29
              ;
set F[533] := 23 8
              8 7
              7 25
              25 5
              5 30
              ;
set F[534] := 23 8
              8 7
              7 6
              6 31
              ;
set F[535] := 23 8
              8 7
              7 32
              ;
set F[536] := 23 8
              8 33
              ;
set F[537] := 23 8
              8 7
              7 6
              6 9
              9 34
              ;
set F[538] := 23 8
              8 7
              7 2
              2 4
              4 10
              10 35
              ;
set F[539] := 23 8
              8 7
              7 2
              2 11
              11 36
              ;
set F[540] := 23 8
              8 7
              7 2
              2 12
              12 37
              ;
set F[541] := 23 8
              8 7
              7 2
              2 3
              3 17
              17 13
              13 38
              ;
set F[542] := 23 8
              8 7
              7 2
              2 3
              3 14
              14 39
              ;
set F[543] := 23 8
              8 7
              7 2
              2 15
              15 40
              ;
set F[544] := 23 8
              8 7
              7 25
              25 16
              16 41
              ;
set F[545] := 23 8
              8 7
              7 2
              2 3
              3 17
              17 42
              ;
set F[546] := 23 8
              8 7
              7 25
              25 18
              18 43
              ;
set F[547] := 23 8
              8 7
              7 25
              25 19
              19 44
              ;
set F[548] := 23 8
              8 7
              7 25
              25 20
              20 45
              ;
set F[549] := 23 8
              8 7
              7 6
              6 21
              21 46
              ;
set F[550] := 23 8
              8 7
              7 2
              2 22
              22 47
              ;
set F[551] := 23 8
              8 7
              7 25
              25 24
              24 49
              ;
set F[552] := 23 8
              8 7
              7 25
              25 50
              ;
set F[553] := 24 25
              25 7
              7 2
              2 4
              4 1
              1 26
              ;
set F[554] := 24 25
              25 7
              7 2
              2 27
              ;
set F[555] := 24 25
              25 7
              7 2
              2 3
              3 28
              ;
set F[556] := 24 25
              25 7
              7 2
              2 4
              4 29
              ;
set F[557] := 24 25
              25 5
              5 30
              ;
set F[558] := 24 25
              25 6
              6 31
              ;
set F[559] := 24 25
              25 7
              7 32
              ;
set F[560] := 24 25
              25 7
              7 8
              8 33
              ;
set F[561] := 24 25
              25 6
              6 9
              9 34
              ;
set F[562] := 24 25
              25 7
              7 2
              2 4
              4 10
              10 35
              ;
set F[563] := 24 25
              25 7
              7 2
              2 11
              11 36
              ;
set F[564] := 24 25
              25 7
              7 2
              2 12
              12 37
              ;
set F[565] := 24 25
              25 7
              7 2
              2 3
              3 17
              17 13
              13 38
              ;
set F[566] := 24 25
              25 7
              7 2
              2 3
              3 14
              14 39
              ;
set F[567] := 24 25
              25 7
              7 2
              2 15
              15 40
              ;
set F[568] := 24 25
              25 16
              16 41
              ;
set F[569] := 24 25
              25 7
              7 2
              2 3
              3 17
              17 42
              ;
set F[570] := 24 25
              25 18
              18 43
              ;
set F[571] := 24 25
              25 19
              19 44
              ;
set F[572] := 24 25
              25 20
              20 45
              ;
set F[573] := 24 25
              25 6
              6 21
              21 46
              ;
set F[574] := 24 25
              25 7
              7 2
              2 22
              22 47
              ;
set F[575] := 24 25
              25 7
              7 8
              8 23
              23 48
              ;
set F[576] := 24 25
              25 50
              ;
set F[577] := 25 7
              7 2
              2 4
              4 1
              1 26
              ;
set F[578] := 25 7
              7 2
              2 27
              ;
set F[579] := 25 7
              7 2
              2 3
              3 28
              ;
set F[580] := 25 7
              7 2
              2 4
              4 29
              ;
set F[581] := 25 5
              5 30
              ;
set F[582] := 25 6
              6 31
              ;
set F[583] := 25 7
              7 32
              ;
set F[584] := 25 7
              7 8
              8 33
              ;
set F[585] := 25 6
              6 9
              9 34
              ;
set F[586] := 25 7
              7 2
              2 4
              4 10
              10 35
              ;
set F[587] := 25 7
              7 2
              2 11
              11 36
              ;
set F[588] := 25 7
              7 2
              2 12
              12 37
              ;
set F[589] := 25 7
              7 2
              2 3
              3 17
              17 13
              13 38
              ;
set F[590] := 25 7
              7 2
              2 3
              3 14
              14 39
              ;
set F[591] := 25 7
              7 2
              2 15
              15 40
              ;
set F[592] := 25 16
              16 41
              ;
set F[593] := 25 7
              7 2
              2 3
              3 17
              17 42
              ;
set F[594] := 25 18
              18 43
              ;
set F[595] := 25 19
              19 44
              ;
set F[596] := 25 20
              20 45
              ;
set F[597] := 25 6
              6 21
              21 46
              ;
set F[598] := 25 7
              7 2
              2 22
              22 47
              ;
set F[599] := 25 7
              7 8
              8 23
              23 48
              ;
set F[600] := 25 24
              24 49
              ;
set Last[1] := 2 27;
set Last[2] := 3 28;
set Last[3] := 4 29;
set Last[4] := 5 30;
set Last[5] := 6 31;
set Last[6] := 7 32;
set Last[7] := 8 33;
set Last[8] := 9 34;
set Last[9] := 10 35;
set Last[10] := 11 36;
set Last[11] := 12 37;
set Last[12] := 13 38;
set Last[13] := 14 39;
set Last[14] := 15 40;
set Last[15] := 16 41;
set Last[16] := 17 42;
set Last[17] := 18 43;
set Last[18] := 19 44;
set Last[19] := 20 45;
set Last[20] := 21 46;
set Last[21] := 22 47;
set Last[22] := 23 48;
set Last[23] := 24 49;
set Last[24] := 25 50;
set Last[25] := 1 26;
set Last[26] := 3 28;
set Last[27] := 4 29;
set Last[28] := 5 30;
set Last[29] := 6 31;
set Last[30] := 7 32;
set Last[31] := 8 33;
set Last[32] := 9 34;
set Last[33] := 10 35;
set Last[34] := 11 36;
set Last[35] := 12 37;
set Last[36] := 13 38;
set Last[37] := 14 39;
set Last[38] := 15 40;
set Last[39] := 16 41;
set Last[40] := 17 42;
set Last[41] := 18 43;
set Last[42] := 19 44;
set Last[43] := 20 45;
set Last[44] := 21 46;
set Last[45] := 22 47;
set Last[46] := 23 48;
set Last[47] := 24 49;
set Last[48] := 25 50;
set Last[49] := 1 26;
set Last[50] := 2 27;
set Last[51] := 4 29;
set Last[52] := 5 30;
set Last[53] := 6 31;
set Last[54] := 7 32;
set Last[55] := 8 33;
set Last[56] := 9 34;
set Last[57] := 10 35;
set Last[58] := 11 36;
set Last[59] := 12 37;
set Last[60] := 13 38;
set Last[61] := 14 39;
set Last[62] := 15 40;
set Last[63] := 16 41;
set Last[64] := 17 42;
set Last[65] := 18 43;
set Last[66] := 19 44;
set Last[67] := 20 45;
set Last[68] := 21 46;
set Last[69] := 22 47;
set Last[70] := 23 48;
set Last[71] := 24 49;
set Last[72] := 25 50;
set Last[73] := 1 26;
set Last[74] := 2 27;
set Last[75] := 3 28;
set Last[76] := 5 30;
set Last[77] := 6 31;
set Last[78] := 7 32;
set Last[79] := 8 33;
set Last[80] := 9 34;
set Last[81] := 10 35;
set Last[82] := 11 36;
set Last[83] := 12 37;
set Last[84] := 13 38;
set Last[85] := 14 39;
set Last[86] := 15 40;
set Last[87] := 16 41;
set Last[88] := 17 42;
set Last[89] := 18 43;
set Last[90] := 19 44;
set Last[91] := 20 45;
set Last[92] := 21 46;
set Last[93] := 22 47;
set Last[94] := 23 48;
set Last[95] := 24 49;
set Last[96] := 25 50;
set Last[97] := 1 26;
set Last[98] := 2 27;
set Last[99] := 3 28;
set Last[100] := 4 29;
set Last[101] := 6 31;
set Last[102] := 7 32;
set Last[103] := 8 33;
set Last[104] := 9 34;
set Last[105] := 10 35;
set Last[106] := 11 36;
set Last[107] := 12 37;
set Last[108] := 13 38;
set Last[109] := 14 39;
set Last[110] := 15 40;
set Last[111] := 16 41;
set Last[112] := 17 42;
set Last[113] := 18 43;
set Last[114] := 19 44;
set Last[115] := 20 45;
set Last[116] := 21 46;
set Last[117] := 22 47;
set Last[118] := 23 48;
set Last[119] := 24 49;
set Last[120] := 25 50;
set Last[121] := 1 26;
set Last[122] := 2 27;
set Last[123] := 3 28;
set Last[124] := 4 29;
set Last[125] := 5 30;
set Last[126] := 7 32;
set Last[127] := 8 33;
set Last[128] := 9 34;
set Last[129] := 10 35;
set Last[130] := 11 36;
set Last[131] := 12 37;
set Last[132] := 13 38;
set Last[133] := 14 39;
set Last[134] := 15 40;
set Last[135] := 16 41;
set Last[136] := 17 42;
set Last[137] := 18 43;
set Last[138] := 19 44;
set Last[139] := 20 45;
set Last[140] := 21 46;
set Last[141] := 22 47;
set Last[142] := 23 48;
set Last[143] := 24 49;
set Last[144] := 25 50;
set Last[145] := 1 26;
set Last[146] := 2 27;
set Last[147] := 3 28;
set Last[148] := 4 29;
set Last[149] := 5 30;
set Last[150] := 6 31;
set Last[151] := 8 33;
set Last[152] := 9 34;
set Last[153] := 10 35;
set Last[154] := 11 36;
set Last[155] := 12 37;
set Last[156] := 13 38;
set Last[157] := 14 39;
set Last[158] := 15 40;
set Last[159] := 16 41;
set Last[160] := 17 42;
set Last[161] := 18 43;
set Last[162] := 19 44;
set Last[163] := 20 45;
set Last[164] := 21 46;
set Last[165] := 22 47;
set Last[166] := 23 48;
set Last[167] := 24 49;
set Last[168] := 25 50;
set Last[169] := 1 26;
set Last[170] := 2 27;
set Last[171] := 3 28;
set Last[172] := 4 29;
set Last[173] := 5 30;
set Last[174] := 6 31;
set Last[175] := 7 32;
set Last[176] := 9 34;
set Last[177] := 10 35;
set Last[178] := 11 36;
set Last[179] := 12 37;
set Last[180] := 13 38;
set Last[181] := 14 39;
set Last[182] := 15 40;
set Last[183] := 16 41;
set Last[184] := 17 42;
set Last[185] := 18 43;
set Last[186] := 19 44;
set Last[187] := 20 45;
set Last[188] := 21 46;
set Last[189] := 22 47;
set Last[190] := 23 48;
set Last[191] := 24 49;
set Last[192] := 25 50;
set Last[193] := 1 26;
set Last[194] := 2 27;
set Last[195] := 3 28;
set Last[196] := 4 29;
set Last[197] := 5 30;
set Last[198] := 6 31;
set Last[199] := 7 32;
set Last[200] := 8 33;
set Last[201] := 10 35;
set Last[202] := 11 36;
set Last[203] := 12 37;
set Last[204] := 13 38;
set Last[205] := 14 39;
set Last[206] := 15 40;
set Last[207] := 16 41;
set Last[208] := 17 42;
set Last[209] := 18 43;
set Last[210] := 19 44;
set Last[211] := 20 45;
set Last[212] := 21 46;
set Last[213] := 22 47;
set Last[214] := 23 48;
set Last[215] := 24 49;
set Last[216] := 25 50;
set Last[217] := 1 26;
set Last[218] := 2 27;
set Last[219] := 3 28;
set Last[220] := 4 29;
set Last[221] := 5 30;
set Last[222] := 6 31;
set Last[223] := 7 32;
set Last[224] := 8 33;
set Last[225] := 9 34;
set Last[226] := 11 36;
set Last[227] := 12 37;
set Last[228] := 13 38;
set Last[229] := 14 39;
set Last[230] := 15 40;
set Last[231] := 16 41;
set Last[232] := 17 42;
set Last[233] := 18 43;
set Last[234] := 19 44;
set Last[235] := 20 45;
set Last[236] := 21 46;
set Last[237] := 22 47;
set Last[238] := 23 48;
set Last[239] := 24 49;
set Last[240] := 25 50;
set Last[241] := 1 26;
set Last[242] := 2 27;
set Last[243] := 3 28;
set Last[244] := 4 29;
set Last[245] := 5 30;
set Last[246] := 6 31;
set Last[247] := 7 32;
set Last[248] := 8 33;
set Last[249] := 9 34;
set Last[250] := 10 35;
set Last[251] := 12 37;
set Last[252] := 13 38;
set Last[253] := 14 39;
set Last[254] := 15 40;
set Last[255] := 16 41;
set Last[256] := 17 42;
set Last[257] := 18 43;
set Last[258] := 19 44;
set Last[259] := 20 45;
set Last[260] := 21 46;
set Last[261] := 22 47;
set Last[262] := 23 48;
set Last[263] := 24 49;
set Last[264] := 25 50;
set Last[265] := 1 26;
set Last[266] := 2 27;
set Last[267] := 3 28;
set Last[268] := 4 29;
set Last[269] := 5 30;
set Last[270] := 6 31;
set Last[271] := 7 32;
set Last[272] := 8 33;
set Last[273] := 9 34;
set Last[274] := 10 35;
set Last[275] := 11 36;
set Last[276] := 13 38;
set Last[277] := 14 39;
set Last[278] := 15 40;
set Last[279] := 16 41;
set Last[280] := 17 42;
set Last[281] := 18 43;
set Last[282] := 19 44;
set Last[283] := 20 45;
set Last[284] := 21 46;
set Last[285] := 22 47;
set Last[286] := 23 48;
set Last[287] := 24 49;
set Last[288] := 25 50;
set Last[289] := 1 26;
set Last[290] := 2 27;
set Last[291] := 3 28;
set Last[292] := 4 29;
set Last[293] := 5 30;
set Last[294] := 6 31;
set Last[295] := 7 32;
set Last[296] := 8 33;
set Last[297] := 9 34;
set Last[298] := 10 35;
set Last[299] := 11 36;
set Last[300] := 12 37;
set Last[301] := 14 39;
set Last[302] := 15 40;
set Last[303] := 16 41;
set Last[304] := 17 42;
set Last[305] := 18 43;
set Last[306] := 19 44;
set Last[307] := 20 45;
set Last[308] := 21 46;
set Last[309] := 22 47;
set Last[310] := 23 48;
set Last[311] := 24 49;
set Last[312] := 25 50;
set Last[313] := 1 26;
set Last[314] := 2 27;
set Last[315] := 3 28;
set Last[316] := 4 29;
set Last[317] := 5 30;
set Last[318] := 6 31;
set Last[319] := 7 32;
set Last[320] := 8 33;
set Last[321] := 9 34;
set Last[322] := 10 35;
set Last[323] := 11 36;
set Last[324] := 12 37;
set Last[325] := 13 38;
set Last[326] := 15 40;
set Last[327] := 16 41;
set Last[328] := 17 42;
set Last[329] := 18 43;
set Last[330] := 19 44;
set Last[331] := 20 45;
set Last[332] := 21 46;
set Last[333] := 22 47;
set Last[334] := 23 48;
set Last[335] := 24 49;
set Last[336] := 25 50;
set Last[337] := 1 26;
set Last[338] := 2 27;
set Last[339] := 3 28;
set Last[340] := 4 29;
set Last[341] := 5 30;
set Last[342] := 6 31;
set Last[343] := 7 32;
set Last[344] := 8 33;
set Last[345] := 9 34;
set Last[346] := 10 35;
set Last[347] := 11 36;
set Last[348] := 12 37;
set Last[349] := 13 38;
set Last[350] := 14 39;
set Last[351] := 16 41;
set Last[352] := 17 42;
set Last[353] := 18 43;
set Last[354] := 19 44;
set Last[355] := 20 45;
set Last[356] := 21 46;
set Last[357] := 22 47;
set Last[358] := 23 48;
set Last[359] := 24 49;
set Last[360] := 25 50;
set Last[361] := 1 26;
set Last[362] := 2 27;
set Last[363] := 3 28;
set Last[364] := 4 29;
set Last[365] := 5 30;
set Last[366] := 6 31;
set Last[367] := 7 32;
set Last[368] := 8 33;
set Last[369] := 9 34;
set Last[370] := 10 35;
set Last[371] := 11 36;
set Last[372] := 12 37;
set Last[373] := 13 38;
set Last[374] := 14 39;
set Last[375] := 15 40;
set Last[376] := 17 42;
set Last[377] := 18 43;
set Last[378] := 19 44;
set Last[379] := 20 45;
set Last[380] := 21 46;
set Last[381] := 22 47;
set Last[382] := 23 48;
set Last[383] := 24 49;
set Last[384] := 25 50;
set Last[385] := 1 26;
set Last[386] := 2 27;
set Last[387] := 3 28;
set Last[388] := 4 29;
set Last[389] := 5 30;
set Last[390] := 6 31;
set Last[391] := 7 32;
set Last[392] := 8 33;
set Last[393] := 9 34;
set Last[394] := 10 35;
set Last[395] := 11 36;
set Last[396] := 12 37;
set Last[397] := 13 38;
set Last[398] := 14 39;
set Last[399] := 15 40;
set Last[400] := 16 41;
set Last[401] := 18 43;
set Last[402] := 19 44;
set Last[403] := 20 45;
set Last[404] := 21 46;
set Last[405] := 22 47;
set Last[406] := 23 48;
set Last[407] := 24 49;
set Last[408] := 25 50;
set Last[409] := 1 26;
set Last[410] := 2 27;
set Last[411] := 3 28;
set Last[412] := 4 29;
set Last[413] := 5 30;
set Last[414] := 6 31;
set Last[415] := 7 32;
set Last[416] := 8 33;
set Last[417] := 9 34;
set Last[418] := 10 35;
set Last[419] := 11 36;
set Last[420] := 12 37;
set Last[421] := 13 38;
set Last[422] := 14 39;
set Last[423] := 15 40;
set Last[424] := 16 41;
set Last[425] := 17 42;
set Last[426] := 19 44;
set Last[427] := 20 45;
set Last[428] := 21 46;
set Last[429] := 22 47;
set Last[430] := 23 48;
set Last[431] := 24 49;
set Last[432] := 25 50;
set Last[433] := 1 26;
set Last[434] := 2 27;
set Last[435] := 3 28;
set Last[436] := 4 29;
set Last[437] := 5 30;
set Last[438] := 6 31;
set Last[439] := 7 32;
set Last[440] := 8 33;
set Last[441] := 9 34;
set Last[442] := 10 35;
set Last[443] := 11 36;
set Last[444] := 12 37;
set Last[445] := 13 38;
set Last[446] := 14 39;
set Last[447] := 15 40;
set Last[448] := 16 41;
set Last[449] := 17 42;
set Last[450] := 18 43;
set Last[451] := 20 45;
set Last[452] := 21 46;
set Last[453] := 22 47;
set Last[454] := 23 48;
set Last[455] := 24 49;
set Last[456] := 25 50;
set Last[457] := 1 26;
set Last[458] := 2 27;
set Last[459] := 3 28;
set Last[460] := 4 29;
set Last[461] := 5 30;
set Last[462] := 6 31;
set Last[463] := 7 32;
set Last[464] := 8 33;
set Last[465] := 9 34;
set Last[466] := 10 35;
set Last[467] := 11 36;
set Last[468] := 12 37;
set Last[469] := 13 38;
set Last[470] := 14 39;
set Last[471] := 15 40;
set Last[472] := 16 41;
set Last[473] := 17 42;
set Last[474] := 18 43;
set Last[475] := 19 44;
set Last[476] := 21 46;
set Last[477] := 22 47;
set Last[478] := 23 48;
set Last[479] := 24 49;
set Last[480] := 25 50;
set Last[481] := 1 26;
set Last[482] := 2 27;
set Last[483] := 3 28;
set Last[484] := 4 29;
set Last[485] := 5 30;
set Last[486] := 6 31;
set Last[487] := 7 32;
set Last[488] := 8 33;
set Last[489] := 9 34;
set Last[490] := 10 35;
set Last[491] := 11 36;
set Last[492] := 12 37;
set Last[493] := 13 38;
set Last[494] := 14 39;
set Last[495] := 15 40;
set Last[496] := 16 41;
set Last[497] := 17 42;
set Last[498] := 18 43;
set Last[499] := 19 44;
set Last[500] := 20 45;
set Last[501] := 22 47;
set Last[502] := 23 48;
set Last[503] := 24 49;
set Last[504] := 25 50;
set Last[505] := 1 26;
set Last[506] := 2 27;
set Last[507] := 3 28;
set Last[508] := 4 29;
set Last[509] := 5 30;
set Last[510] := 6 31;
set Last[511] := 7 32;
set Last[512] := 8 33;
set Last[513] := 9 34;
set Last[514] := 10 35;
set Last[515] := 11 36;
set Last[516] := 12 37;
set Last[517] := 13 38;
set Last[518] := 14 39;
set Last[519] := 15 40;
set Last[520] := 16 41;
set Last[521] := 17 42;
set Last[522] := 18 43;
set Last[523] := 19 44;
set Last[524] := 20 45;
set Last[525] := 21 46;
set Last[526] := 23 48;
set Last[527] := 24 49;
set Last[528] := 25 50;
set Last[529] := 1 26;
set Last[530] := 2 27;
set Last[531] := 3 28;
set Last[532] := 4 29;
set Last[533] := 5 30;
set Last[534] := 6 31;
set Last[535] := 7 32;
set Last[536] := 8 33;
set Last[537] := 9 34;
set Last[538] := 10 35;
set Last[539] := 11 36;
set Last[540] := 12 37;
set Last[541] := 13 38;
set Last[542] := 14 39;
set Last[543] := 15 40;
set Last[544] := 16 41;
set Last[545] := 17 42;
set Last[546] := 18 43;
set Last[547] := 19 44;
set Last[548] := 20 45;
set Last[549] := 21 46;
set Last[550] := 22 47;
set Last[551] := 24 49;
set Last[552] := 25 50;
set Last[553] := 1 26;
set Last[554] := 2 27;
set Last[555] := 3 28;
set Last[556] := 4 29;
set Last[557] := 5 30;
set Last[558] := 6 31;
set Last[559] := 7 32;
set Last[560] := 8 33;
set Last[561] := 9 34;
set Last[562] := 10 35;
set Last[563] := 11 36;
set Last[564] := 12 37;
set Last[565] := 13 38;
set Last[566] := 14 39;
set Last[567] := 15 40;
set Last[568] := 16 41;
set Last[569] := 17 42;
set Last[570] := 18 43;
set Last[571] := 19 44;
set Last[572] := 20 45;
set Last[573] := 21 46;
set Last[574] := 22 47;
set Last[575] := 23 48;
set Last[576] := 25 50;
set Last[577] := 1 26;
set Last[578] := 2 27;
set Last[579] := 3 28;
set Last[580] := 4 29;
set Last[581] := 5 30;
set Last[582] := 6 31;
set Last[583] := 7 32;
set Last[584] := 8 33;
set Last[585] := 9 34;
set Last[586] := 10 35;
set Last[587] := 11 36;
set Last[588] := 12 37;
set Last[589] := 13 38;
set Last[590] := 14 39;
set Last[591] := 15 40;
set Last[592] := 16 41;
set Last[593] := 17 42;
set Last[594] := 18 43;
set Last[595] := 19 44;
set Last[596] := 20 45;
set Last[597] := 21 46;
set Last[598] := 22 47;
set Last[599] := 23 48;
set Last[600] := 24 49;

param q := 5;

end;
