data;

set V := 1 2 3 4 5 6 7 8 9 10 11 12 13 14 15 16 17 18 19 20 21 22 23 24 25 26 27 28 29 30 31 32 33 34 35 38 39 40 41 42 43 44 45 46 47 48 49 50 51 52 53 54 55 57 58 59 60 61 62 63 64 66;

set A := 1 2
         1 4
         1 34
         2 1
         2 7
         2 35
         3 4
         3 25
         4 1
         4 3
         5 6
         5 38
         6 5
         6 7
         6 39
         7 2
         7 6
         7 8
         7 9
         7 14
         7 40
         8 5
         8 7
         8 41
         9 7
         9 10
         9 13
         9 42
         10 9
         10 19
         10 43
         11 12
         11 14
         11 44
         12 11
         12 33
         12 45
         13 9
         13 46
         14 7
         14 11
         14 20
         14 47
         15 19
         15 22
         15 48
         16 17
         16 23
         16 49
         17 16
         17 18
         17 50
         18 17
         18 19
         18 51
         19 10
         19 15
         19 18
         19 52
         20 14
         20 21
         20 26
         20 53
         21 20
         21 22
         21 54
         22 15
         22 21
         22 23
         22 55
         23 16
         23 22
         24 25
         24 33
         24 57
         25 3
         25 24
         25 58
         26 20
         26 27
         26 59
         27 26
         27 28
         27 60
         28 27
         28 29
         28 32
         28 61
         29 28
         29 30
         29 62
         30 29
         30 31
         30 63
         31 30
         31 33
         31 64
         32 28
         32 33
         33 12
         33 24
         33 31
         33 32
         33 66
         ;

set S := 1 2 3 4 5 6 7 8 9 10 11 12 13 14 15 16 17 18 19 20 21 22 23 24 25 26 27 28 29 30 31 32 33 34 35 36 37 38 39 40 41 42 43 44 45 46 47 48 49 50 51 52 53 54 55 56 57 58 59 60 61 62 63 64 65 66 67 68 69 70 71 72 73 74 75 76 77 78 79 80 81 82 83 84 85 86 87 88 89 90 91 92 93 94 95 96 97 98 99 100 101 102 103 104 105 106 107 108 109 110 111 112 113 114 115 116 117 118 119 120 121 122 123 124 125 126 127 128 129 130 131 132 133 134 135 136 137 138 139 140 141 142 143 144 145 146 147 148 149 150 151 152 153 154 155 156 157 158 159 160 161 162 163 164 165 166 167 168 169 170 171 172 173 174 175 176 177 178 179 180 181 182 183 184 185 186 187 188 189 190 191 192 193 194 195 196 197 198 199 200 201 202 203 204 205 206 207 208 209 210 211 212 213 214 215 216 217 218 219 220 221 222 223 224 225 226 227 228 229 230 231 232 233 234 235 236 237 238 239 240 241 242 243 244 245 246 247 248 249 250 251 252 253 254 255 256 257 258 259 260 261 262 263 264 265 266 267 268 269 270 271 272 273 274 275 276 277 278 279 280 281 282 283 284 285 286 287 288 289 290 291 292 293 294 295 296 297 298 299 300 301 302 303 304 305 306 307 308 309 310 311 312 313 314 315 316 317 318 319 320 321 322 323 324 325 326 327 328 329 330 331 332 333 334 335 336 337 338 339 340 341 342 343 344 345 346 347 348 349 350 351 352 353 354 355 356 357 358 359 360 361 362 363 364 365 366 367 368 369 370 371 372 373 374 375 376 377 378 379 380 381 382 383 384 385 386 387 388 389 390 391 392 393 394 395 396 397 398 399 400 401 402 403 404 405 406 407 408 409 410 411 412 413 414 415 416 417 418 419 420 421 422 423 424 425 426 427 428 429 430 431 432 433 434 435 436 437 438 439 440 441 442 443 444 445 446 447 448 449 450 451 452 453 454 455 456 457 458 459 460 461 462 463 464 465 466 467 468 469 470 471 472 473 474 475 476 477 478 479 480 481 482 483 484 485 486 487 488 489 490 491 492 493 494 495 496 497 498 499 500 501 502 503 504 505 506 507 508 509 510 511 512 513 514 515 516 517 518 519 520 521 522 523 524 525 526 527 528 529 530 531 532 533 534 535 536 537 538 539 540 541 542 543 544 545 546 547 548 549 550 551 552 553 554 555 556 557 558 559 560 561 562 563 564 565 566 567 568 569 570 571 572 573 574 575 576 577 578 579 580 581 582 583 584 585 586 587 588 589 590 591 592 593 594 595 596 597 598 599 600 601 602 603 604 605 606 607 608 609 610 611 612 613 614 615 616 617 618 619 620 621 622 623 624 625 626 627 628 629 630 631 632 633 634 635;

set F[1] := 1 2
            2 35
            ;
set F[2] := 1 2
            2 7
            7 6
            6 5
            5 38
            ;
set F[3] := 1 2
            2 7
            7 6
            6 39
            ;
set F[4] := 1 2
            2 7
            7 40
            ;
set F[5] := 1 2
            2 7
            7 8
            8 41
            ;
set F[6] := 1 2
            2 7
            7 9
            9 42
            ;
set F[7] := 1 2
            2 7
            7 9
            9 10
            10 43
            ;
set F[8] := 1 2
            2 7
            7 14
            14 11
            11 44
            ;
set F[9] := 1 2
            2 7
            7 9
            9 13
            13 46
            ;
set F[10] := 1 2
             2 7
             7 14
             14 47
             ;
set F[11] := 1 2
             2 7
             7 9
             9 10
             10 19
             19 15
             15 48
             ;
set F[12] := 1 2
             2 7
             7 9
             9 10
             10 19
             19 18
             18 17
             17 16
             16 49
             ;
set F[13] := 1 2
             2 7
             7 9
             9 10
             10 19
             19 18
             18 17
             17 50
             ;
set F[14] := 1 2
             2 7
             7 9
             9 10
             10 19
             19 18
             18 51
             ;
set F[15] := 1 2
             2 7
             7 9
             9 10
             10 19
             19 52
             ;
set F[16] := 1 2
             2 7
             7 14
             14 20
             20 53
             ;
set F[17] := 1 2
             2 7
             7 14
             14 20
             20 21
             21 54
             ;
set F[18] := 1 2
             2 7
             7 14
             14 20
             20 21
             21 22
             22 55
             ;
set F[19] := 1 4
             4 3
             3 25
             25 24
             24 57
             ;
set F[20] := 1 4
             4 3
             3 25
             25 58
             ;
set F[21] := 1 2
             2 7
             7 14
             14 20
             20 26
             26 27
             27 60
             ;
set F[22] := 1 2
             2 7
             7 14
             14 20
             20 26
             26 27
             27 28
             28 61
             ;
set F[23] := 1 2
             2 7
             7 14
             14 20
             20 26
             26 27
             27 28
             28 29
             29 62
             ;
set F[24] := 1 4
             4 3
             3 25
             25 24
             24 33
             33 31
             31 30
             30 63
             ;
set F[25] := 1 4
             4 3
             3 25
             25 24
             24 33
             33 31
             31 64
             ;
set F[26] := 1 4
             4 3
             3 25
             25 24
             24 33
             33 66
             ;
set F[27] := 4 1
             1 34
             ;
set F[28] := 4 1
             1 2
             2 35
             ;
set F[29] := 4 1
             1 2
             2 7
             7 6
             6 5
             5 38
             ;
set F[30] := 4 1
             1 2
             2 7
             7 6
             6 39
             ;
set F[31] := 4 1
             1 2
             2 7
             7 40
             ;
set F[32] := 4 1
             1 2
             2 7
             7 8
             8 41
             ;
set F[33] := 4 1
             1 2
             2 7
             7 9
             9 42
             ;
set F[34] := 4 1
             1 2
             2 7
             7 9
             9 10
             10 43
             ;
set F[35] := 4 1
             1 2
             2 7
             7 14
             14 11
             11 44
             ;
set F[36] := 4 1
             1 2
             2 7
             7 9
             9 13
             13 46
             ;
set F[37] := 4 1
             1 2
             2 7
             7 14
             14 47
             ;
set F[38] := 4 1
             1 2
             2 7
             7 9
             9 10
             10 19
             19 15
             15 48
             ;
set F[39] := 4 1
             1 2
             2 7
             7 9
             9 10
             10 19
             19 18
             18 17
             17 16
             16 49
             ;
set F[40] := 4 1
             1 2
             2 7
             7 9
             9 10
             10 19
             19 18
             18 17
             17 50
             ;
set F[41] := 4 1
             1 2
             2 7
             7 9
             9 10
             10 19
             19 18
             18 51
             ;
set F[42] := 4 1
             1 2
             2 7
             7 9
             9 10
             10 19
             19 52
             ;
set F[43] := 4 1
             1 2
             2 7
             7 14
             14 20
             20 53
             ;
set F[44] := 4 1
             1 2
             2 7
             7 14
             14 20
             20 21
             21 54
             ;
set F[45] := 4 1
             1 2
             2 7
             7 14
             14 20
             20 21
             21 22
             22 55
             ;
set F[46] := 4 3
             3 25
             25 24
             24 57
             ;
set F[47] := 4 3
             3 25
             25 58
             ;
set F[48] := 4 1
             1 2
             2 7
             7 14
             14 20
             20 26
             26 59
             ;
set F[49] := 4 1
             1 2
             2 7
             7 14
             14 20
             20 26
             26 27
             27 60
             ;
set F[50] := 4 3
             3 25
             25 24
             24 33
             33 32
             32 28
             28 61
             ;
set F[51] := 4 3
             3 25
             25 24
             24 33
             33 31
             31 30
             30 29
             29 62
             ;
set F[52] := 4 3
             3 25
             25 24
             24 33
             33 31
             31 30
             30 63
             ;
set F[53] := 4 3
             3 25
             25 24
             24 33
             33 31
             31 64
             ;
set F[54] := 4 3
             3 25
             25 24
             24 33
             33 66
             ;
set F[55] := 5 6
             6 7
             7 2
             2 1
             1 34
             ;
set F[56] := 5 6
             6 7
             7 2
             2 35
             ;
set F[57] := 5 6
             6 39
             ;
set F[58] := 5 6
             6 7
             7 40
             ;
set F[59] := 5 6
             6 7
             7 9
             9 42
             ;
set F[60] := 5 6
             6 7
             7 14
             14 11
             11 44
             ;
set F[61] := 5 6
             6 7
             7 14
             14 47
             ;
set F[62] := 5 6
             6 7
             7 9
             9 10
             10 19
             19 15
             15 48
             ;
set F[63] := 5 6
             6 7
             7 9
             9 10
             10 19
             19 18
             18 17
             17 16
             16 49
             ;
set F[64] := 5 6
             6 7
             7 9
             9 10
             10 19
             19 52
             ;
set F[65] := 5 6
             6 7
             7 14
             14 20
             20 53
             ;
set F[66] := 5 6
             6 7
             7 14
             14 20
             20 21
             21 54
             ;
set F[67] := 5 6
             6 7
             7 14
             14 20
             20 21
             21 22
             22 55
             ;
set F[68] := 5 6
             6 7
             7 14
             14 11
             11 12
             12 33
             33 24
             24 57
             ;
set F[69] := 5 6
             6 7
             7 14
             14 20
             20 26
             26 27
             27 60
             ;
set F[70] := 5 6
             6 7
             7 14
             14 20
             20 26
             26 27
             27 28
             28 61
             ;
set F[71] := 5 6
             6 7
             7 14
             14 20
             20 26
             26 27
             27 28
             28 29
             29 62
             ;
set F[72] := 5 6
             6 7
             7 14
             14 11
             11 12
             12 33
             33 31
             31 64
             ;
set F[73] := 5 6
             6 7
             7 14
             14 11
             11 12
             12 33
             33 66
             ;
set F[74] := 6 7
             7 40
             ;
set F[75] := 7 2
             2 1
             1 34
             ;
set F[76] := 7 2
             2 35
             ;
set F[77] := 7 6
             6 39
             ;
set F[78] := 7 9
             9 42
             ;
set F[79] := 7 14
             14 11
             11 44
             ;
set F[80] := 7 14
             14 47
             ;
set F[81] := 7 9
             9 10
             10 19
             19 15
             15 48
             ;
set F[82] := 7 9
             9 10
             10 19
             19 18
             18 17
             17 16
             16 49
             ;
set F[83] := 7 9
             9 10
             10 19
             19 52
             ;
set F[84] := 7 14
             14 20
             20 53
             ;
set F[85] := 7 14
             14 20
             20 21
             21 54
             ;
set F[86] := 7 14
             14 20
             20 21
             21 22
             22 55
             ;
set F[87] := 7 14
             14 11
             11 12
             12 33
             33 24
             24 57
             ;
set F[88] := 7 2
             2 1
             1 4
             4 3
             3 25
             25 58
             ;
set F[89] := 7 14
             14 20
             20 26
             26 27
             27 60
             ;
set F[90] := 7 14
             14 20
             20 26
             26 27
             27 28
             28 61
             ;
set F[91] := 7 14
             14 20
             20 26
             26 27
             27 28
             28 29
             29 62
             ;
set F[92] := 7 14
             14 11
             11 12
             12 33
             33 31
             31 30
             30 63
             ;
set F[93] := 7 14
             14 11
             11 12
             12 33
             33 31
             31 64
             ;
set F[94] := 7 14
             14 11
             11 12
             12 33
             33 66
             ;
set F[95] := 8 5
             5 6
             6 39
             ;
set F[96] := 8 7
             7 40
             ;
set F[97] := 8 7
             7 9
             9 42
             ;
set F[98] := 8 7
             7 14
             14 11
             11 44
             ;
set F[99] := 8 7
             7 14
             14 47
             ;
set F[100] := 8 7
              7 9
              9 10
              10 19
              19 15
              15 48
              ;
set F[101] := 8 7
              7 9
              9 10
              10 19
              19 18
              18 17
              17 16
              16 49
              ;
set F[102] := 8 7
              7 9
              9 10
              10 19
              19 52
              ;
set F[103] := 8 7
              7 14
              14 20
              20 53
              ;
set F[104] := 8 7
              7 14
              14 20
              20 21
              21 22
              22 55
              ;
set F[105] := 8 7
              7 14
              14 11
              11 12
              12 33
              33 24
              24 57
              ;
set F[106] := 8 7
              7 14
              14 20
              20 26
              26 27
              27 28
              28 61
              ;
set F[107] := 8 7
              7 14
              14 11
              11 12
              12 33
              33 31
              31 64
              ;
set F[108] := 8 7
              7 14
              14 11
              11 12
              12 33
              33 66
              ;
set F[109] := 9 7
              7 40
              ;
set F[110] := 9 10
              10 19
              19 15
              15 48
              ;
set F[111] := 9 10
              10 19
              19 52
              ;
set F[112] := 9 10
              10 19
              19 15
              15 22
              22 55
              ;
set F[113] := 9 7
              7 14
              14 20
              20 26
              26 27
              27 28
              28 61
              ;
set F[114] := 9 7
              7 14
              14 11
              11 12
              12 33
              33 31
              31 64
              ;
set F[115] := 9 7
              7 14
              14 11
              11 12
              12 33
              33 66
              ;
set F[116] := 10 9
              9 7
              7 2
              2 1
              1 34
              ;
set F[117] := 10 9
              9 7
              7 2
              2 35
              ;
set F[118] := 10 9
              9 7
              7 6
              6 5
              5 38
              ;
set F[119] := 10 9
              9 7
              7 6
              6 39
              ;
set F[120] := 10 9
              9 7
              7 40
              ;
set F[121] := 10 9
              9 7
              7 8
              8 41
              ;
set F[122] := 10 9
              9 42
              ;
set F[123] := 10 9
              9 7
              7 14
              14 11
              11 44
              ;
set F[124] := 10 9
              9 13
              13 46
              ;
set F[125] := 10 9
              9 7
              7 14
              14 47
              ;
set F[126] := 10 19
              19 15
              15 48
              ;
set F[127] := 10 19
              19 18
              18 17
              17 16
              16 49
              ;
set F[128] := 10 19
              19 18
              18 17
              17 50
              ;
set F[129] := 10 19
              19 18
              18 51
              ;
set F[130] := 10 19
              19 52
              ;
set F[131] := 10 9
              9 7
              7 14
              14 20
              20 53
              ;
set F[132] := 10 19
              19 15
              15 22
              22 21
              21 54
              ;
set F[133] := 10 19
              19 15
              15 22
              22 55
              ;
set F[134] := 10 9
              9 7
              7 14
              14 11
              11 12
              12 33
              33 24
              24 57
              ;
set F[135] := 10 9
              9 7
              7 2
              2 1
              1 4
              4 3
              3 25
              25 58
              ;
set F[136] := 10 9
              9 7
              7 14
              14 20
              20 26
              26 59
              ;
set F[137] := 10 9
              9 7
              7 14
              14 20
              20 26
              26 27
              27 60
              ;
set F[138] := 10 9
              9 7
              7 14
              14 20
              20 26
              26 27
              27 28
              28 61
              ;
set F[139] := 10 9
              9 7
              7 14
              14 20
              20 26
              26 27
              27 28
              28 29
              29 62
              ;
set F[140] := 10 9
              9 7
              7 14
              14 11
              11 12
              12 33
              33 31
              31 30
              30 63
              ;
set F[141] := 10 9
              9 7
              7 14
              14 11
              11 12
              12 33
              33 31
              31 64
              ;
set F[142] := 10 9
              9 7
              7 14
              14 11
              11 12
              12 33
              33 66
              ;
set F[143] := 11 14
              14 7
              7 6
              6 39
              ;
set F[144] := 11 14
              14 7
              7 40
              ;
set F[145] := 11 14
              14 7
              7 9
              9 42
              ;
set F[146] := 11 14
              14 47
              ;
set F[147] := 11 14
              14 20
              20 21
              21 22
              22 15
              15 48
              ;
set F[148] := 11 14
              14 20
              20 21
              21 22
              22 23
              23 16
              16 49
              ;
set F[149] := 11 14
              14 7
              7 9
              9 10
              10 19
              19 52
              ;
set F[150] := 11 14
              14 20
              20 53
              ;
set F[151] := 11 14
              14 20
              20 21
              21 22
              22 55
              ;
set F[152] := 11 12
              12 33
              33 24
              24 57
              ;
set F[153] := 11 12
              12 33
              33 32
              32 28
              28 61
              ;
set F[154] := 11 12
              12 33
              33 31
              31 30
              30 29
              29 62
              ;
set F[155] := 11 12
              12 33
              33 31
              31 64
              ;
set F[156] := 11 12
              12 33
              33 66
              ;
set F[157] := 12 11
              11 14
              14 7
              7 2
              2 1
              1 34
              ;
set F[158] := 12 11
              11 14
              14 7
              7 2
              2 35
              ;
set F[159] := 12 11
              11 14
              14 7
              7 6
              6 5
              5 38
              ;
set F[160] := 12 11
              11 14
              14 7
              7 6
              6 39
              ;
set F[161] := 12 11
              11 14
              14 7
              7 40
              ;
set F[162] := 12 11
              11 14
              14 7
              7 8
              8 41
              ;
set F[163] := 12 11
              11 14
              14 7
              7 9
              9 42
              ;
set F[164] := 12 11
              11 14
              14 7
              7 9
              9 10
              10 43
              ;
set F[165] := 12 11
              11 44
              ;
set F[166] := 12 11
              11 14
              14 7
              7 9
              9 13
              13 46
              ;
set F[167] := 12 11
              11 14
              14 47
              ;
set F[168] := 12 11
              11 14
              14 20
              20 21
              21 22
              22 15
              15 48
              ;
set F[169] := 12 11
              11 14
              14 20
              20 21
              21 22
              22 23
              23 16
              16 49
              ;
set F[170] := 12 11
              11 14
              14 7
              7 9
              9 10
              10 19
              19 18
              18 17
              17 50
              ;
set F[171] := 12 11
              11 14
              14 7
              7 9
              9 10
              10 19
              19 18
              18 51
              ;
set F[172] := 12 11
              11 14
              14 7
              7 9
              9 10
              10 19
              19 52
              ;
set F[173] := 12 11
              11 14
              14 20
              20 53
              ;
set F[174] := 12 11
              11 14
              14 20
              20 21
              21 54
              ;
set F[175] := 12 11
              11 14
              14 20
              20 21
              21 22
              22 55
              ;
set F[176] := 12 33
              33 24
              24 57
              ;
set F[177] := 12 33
              33 24
              24 25
              25 58
              ;
set F[178] := 12 33
              33 32
              32 28
              28 27
              27 60
              ;
set F[179] := 12 33
              33 32
              32 28
              28 61
              ;
set F[180] := 12 33
              33 31
              31 30
              30 29
              29 62
              ;
set F[181] := 12 33
              33 31
              31 30
              30 63
              ;
set F[182] := 12 33
              33 31
              31 64
              ;
set F[183] := 12 33
              33 66
              ;
set F[184] := 13 9
              9 7
              7 6
              6 39
              ;
set F[185] := 13 9
              9 7
              7 40
              ;
set F[186] := 13 9
              9 42
              ;
set F[187] := 13 9
              9 7
              7 14
              14 11
              11 44
              ;
set F[188] := 13 9
              9 10
              10 19
              19 15
              15 48
              ;
set F[189] := 13 9
              9 10
              10 19
              19 18
              18 17
              17 16
              16 49
              ;
set F[190] := 13 9
              9 10
              10 19
              19 52
              ;
set F[191] := 13 9
              9 7
              7 14
              14 20
              20 53
              ;
set F[192] := 13 9
              9 10
              10 19
              19 15
              15 22
              22 55
              ;
set F[193] := 13 9
              9 7
              7 14
              14 11
              11 12
              12 33
              33 24
              24 57
              ;
set F[194] := 13 9
              9 7
              7 14
              14 20
              20 26
              26 27
              27 28
              28 61
              ;
set F[195] := 13 9
              9 7
              7 14
              14 11
              11 12
              12 33
              33 31
              31 64
              ;
set F[196] := 13 9
              9 7
              7 14
              14 11
              11 12
              12 33
              33 66
              ;
set F[197] := 14 7
              7 2
              2 1
              1 34
              ;
set F[198] := 14 7
              7 2
              2 35
              ;
set F[199] := 14 7
              7 6
              6 5
              5 38
              ;
set F[200] := 14 7
              7 6
              6 39
              ;
set F[201] := 14 7
              7 40
              ;
set F[202] := 14 7
              7 8
              8 41
              ;
set F[203] := 14 7
              7 9
              9 42
              ;
set F[204] := 14 7
              7 9
              9 10
              10 43
              ;
set F[205] := 14 11
              11 44
              ;
set F[206] := 14 11
              11 12
              12 45
              ;
set F[207] := 14 7
              7 9
              9 13
              13 46
              ;
set F[208] := 14 20
              20 21
              21 22
              22 15
              15 48
              ;
set F[209] := 14 20
              20 21
              21 22
              22 23
              23 16
              16 49
              ;
set F[210] := 14 7
              7 9
              9 10
              10 19
              19 18
              18 17
              17 50
              ;
set F[211] := 14 7
              7 9
              9 10
              10 19
              19 18
              18 51
              ;
set F[212] := 14 7
              7 9
              9 10
              10 19
              19 52
              ;
set F[213] := 14 20
              20 53
              ;
set F[214] := 14 20
              20 21
              21 54
              ;
set F[215] := 14 20
              20 21
              21 22
              22 55
              ;
set F[216] := 14 11
              11 12
              12 33
              33 24
              24 57
              ;
set F[217] := 14 11
              11 12
              12 33
              33 24
              24 25
              25 58
              ;
set F[218] := 14 20
              20 26
              26 59
              ;
set F[219] := 14 20
              20 26
              26 27
              27 60
              ;
set F[220] := 14 20
              20 26
              26 27
              27 28
              28 61
              ;
set F[221] := 14 20
              20 26
              26 27
              27 28
              28 29
              29 62
              ;
set F[222] := 14 11
              11 12
              12 33
              33 31
              31 30
              30 63
              ;
set F[223] := 14 11
              11 12
              12 33
              33 31
              31 64
              ;
set F[224] := 14 11
              11 12
              12 33
              33 66
              ;
set F[225] := 15 19
              19 10
              10 9
              9 7
              7 2
              2 1
              1 34
              ;
set F[226] := 15 19
              19 10
              10 9
              9 7
              7 2
              2 35
              ;
set F[227] := 15 19
              19 10
              10 9
              9 7
              7 6
              6 39
              ;
set F[228] := 15 19
              19 10
              10 9
              9 7
              7 40
              ;
set F[229] := 15 19
              19 10
              10 9
              9 42
              ;
set F[230] := 15 19
              19 10
              10 43
              ;
set F[231] := 15 22
              22 21
              21 20
              20 14
              14 11
              11 44
              ;
set F[232] := 15 19
              19 10
              10 9
              9 13
              13 46
              ;
set F[233] := 15 22
              22 21
              21 20
              20 14
              14 47
              ;
set F[234] := 15 22
              22 23
              23 16
              16 49
              ;
set F[235] := 15 19
              19 18
              18 17
              17 50
              ;
set F[236] := 15 19
              19 18
              18 51
              ;
set F[237] := 15 19
              19 52
              ;
set F[238] := 15 22
              22 21
              21 20
              20 53
              ;
set F[239] := 15 22
              22 21
              21 54
              ;
set F[240] := 15 22
              22 55
              ;
set F[241] := 15 22
              22 21
              21 20
              20 14
              14 11
              11 12
              12 33
              33 24
              24 57
              ;
set F[242] := 15 19
              19 10
              10 9
              9 7
              7 2
              2 1
              1 4
              4 3
              3 25
              25 58
              ;
set F[243] := 15 22
              22 21
              21 20
              20 26
              26 27
              27 60
              ;
set F[244] := 15 22
              22 21
              21 20
              20 26
              26 27
              27 28
              28 61
              ;
set F[245] := 15 22
              22 21
              21 20
              20 26
              26 27
              27 28
              28 29
              29 62
              ;
set F[246] := 15 22
              22 21
              21 20
              20 26
              26 27
              27 28
              28 29
              29 30
              30 63
              ;
set F[247] := 15 22
              22 21
              21 20
              20 14
              14 11
              11 12
              12 33
              33 31
              31 64
              ;
set F[248] := 15 22
              22 21
              21 20
              20 14
              14 11
              11 12
              12 33
              33 66
              ;
set F[249] := 16 17
              17 18
              18 19
              19 10
              10 9
              9 7
              7 2
              2 1
              1 34
              ;
set F[250] := 16 17
              17 18
              18 19
              19 10
              10 9
              9 7
              7 2
              2 35
              ;
set F[251] := 16 17
              17 18
              18 19
              19 10
              10 9
              9 7
              7 6
              6 39
              ;
set F[252] := 16 17
              17 18
              18 19
              19 10
              10 9
              9 7
              7 40
              ;
set F[253] := 16 17
              17 18
              18 19
              19 10
              10 9
              9 42
              ;
set F[254] := 16 23
              23 22
              22 21
              21 20
              20 14
              14 11
              11 44
              ;
set F[255] := 16 23
              23 22
              22 21
              21 20
              20 14
              14 47
              ;
set F[256] := 16 23
              23 22
              22 15
              15 48
              ;
set F[257] := 16 17
              17 18
              18 19
              19 52
              ;
set F[258] := 16 23
              23 22
              22 21
              21 20
              20 53
              ;
set F[259] := 16 23
              23 22
              22 21
              21 54
              ;
set F[260] := 16 23
              23 22
              22 55
              ;
set F[261] := 16 23
              23 22
              22 21
              21 20
              20 14
              14 11
              11 12
              12 33
              33 24
              24 57
              ;
set F[262] := 16 23
              23 22
              22 21
              21 20
              20 14
              14 11
              11 12
              12 33
              33 24
              24 25
              25 58
              ;
set F[263] := 16 23
              23 22
              22 21
              21 20
              20 26
              26 27
              27 60
              ;
set F[264] := 16 23
              23 22
              22 21
              21 20
              20 26
              26 27
              27 28
              28 61
              ;
set F[265] := 16 23
              23 22
              22 21
              21 20
              20 26
              26 27
              27 28
              28 29
              29 62
              ;
set F[266] := 16 23
              23 22
              22 21
              21 20
              20 26
              26 27
              27 28
              28 29
              29 30
              30 63
              ;
set F[267] := 16 23
              23 22
              22 21
              21 20
              20 14
              14 11
              11 12
              12 33
              33 31
              31 64
              ;
set F[268] := 16 23
              23 22
              22 21
              21 20
              20 14
              14 11
              11 12
              12 33
              33 66
              ;
set F[269] := 17 18
              18 19
              19 10
              10 9
              9 7
              7 40
              ;
set F[270] := 17 18
              18 19
              19 10
              10 9
              9 42
              ;
set F[271] := 17 16
              16 23
              23 22
              22 21
              21 20
              20 14
              14 11
              11 44
              ;
set F[272] := 17 18
              18 19
              19 15
              15 48
              ;
set F[273] := 17 16
              16 49
              ;
set F[274] := 17 18
              18 19
              19 52
              ;
set F[275] := 17 16
              16 23
              23 22
              22 55
              ;
set F[276] := 17 16
              16 23
              23 22
              22 21
              21 20
              20 14
              14 11
              11 12
              12 33
              33 24
              24 57
              ;
set F[277] := 17 16
              16 23
              23 22
              22 21
              21 20
              20 26
              26 27
              27 28
              28 61
              ;
set F[278] := 17 16
              16 23
              23 22
              22 21
              21 20
              20 14
              14 11
              11 12
              12 33
              33 31
              31 64
              ;
set F[279] := 17 16
              16 23
              23 22
              22 21
              21 20
              20 14
              14 11
              11 12
              12 33
              33 66
              ;
set F[280] := 18 19
              19 10
              10 9
              9 7
              7 40
              ;
set F[281] := 19 10
              10 9
              9 7
              7 2
              2 1
              1 34
              ;
set F[282] := 19 10
              10 9
              9 7
              7 2
              2 35
              ;
set F[283] := 19 10
              10 9
              9 7
              7 6
              6 39
              ;
set F[284] := 19 10
              10 9
              9 7
              7 40
              ;
set F[285] := 19 10
              10 9
              9 42
              ;
set F[286] := 19 10
              10 43
              ;
set F[287] := 19 10
              10 9
              9 7
              7 14
              14 11
              11 44
              ;
set F[288] := 19 10
              10 9
              9 13
              13 46
              ;
set F[289] := 19 10
              10 9
              9 7
              7 14
              14 47
              ;
set F[290] := 19 15
              15 48
              ;
set F[291] := 19 18
              18 17
              17 16
              16 49
              ;
set F[292] := 19 18
              18 17
              17 50
              ;
set F[293] := 19 15
              15 22
              22 21
              21 20
              20 53
              ;
set F[294] := 19 15
              15 22
              22 21
              21 54
              ;
set F[295] := 19 15
              15 22
              22 55
              ;
set F[296] := 19 10
              10 9
              9 7
              7 14
              14 11
              11 12
              12 33
              33 24
              24 57
              ;
set F[297] := 19 10
              10 9
              9 7
              7 2
              2 1
              1 4
              4 3
              3 25
              25 58
              ;
set F[298] := 19 15
              15 22
              22 21
              21 20
              20 26
              26 27
              27 60
              ;
set F[299] := 19 15
              15 22
              22 21
              21 20
              20 26
              26 27
              27 28
              28 61
              ;
set F[300] := 19 15
              15 22
              22 21
              21 20
              20 26
              26 27
              27 28
              28 29
              29 62
              ;
set F[301] := 19 10
              10 9
              9 7
              7 14
              14 11
              11 12
              12 33
              33 31
              31 30
              30 63
              ;
set F[302] := 19 10
              10 9
              9 7
              7 14
              14 11
              11 12
              12 33
              33 31
              31 64
              ;
set F[303] := 19 10
              10 9
              9 7
              7 14
              14 11
              11 12
              12 33
              33 66
              ;
set F[304] := 20 14
              14 7
              7 2
              2 1
              1 34
              ;
set F[305] := 20 14
              14 7
              7 2
              2 35
              ;
set F[306] := 20 14
              14 7
              7 6
              6 5
              5 38
              ;
set F[307] := 20 14
              14 7
              7 6
              6 39
              ;
set F[308] := 20 14
              14 7
              7 40
              ;
set F[309] := 20 14
              14 7
              7 8
              8 41
              ;
set F[310] := 20 14
              14 7
              7 9
              9 42
              ;
set F[311] := 20 14
              14 7
              7 9
              9 10
              10 43
              ;
set F[312] := 20 14
              14 11
              11 44
              ;
set F[313] := 20 14
              14 7
              7 9
              9 13
              13 46
              ;
set F[314] := 20 14
              14 47
              ;
set F[315] := 20 21
              21 22
              22 15
              15 48
              ;
set F[316] := 20 21
              21 22
              22 23
              23 16
              16 49
              ;
set F[317] := 20 21
              21 22
              22 23
              23 16
              16 17
              17 50
              ;
set F[318] := 20 21
              21 22
              22 15
              15 19
              19 18
              18 51
              ;
set F[319] := 20 21
              21 22
              22 15
              15 19
              19 52
              ;
set F[320] := 20 21
              21 54
              ;
set F[321] := 20 21
              21 22
              22 55
              ;
set F[322] := 20 14
              14 11
              11 12
              12 33
              33 24
              24 57
              ;
set F[323] := 20 14
              14 11
              11 12
              12 33
              33 24
              24 25
              25 58
              ;
set F[324] := 20 26
              26 27
              27 60
              ;
set F[325] := 20 26
              26 27
              27 28
              28 61
              ;
set F[326] := 20 26
              26 27
              27 28
              28 29
              29 62
              ;
set F[327] := 20 26
              26 27
              27 28
              28 29
              29 30
              30 63
              ;
set F[328] := 20 14
              14 11
              11 12
              12 33
              33 31
              31 64
              ;
set F[329] := 20 14
              14 11
              11 12
              12 33
              33 66
              ;
set F[330] := 21 20
              20 14
              14 7
              7 2
              2 1
              1 34
              ;
set F[331] := 21 20
              20 14
              14 7
              7 2
              2 35
              ;
set F[332] := 21 20
              20 14
              14 7
              7 6
              6 5
              5 38
              ;
set F[333] := 21 20
              20 14
              14 7
              7 6
              6 39
              ;
set F[334] := 21 20
              20 14
              14 7
              7 40
              ;
set F[335] := 21 20
              20 14
              14 7
              7 8
              8 41
              ;
set F[336] := 21 20
              20 14
              14 7
              7 9
              9 42
              ;
set F[337] := 21 22
              22 15
              15 19
              19 10
              10 43
              ;
set F[338] := 21 20
              20 14
              14 11
              11 44
              ;
set F[339] := 21 20
              20 14
              14 7
              7 9
              9 13
              13 46
              ;
set F[340] := 21 20
              20 14
              14 47
              ;
set F[341] := 21 22
              22 15
              15 48
              ;
set F[342] := 21 22
              22 23
              23 16
              16 49
              ;
set F[343] := 21 22
              22 23
              23 16
              16 17
              17 50
              ;
set F[344] := 21 22
              22 15
              15 19
              19 18
              18 51
              ;
set F[345] := 21 22
              22 15
              15 19
              19 52
              ;
set F[346] := 21 20
              20 53
              ;
set F[347] := 21 22
              22 55
              ;
set F[348] := 21 20
              20 14
              14 11
              11 12
              12 33
              33 24
              24 57
              ;
set F[349] := 21 20
              20 14
              14 11
              11 12
              12 33
              33 24
              24 25
              25 58
              ;
set F[350] := 21 20
              20 26
              26 27
              27 60
              ;
set F[351] := 21 20
              20 26
              26 27
              27 28
              28 61
              ;
set F[352] := 21 20
              20 26
              26 27
              27 28
              28 29
              29 62
              ;
set F[353] := 21 20
              20 26
              26 27
              27 28
              28 29
              29 30
              30 63
              ;
set F[354] := 21 20
              20 14
              14 11
              11 12
              12 33
              33 31
              31 64
              ;
set F[355] := 21 20
              20 14
              14 11
              11 12
              12 33
              33 66
              ;
set F[356] := 22 21
              21 20
              20 14
              14 7
              7 2
              2 1
              1 34
              ;
set F[357] := 22 21
              21 20
              20 14
              14 7
              7 2
              2 35
              ;
set F[358] := 22 21
              21 20
              20 14
              14 7
              7 6
              6 5
              5 38
              ;
set F[359] := 22 21
              21 20
              20 14
              14 7
              7 6
              6 39
              ;
set F[360] := 22 21
              21 20
              20 14
              14 7
              7 40
              ;
set F[361] := 22 21
              21 20
              20 14
              14 7
              7 8
              8 41
              ;
set F[362] := 22 15
              15 19
              19 10
              10 9
              9 42
              ;
set F[363] := 22 15
              15 19
              19 10
              10 43
              ;
set F[364] := 22 21
              21 20
              20 14
              14 11
              11 44
              ;
set F[365] := 22 15
              15 19
              19 10
              10 9
              9 13
              13 46
              ;
set F[366] := 22 21
              21 20
              20 14
              14 47
              ;
set F[367] := 22 15
              15 48
              ;
set F[368] := 22 23
              23 16
              16 49
              ;
set F[369] := 22 23
              23 16
              16 17
              17 50
              ;
set F[370] := 22 15
              15 19
              19 18
              18 51
              ;
set F[371] := 22 15
              15 19
              19 52
              ;
set F[372] := 22 21
              21 20
              20 53
              ;
set F[373] := 22 21
              21 54
              ;
set F[374] := 22 21
              21 20
              20 14
              14 11
              11 12
              12 33
              33 24
              24 57
              ;
set F[375] := 22 21
              21 20
              20 14
              14 11
              11 12
              12 33
              33 24
              24 25
              25 58
              ;
set F[376] := 22 21
              21 20
              20 26
              26 59
              ;
set F[377] := 22 21
              21 20
              20 26
              26 27
              27 60
              ;
set F[378] := 22 21
              21 20
              20 26
              26 27
              27 28
              28 61
              ;
set F[379] := 22 21
              21 20
              20 26
              26 27
              27 28
              28 29
              29 62
              ;
set F[380] := 22 21
              21 20
              20 26
              26 27
              27 28
              28 29
              29 30
              30 63
              ;
set F[381] := 22 21
              21 20
              20 14
              14 11
              11 12
              12 33
              33 31
              31 64
              ;
set F[382] := 22 21
              21 20
              20 14
              14 11
              11 12
              12 33
              33 66
              ;
set F[383] := 23 22
              22 21
              21 20
              20 14
              14 7
              7 2
              2 1
              1 34
              ;
set F[384] := 23 22
              22 21
              21 20
              20 14
              14 7
              7 2
              2 35
              ;
set F[385] := 23 22
              22 21
              21 20
              20 14
              14 7
              7 6
              6 5
              5 38
              ;
set F[386] := 23 22
              22 21
              21 20
              20 14
              14 7
              7 6
              6 39
              ;
set F[387] := 23 22
              22 21
              21 20
              20 14
              14 7
              7 40
              ;
set F[388] := 23 22
              22 15
              15 19
              19 10
              10 9
              9 42
              ;
set F[389] := 23 22
              22 15
              15 19
              19 10
              10 43
              ;
set F[390] := 23 22
              22 21
              21 20
              20 14
              14 11
              11 44
              ;
set F[391] := 23 22
              22 15
              15 19
              19 10
              10 9
              9 13
              13 46
              ;
set F[392] := 23 22
              22 21
              21 20
              20 14
              14 47
              ;
set F[393] := 23 22
              22 15
              15 48
              ;
set F[394] := 23 16
              16 49
              ;
set F[395] := 23 16
              16 17
              17 50
              ;
set F[396] := 23 16
              16 17
              17 18
              18 51
              ;
set F[397] := 23 22
              22 15
              15 19
              19 52
              ;
set F[398] := 23 22
              22 21
              21 20
              20 53
              ;
set F[399] := 23 22
              22 21
              21 54
              ;
set F[400] := 23 22
              22 55
              ;
set F[401] := 23 22
              22 21
              21 20
              20 14
              14 11
              11 12
              12 33
              33 24
              24 57
              ;
set F[402] := 23 22
              22 21
              21 20
              20 14
              14 11
              11 12
              12 33
              33 24
              24 25
              25 58
              ;
set F[403] := 23 22
              22 21
              21 20
              20 26
              26 27
              27 60
              ;
set F[404] := 23 22
              22 21
              21 20
              20 26
              26 27
              27 28
              28 61
              ;
set F[405] := 23 22
              22 21
              21 20
              20 26
              26 27
              27 28
              28 29
              29 62
              ;
set F[406] := 23 22
              22 21
              21 20
              20 26
              26 27
              27 28
              28 29
              29 30
              30 63
              ;
set F[407] := 23 22
              22 21
              21 20
              20 14
              14 11
              11 12
              12 33
              33 31
              31 64
              ;
set F[408] := 23 22
              22 21
              21 20
              20 14
              14 11
              11 12
              12 33
              33 66
              ;
set F[409] := 24 25
              25 3
              3 4
              4 1
              1 34
              ;
set F[410] := 24 25
              25 3
              3 4
              4 1
              1 2
              2 35
              ;
set F[411] := 24 33
              33 12
              12 11
              11 14
              14 7
              7 6
              6 5
              5 38
              ;
set F[412] := 24 33
              33 12
              12 11
              11 14
              14 7
              7 6
              6 39
              ;
set F[413] := 24 33
              33 12
              12 11
              11 14
              14 7
              7 40
              ;
set F[414] := 24 33
              33 12
              12 11
              11 14
              14 7
              7 8
              8 41
              ;
set F[415] := 24 33
              33 12
              12 11
              11 14
              14 7
              7 9
              9 42
              ;
set F[416] := 24 33
              33 12
              12 11
              11 14
              14 7
              7 9
              9 10
              10 43
              ;
set F[417] := 24 33
              33 12
              12 11
              11 44
              ;
set F[418] := 24 33
              33 12
              12 11
              11 14
              14 7
              7 9
              9 13
              13 46
              ;
set F[419] := 24 33
              33 12
              12 11
              11 14
              14 47
              ;
set F[420] := 24 33
              33 12
              12 11
              11 14
              14 20
              20 21
              21 22
              22 15
              15 48
              ;
set F[421] := 24 33
              33 12
              12 11
              11 14
              14 20
              20 21
              21 22
              22 23
              23 16
              16 49
              ;
set F[422] := 24 33
              33 12
              12 11
              11 14
              14 7
              7 9
              9 10
              10 19
              19 18
              18 17
              17 50
              ;
set F[423] := 24 33
              33 12
              12 11
              11 14
              14 7
              7 9
              9 10
              10 19
              19 18
              18 51
              ;
set F[424] := 24 33
              33 12
              12 11
              11 14
              14 7
              7 9
              9 10
              10 19
              19 52
              ;
set F[425] := 24 33
              33 12
              12 11
              11 14
              14 20
              20 53
              ;
set F[426] := 24 33
              33 12
              12 11
              11 14
              14 20
              20 21
              21 54
              ;
set F[427] := 24 33
              33 12
              12 11
              11 14
              14 20
              20 21
              21 22
              22 55
              ;
set F[428] := 24 25
              25 58
              ;
set F[429] := 24 33
              33 32
              32 28
              28 27
              27 26
              26 59
              ;
set F[430] := 24 33
              33 32
              32 28
              28 27
              27 60
              ;
set F[431] := 24 33
              33 32
              32 28
              28 61
              ;
set F[432] := 24 33
              33 31
              31 30
              30 29
              29 62
              ;
set F[433] := 24 33
              33 31
              31 30
              30 63
              ;
set F[434] := 24 33
              33 31
              31 64
              ;
set F[435] := 24 33
              33 66
              ;
set F[436] := 25 3
              3 4
              4 1
              1 34
              ;
set F[437] := 25 3
              3 4
              4 1
              1 2
              2 35
              ;
set F[438] := 25 3
              3 4
              4 1
              1 2
              2 7
              7 6
              6 5
              5 38
              ;
set F[439] := 25 3
              3 4
              4 1
              1 2
              2 7
              7 6
              6 39
              ;
set F[440] := 25 3
              3 4
              4 1
              1 2
              2 7
              7 40
              ;
set F[441] := 25 3
              3 4
              4 1
              1 2
              2 7
              7 8
              8 41
              ;
set F[442] := 25 3
              3 4
              4 1
              1 2
              2 7
              7 9
              9 42
              ;
set F[443] := 25 3
              3 4
              4 1
              1 2
              2 7
              7 9
              9 10
              10 43
              ;
set F[444] := 25 24
              24 33
              33 12
              12 11
              11 44
              ;
set F[445] := 25 3
              3 4
              4 1
              1 2
              2 7
              7 9
              9 13
              13 46
              ;
set F[446] := 25 24
              24 33
              33 12
              12 11
              11 14
              14 47
              ;
set F[447] := 25 3
              3 4
              4 1
              1 2
              2 7
              7 9
              9 10
              10 19
              19 15
              15 48
              ;
set F[448] := 25 24
              24 33
              33 12
              12 11
              11 14
              14 20
              20 21
              21 22
              22 23
              23 16
              16 49
              ;
set F[449] := 25 3
              3 4
              4 1
              1 2
              2 7
              7 9
              9 10
              10 19
              19 18
              18 17
              17 50
              ;
set F[450] := 25 3
              3 4
              4 1
              1 2
              2 7
              7 9
              9 10
              10 19
              19 18
              18 51
              ;
set F[451] := 25 3
              3 4
              4 1
              1 2
              2 7
              7 9
              9 10
              10 19
              19 52
              ;
set F[452] := 25 24
              24 33
              33 12
              12 11
              11 14
              14 20
              20 53
              ;
set F[453] := 25 24
              24 33
              33 12
              12 11
              11 14
              14 20
              20 21
              21 54
              ;
set F[454] := 25 24
              24 33
              33 12
              12 11
              11 14
              14 20
              20 21
              21 22
              22 55
              ;
set F[455] := 25 24
              24 57
              ;
set F[456] := 25 24
              24 33
              33 32
              32 28
              28 27
              27 26
              26 59
              ;
set F[457] := 25 24
              24 33
              33 32
              32 28
              28 27
              27 60
              ;
set F[458] := 25 24
              24 33
              33 32
              32 28
              28 61
              ;
set F[459] := 25 24
              24 33
              33 31
              31 30
              30 29
              29 62
              ;
set F[460] := 25 24
              24 33
              33 31
              31 30
              30 63
              ;
set F[461] := 25 24
              24 33
              33 31
              31 64
              ;
set F[462] := 25 24
              24 33
              33 66
              ;
set F[463] := 26 20
              20 14
              14 7
              7 2
              2 1
              1 34
              ;
set F[464] := 26 20
              20 14
              14 7
              7 2
              2 35
              ;
set F[465] := 26 20
              20 14
              14 7
              7 6
              6 39
              ;
set F[466] := 26 20
              20 14
              14 7
              7 40
              ;
set F[467] := 26 20
              20 14
              14 7
              7 9
              9 42
              ;
set F[468] := 26 20
              20 14
              14 11
              11 44
              ;
set F[469] := 26 20
              20 14
              14 47
              ;
set F[470] := 26 20
              20 21
              21 22
              22 15
              15 48
              ;
set F[471] := 26 20
              20 21
              21 22
              22 23
              23 16
              16 49
              ;
set F[472] := 26 20
              20 21
              21 22
              22 23
              23 16
              16 17
              17 50
              ;
set F[473] := 26 20
              20 21
              21 22
              22 15
              15 19
              19 52
              ;
set F[474] := 26 20
              20 53
              ;
set F[475] := 26 20
              20 21
              21 54
              ;
set F[476] := 26 20
              20 21
              21 22
              22 55
              ;
set F[477] := 26 27
              27 28
              28 32
              32 33
              33 24
              24 57
              ;
set F[478] := 26 27
              27 28
              28 32
              32 33
              33 24
              24 25
              25 58
              ;
set F[479] := 26 27
              27 60
              ;
set F[480] := 26 27
              27 28
              28 61
              ;
set F[481] := 26 27
              27 28
              28 29
              29 62
              ;
set F[482] := 26 27
              27 28
              28 29
              29 30
              30 63
              ;
set F[483] := 26 27
              27 28
              28 29
              29 30
              30 31
              31 64
              ;
set F[484] := 26 27
              27 28
              28 32
              32 33
              33 66
              ;
set F[485] := 27 26
              26 20
              20 14
              14 7
              7 2
              2 1
              1 34
              ;
set F[486] := 27 26
              26 20
              20 14
              14 7
              7 2
              2 35
              ;
set F[487] := 27 26
              26 20
              20 14
              14 7
              7 6
              6 5
              5 38
              ;
set F[488] := 27 26
              26 20
              20 14
              14 7
              7 6
              6 39
              ;
set F[489] := 27 26
              26 20
              20 14
              14 7
              7 40
              ;
set F[490] := 27 26
              26 20
              20 14
              14 7
              7 8
              8 41
              ;
set F[491] := 27 26
              26 20
              20 14
              14 7
              7 9
              9 42
              ;
set F[492] := 27 26
              26 20
              20 14
              14 7
              7 9
              9 10
              10 43
              ;
set F[493] := 27 26
              26 20
              20 14
              14 11
              11 44
              ;
set F[494] := 27 26
              26 20
              20 14
              14 7
              7 9
              9 13
              13 46
              ;
set F[495] := 27 26
              26 20
              20 14
              14 47
              ;
set F[496] := 27 26
              26 20
              20 21
              21 22
              22 15
              15 48
              ;
set F[497] := 27 26
              26 20
              20 21
              21 22
              22 23
              23 16
              16 49
              ;
set F[498] := 27 26
              26 20
              20 21
              21 22
              22 23
              23 16
              16 17
              17 50
              ;
set F[499] := 27 26
              26 20
              20 21
              21 22
              22 15
              15 19
              19 18
              18 51
              ;
set F[500] := 27 26
              26 20
              20 21
              21 22
              22 15
              15 19
              19 52
              ;
set F[501] := 27 26
              26 20
              20 53
              ;
set F[502] := 27 26
              26 20
              20 21
              21 54
              ;
set F[503] := 27 26
              26 20
              20 21
              21 22
              22 55
              ;
set F[504] := 27 28
              28 32
              32 33
              33 24
              24 57
              ;
set F[505] := 27 28
              28 32
              32 33
              33 24
              24 25
              25 58
              ;
set F[506] := 27 28
              28 61
              ;
set F[507] := 27 28
              28 29
              29 62
              ;
set F[508] := 27 28
              28 29
              29 30
              30 63
              ;
set F[509] := 27 28
              28 29
              29 30
              30 31
              31 64
              ;
set F[510] := 27 28
              28 32
              32 33
              33 66
              ;
set F[511] := 29 28
              28 27
              27 26
              26 20
              20 14
              14 7
              7 2
              2 1
              1 34
              ;
set F[512] := 29 28
              28 27
              27 26
              26 20
              20 14
              14 7
              7 2
              2 35
              ;
set F[513] := 29 28
              28 27
              27 26
              26 20
              20 14
              14 7
              7 6
              6 5
              5 38
              ;
set F[514] := 29 28
              28 27
              27 26
              26 20
              20 14
              14 7
              7 6
              6 39
              ;
set F[515] := 29 28
              28 27
              27 26
              26 20
              20 14
              14 7
              7 40
              ;
set F[516] := 29 28
              28 27
              27 26
              26 20
              20 14
              14 7
              7 8
              8 41
              ;
set F[517] := 29 28
              28 27
              27 26
              26 20
              20 14
              14 7
              7 9
              9 42
              ;
set F[518] := 29 28
              28 27
              27 26
              26 20
              20 14
              14 7
              7 9
              9 10
              10 43
              ;
set F[519] := 29 28
              28 32
              32 33
              33 12
              12 11
              11 44
              ;
set F[520] := 29 28
              28 27
              27 26
              26 20
              20 14
              14 7
              7 9
              9 13
              13 46
              ;
set F[521] := 29 28
              28 27
              27 26
              26 20
              20 14
              14 47
              ;
set F[522] := 29 28
              28 27
              27 26
              26 20
              20 21
              21 22
              22 15
              15 48
              ;
set F[523] := 29 28
              28 27
              27 26
              26 20
              20 21
              21 22
              22 23
              23 16
              16 49
              ;
set F[524] := 29 28
              28 27
              27 26
              26 20
              20 21
              21 22
              22 23
              23 16
              16 17
              17 50
              ;
set F[525] := 29 28
              28 27
              27 26
              26 20
              20 21
              21 22
              22 15
              15 19
              19 18
              18 51
              ;
set F[526] := 29 28
              28 27
              27 26
              26 20
              20 21
              21 22
              22 15
              15 19
              19 52
              ;
set F[527] := 29 28
              28 27
              27 26
              26 20
              20 53
              ;
set F[528] := 29 28
              28 27
              27 26
              26 20
              20 21
              21 54
              ;
set F[529] := 29 28
              28 27
              27 26
              26 20
              20 21
              21 22
              22 55
              ;
set F[530] := 29 28
              28 32
              32 33
              33 24
              24 57
              ;
set F[531] := 29 28
              28 32
              32 33
              33 24
              24 25
              25 58
              ;
set F[532] := 29 28
              28 27
              27 60
              ;
set F[533] := 29 28
              28 61
              ;
set F[534] := 29 30
              30 63
              ;
set F[535] := 29 30
              30 31
              31 64
              ;
set F[536] := 29 28
              28 32
              32 33
              33 66
              ;
set F[537] := 30 31
              31 33
              33 24
              24 25
              25 3
              3 4
              4 1
              1 34
              ;
set F[538] := 30 31
              31 33
              33 12
              12 11
              11 14
              14 7
              7 2
              2 35
              ;
set F[539] := 30 31
              31 33
              33 12
              12 11
              11 14
              14 7
              7 6
              6 5
              5 38
              ;
set F[540] := 30 31
              31 33
              33 12
              12 11
              11 14
              14 7
              7 6
              6 39
              ;
set F[541] := 30 31
              31 33
              33 12
              12 11
              11 14
              14 7
              7 40
              ;
set F[542] := 30 31
              31 33
              33 12
              12 11
              11 14
              14 7
              7 8
              8 41
              ;
set F[543] := 30 31
              31 33
              33 12
              12 11
              11 14
              14 7
              7 9
              9 42
              ;
set F[544] := 30 31
              31 33
              33 12
              12 11
              11 14
              14 7
              7 9
              9 10
              10 43
              ;
set F[545] := 30 31
              31 33
              33 12
              12 11
              11 44
              ;
set F[546] := 30 31
              31 33
              33 12
              12 11
              11 14
              14 7
              7 9
              9 13
              13 46
              ;
set F[547] := 30 31
              31 33
              33 12
              12 11
              11 14
              14 47
              ;
set F[548] := 30 29
              29 28
              28 27
              27 26
              26 20
              20 21
              21 22
              22 15
              15 48
              ;
set F[549] := 30 29
              29 28
              28 27
              27 26
              26 20
              20 21
              21 22
              22 23
              23 16
              16 49
              ;
set F[550] := 30 29
              29 28
              28 27
              27 26
              26 20
              20 21
              21 22
              22 23
              23 16
              16 17
              17 50
              ;
set F[551] := 30 29
              29 28
              28 27
              27 26
              26 20
              20 21
              21 22
              22 15
              15 19
              19 18
              18 51
              ;
set F[552] := 30 29
              29 28
              28 27
              27 26
              26 20
              20 21
              21 22
              22 15
              15 19
              19 52
              ;
set F[553] := 30 29
              29 28
              28 27
              27 26
              26 20
              20 53
              ;
set F[554] := 30 29
              29 28
              28 27
              27 26
              26 20
              20 21
              21 54
              ;
set F[555] := 30 29
              29 28
              28 27
              27 26
              26 20
              20 21
              21 22
              22 55
              ;
set F[556] := 30 31
              31 33
              33 24
              24 57
              ;
set F[557] := 30 31
              31 33
              33 24
              24 25
              25 58
              ;
set F[558] := 30 29
              29 28
              28 27
              27 26
              26 59
              ;
set F[559] := 30 29
              29 28
              28 27
              27 60
              ;
set F[560] := 30 29
              29 28
              28 61
              ;
set F[561] := 30 29
              29 62
              ;
set F[562] := 30 31
              31 64
              ;
set F[563] := 30 31
              31 33
              33 66
              ;
set F[564] := 31 33
              33 24
              24 25
              25 3
              3 4
              4 1
              1 34
              ;
set F[565] := 31 33
              33 12
              12 11
              11 14
              14 7
              7 2
              2 35
              ;
set F[566] := 31 33
              33 12
              12 11
              11 14
              14 7
              7 6
              6 39
              ;
set F[567] := 31 33
              33 12
              12 11
              11 14
              14 7
              7 40
              ;
set F[568] := 31 33
              33 12
              12 11
              11 14
              14 7
              7 9
              9 42
              ;
set F[569] := 31 33
              33 12
              12 11
              11 14
              14 7
              7 9
              9 10
              10 43
              ;
set F[570] := 31 33
              33 12
              12 11
              11 44
              ;
set F[571] := 31 33
              33 12
              12 11
              11 14
              14 7
              7 9
              9 13
              13 46
              ;
set F[572] := 31 33
              33 12
              12 11
              11 14
              14 47
              ;
set F[573] := 31 33
              33 12
              12 11
              11 14
              14 20
              20 21
              21 22
              22 15
              15 48
              ;
set F[574] := 31 33
              33 12
              12 11
              11 14
              14 20
              20 21
              21 22
              22 23
              23 16
              16 49
              ;
set F[575] := 31 33
              33 12
              12 11
              11 14
              14 7
              7 9
              9 10
              10 19
              19 18
              18 17
              17 50
              ;
set F[576] := 31 33
              33 12
              12 11
              11 14
              14 7
              7 9
              9 10
              10 19
              19 52
              ;
set F[577] := 31 33
              33 12
              12 11
              11 14
              14 20
              20 53
              ;
set F[578] := 31 33
              33 12
              12 11
              11 14
              14 20
              20 21
              21 54
              ;
set F[579] := 31 33
              33 12
              12 11
              11 14
              14 20
              20 21
              21 22
              22 55
              ;
set F[580] := 31 33
              33 24
              24 57
              ;
set F[581] := 31 33
              33 24
              24 25
              25 58
              ;
set F[582] := 31 30
              30 29
              29 28
              28 27
              27 60
              ;
set F[583] := 31 30
              30 29
              29 28
              28 61
              ;
set F[584] := 31 30
              30 29
              29 62
              ;
set F[585] := 31 30
              30 63
              ;
set F[586] := 31 33
              33 66
              ;
set F[587] := 32 33
              33 24
              24 25
              25 3
              3 4
              4 1
              1 34
              ;
set F[588] := 32 33
              33 12
              12 11
              11 14
              14 7
              7 2
              2 35
              ;
set F[589] := 32 33
              33 12
              12 11
              11 14
              14 7
              7 6
              6 39
              ;
set F[590] := 32 33
              33 12
              12 11
              11 14
              14 7
              7 40
              ;
set F[591] := 32 33
              33 12
              12 11
              11 14
              14 7
              7 9
              9 42
              ;
set F[592] := 32 33
              33 12
              12 11
              11 44
              ;
set F[593] := 32 33
              33 12
              12 11
              11 14
              14 47
              ;
set F[594] := 32 28
              28 27
              27 26
              26 20
              20 21
              21 22
              22 15
              15 48
              ;
set F[595] := 32 28
              28 27
              27 26
              26 20
              20 21
              21 22
              22 23
              23 16
              16 49
              ;
set F[596] := 32 28
              28 27
              27 26
              26 20
              20 21
              21 22
              22 15
              15 19
              19 52
              ;
set F[597] := 32 28
              28 27
              27 26
              26 20
              20 53
              ;
set F[598] := 32 28
              28 27
              27 26
              26 20
              20 21
              21 54
              ;
set F[599] := 32 28
              28 27
              27 26
              26 20
              20 21
              21 22
              22 55
              ;
set F[600] := 32 33
              33 24
              24 57
              ;
set F[601] := 32 33
              33 24
              24 25
              25 58
              ;
set F[602] := 32 28
              28 27
              27 60
              ;
set F[603] := 32 28
              28 61
              ;
set F[604] := 32 28
              28 29
              29 62
              ;
set F[605] := 32 28
              28 29
              29 30
              30 63
              ;
set F[606] := 32 33
              33 31
              31 64
              ;
set F[607] := 32 33
              33 66
              ;
set F[608] := 33 24
              24 25
              25 3
              3 4
              4 1
              1 34
              ;
set F[609] := 33 12
              12 11
              11 14
              14 7
              7 2
              2 35
              ;
set F[610] := 33 12
              12 11
              11 14
              14 7
              7 6
              6 5
              5 38
              ;
set F[611] := 33 12
              12 11
              11 14
              14 7
              7 6
              6 39
              ;
set F[612] := 33 12
              12 11
              11 14
              14 7
              7 40
              ;
set F[613] := 33 12
              12 11
              11 14
              14 7
              7 8
              8 41
              ;
set F[614] := 33 12
              12 11
              11 14
              14 7
              7 9
              9 42
              ;
set F[615] := 33 12
              12 11
              11 14
              14 7
              7 9
              9 10
              10 43
              ;
set F[616] := 33 12
              12 11
              11 44
              ;
set F[617] := 33 12
              12 45
              ;
set F[618] := 33 12
              12 11
              11 14
              14 7
              7 9
              9 13
              13 46
              ;
set F[619] := 33 12
              12 11
              11 14
              14 47
              ;
set F[620] := 33 12
              12 11
              11 14
              14 20
              20 21
              21 22
              22 15
              15 48
              ;
set F[621] := 33 12
              12 11
              11 14
              14 20
              20 21
              21 22
              22 23
              23 16
              16 49
              ;
set F[622] := 33 12
              12 11
              11 14
              14 7
              7 9
              9 10
              10 19
              19 18
              18 17
              17 50
              ;
set F[623] := 33 12
              12 11
              11 14
              14 7
              7 9
              9 10
              10 19
              19 18
              18 51
              ;
set F[624] := 33 12
              12 11
              11 14
              14 7
              7 9
              9 10
              10 19
              19 52
              ;
set F[625] := 33 12
              12 11
              11 14
              14 20
              20 53
              ;
set F[626] := 33 12
              12 11
              11 14
              14 20
              20 21
              21 54
              ;
set F[627] := 33 12
              12 11
              11 14
              14 20
              20 21
              21 22
              22 55
              ;
set F[628] := 33 24
              24 57
              ;
set F[629] := 33 24
              24 25
              25 58
              ;
set F[630] := 33 32
              32 28
              28 27
              27 26
              26 59
              ;
set F[631] := 33 32
              32 28
              28 27
              27 60
              ;
set F[632] := 33 32
              32 28
              28 61
              ;
set F[633] := 33 31
              31 30
              30 29
              29 62
              ;
set F[634] := 33 31
              31 30
              30 63
              ;
set F[635] := 33 31
              31 64
              ;
set Last[1] := 2 35;
set Last[2] := 5 38;
set Last[3] := 6 39;
set Last[4] := 7 40;
set Last[5] := 8 41;
set Last[6] := 9 42;
set Last[7] := 10 43;
set Last[8] := 11 44;
set Last[9] := 13 46;
set Last[10] := 14 47;
set Last[11] := 15 48;
set Last[12] := 16 49;
set Last[13] := 17 50;
set Last[14] := 18 51;
set Last[15] := 19 52;
set Last[16] := 20 53;
set Last[17] := 21 54;
set Last[18] := 22 55;
set Last[19] := 24 57;
set Last[20] := 25 58;
set Last[21] := 27 60;
set Last[22] := 28 61;
set Last[23] := 29 62;
set Last[24] := 30 63;
set Last[25] := 31 64;
set Last[26] := 33 66;
set Last[27] := 1 34;
set Last[28] := 2 35;
set Last[29] := 5 38;
set Last[30] := 6 39;
set Last[31] := 7 40;
set Last[32] := 8 41;
set Last[33] := 9 42;
set Last[34] := 10 43;
set Last[35] := 11 44;
set Last[36] := 13 46;
set Last[37] := 14 47;
set Last[38] := 15 48;
set Last[39] := 16 49;
set Last[40] := 17 50;
set Last[41] := 18 51;
set Last[42] := 19 52;
set Last[43] := 20 53;
set Last[44] := 21 54;
set Last[45] := 22 55;
set Last[46] := 24 57;
set Last[47] := 25 58;
set Last[48] := 26 59;
set Last[49] := 27 60;
set Last[50] := 28 61;
set Last[51] := 29 62;
set Last[52] := 30 63;
set Last[53] := 31 64;
set Last[54] := 33 66;
set Last[55] := 1 34;
set Last[56] := 2 35;
set Last[57] := 6 39;
set Last[58] := 7 40;
set Last[59] := 9 42;
set Last[60] := 11 44;
set Last[61] := 14 47;
set Last[62] := 15 48;
set Last[63] := 16 49;
set Last[64] := 19 52;
set Last[65] := 20 53;
set Last[66] := 21 54;
set Last[67] := 22 55;
set Last[68] := 24 57;
set Last[69] := 27 60;
set Last[70] := 28 61;
set Last[71] := 29 62;
set Last[72] := 31 64;
set Last[73] := 33 66;
set Last[74] := 7 40;
set Last[75] := 1 34;
set Last[76] := 2 35;
set Last[77] := 6 39;
set Last[78] := 9 42;
set Last[79] := 11 44;
set Last[80] := 14 47;
set Last[81] := 15 48;
set Last[82] := 16 49;
set Last[83] := 19 52;
set Last[84] := 20 53;
set Last[85] := 21 54;
set Last[86] := 22 55;
set Last[87] := 24 57;
set Last[88] := 25 58;
set Last[89] := 27 60;
set Last[90] := 28 61;
set Last[91] := 29 62;
set Last[92] := 30 63;
set Last[93] := 31 64;
set Last[94] := 33 66;
set Last[95] := 6 39;
set Last[96] := 7 40;
set Last[97] := 9 42;
set Last[98] := 11 44;
set Last[99] := 14 47;
set Last[100] := 15 48;
set Last[101] := 16 49;
set Last[102] := 19 52;
set Last[103] := 20 53;
set Last[104] := 22 55;
set Last[105] := 24 57;
set Last[106] := 28 61;
set Last[107] := 31 64;
set Last[108] := 33 66;
set Last[109] := 7 40;
set Last[110] := 15 48;
set Last[111] := 19 52;
set Last[112] := 22 55;
set Last[113] := 28 61;
set Last[114] := 31 64;
set Last[115] := 33 66;
set Last[116] := 1 34;
set Last[117] := 2 35;
set Last[118] := 5 38;
set Last[119] := 6 39;
set Last[120] := 7 40;
set Last[121] := 8 41;
set Last[122] := 9 42;
set Last[123] := 11 44;
set Last[124] := 13 46;
set Last[125] := 14 47;
set Last[126] := 15 48;
set Last[127] := 16 49;
set Last[128] := 17 50;
set Last[129] := 18 51;
set Last[130] := 19 52;
set Last[131] := 20 53;
set Last[132] := 21 54;
set Last[133] := 22 55;
set Last[134] := 24 57;
set Last[135] := 25 58;
set Last[136] := 26 59;
set Last[137] := 27 60;
set Last[138] := 28 61;
set Last[139] := 29 62;
set Last[140] := 30 63;
set Last[141] := 31 64;
set Last[142] := 33 66;
set Last[143] := 6 39;
set Last[144] := 7 40;
set Last[145] := 9 42;
set Last[146] := 14 47;
set Last[147] := 15 48;
set Last[148] := 16 49;
set Last[149] := 19 52;
set Last[150] := 20 53;
set Last[151] := 22 55;
set Last[152] := 24 57;
set Last[153] := 28 61;
set Last[154] := 29 62;
set Last[155] := 31 64;
set Last[156] := 33 66;
set Last[157] := 1 34;
set Last[158] := 2 35;
set Last[159] := 5 38;
set Last[160] := 6 39;
set Last[161] := 7 40;
set Last[162] := 8 41;
set Last[163] := 9 42;
set Last[164] := 10 43;
set Last[165] := 11 44;
set Last[166] := 13 46;
set Last[167] := 14 47;
set Last[168] := 15 48;
set Last[169] := 16 49;
set Last[170] := 17 50;
set Last[171] := 18 51;
set Last[172] := 19 52;
set Last[173] := 20 53;
set Last[174] := 21 54;
set Last[175] := 22 55;
set Last[176] := 24 57;
set Last[177] := 25 58;
set Last[178] := 27 60;
set Last[179] := 28 61;
set Last[180] := 29 62;
set Last[181] := 30 63;
set Last[182] := 31 64;
set Last[183] := 33 66;
set Last[184] := 6 39;
set Last[185] := 7 40;
set Last[186] := 9 42;
set Last[187] := 11 44;
set Last[188] := 15 48;
set Last[189] := 16 49;
set Last[190] := 19 52;
set Last[191] := 20 53;
set Last[192] := 22 55;
set Last[193] := 24 57;
set Last[194] := 28 61;
set Last[195] := 31 64;
set Last[196] := 33 66;
set Last[197] := 1 34;
set Last[198] := 2 35;
set Last[199] := 5 38;
set Last[200] := 6 39;
set Last[201] := 7 40;
set Last[202] := 8 41;
set Last[203] := 9 42;
set Last[204] := 10 43;
set Last[205] := 11 44;
set Last[206] := 12 45;
set Last[207] := 13 46;
set Last[208] := 15 48;
set Last[209] := 16 49;
set Last[210] := 17 50;
set Last[211] := 18 51;
set Last[212] := 19 52;
set Last[213] := 20 53;
set Last[214] := 21 54;
set Last[215] := 22 55;
set Last[216] := 24 57;
set Last[217] := 25 58;
set Last[218] := 26 59;
set Last[219] := 27 60;
set Last[220] := 28 61;
set Last[221] := 29 62;
set Last[222] := 30 63;
set Last[223] := 31 64;
set Last[224] := 33 66;
set Last[225] := 1 34;
set Last[226] := 2 35;
set Last[227] := 6 39;
set Last[228] := 7 40;
set Last[229] := 9 42;
set Last[230] := 10 43;
set Last[231] := 11 44;
set Last[232] := 13 46;
set Last[233] := 14 47;
set Last[234] := 16 49;
set Last[235] := 17 50;
set Last[236] := 18 51;
set Last[237] := 19 52;
set Last[238] := 20 53;
set Last[239] := 21 54;
set Last[240] := 22 55;
set Last[241] := 24 57;
set Last[242] := 25 58;
set Last[243] := 27 60;
set Last[244] := 28 61;
set Last[245] := 29 62;
set Last[246] := 30 63;
set Last[247] := 31 64;
set Last[248] := 33 66;
set Last[249] := 1 34;
set Last[250] := 2 35;
set Last[251] := 6 39;
set Last[252] := 7 40;
set Last[253] := 9 42;
set Last[254] := 11 44;
set Last[255] := 14 47;
set Last[256] := 15 48;
set Last[257] := 19 52;
set Last[258] := 20 53;
set Last[259] := 21 54;
set Last[260] := 22 55;
set Last[261] := 24 57;
set Last[262] := 25 58;
set Last[263] := 27 60;
set Last[264] := 28 61;
set Last[265] := 29 62;
set Last[266] := 30 63;
set Last[267] := 31 64;
set Last[268] := 33 66;
set Last[269] := 7 40;
set Last[270] := 9 42;
set Last[271] := 11 44;
set Last[272] := 15 48;
set Last[273] := 16 49;
set Last[274] := 19 52;
set Last[275] := 22 55;
set Last[276] := 24 57;
set Last[277] := 28 61;
set Last[278] := 31 64;
set Last[279] := 33 66;
set Last[280] := 7 40;
set Last[281] := 1 34;
set Last[282] := 2 35;
set Last[283] := 6 39;
set Last[284] := 7 40;
set Last[285] := 9 42;
set Last[286] := 10 43;
set Last[287] := 11 44;
set Last[288] := 13 46;
set Last[289] := 14 47;
set Last[290] := 15 48;
set Last[291] := 16 49;
set Last[292] := 17 50;
set Last[293] := 20 53;
set Last[294] := 21 54;
set Last[295] := 22 55;
set Last[296] := 24 57;
set Last[297] := 25 58;
set Last[298] := 27 60;
set Last[299] := 28 61;
set Last[300] := 29 62;
set Last[301] := 30 63;
set Last[302] := 31 64;
set Last[303] := 33 66;
set Last[304] := 1 34;
set Last[305] := 2 35;
set Last[306] := 5 38;
set Last[307] := 6 39;
set Last[308] := 7 40;
set Last[309] := 8 41;
set Last[310] := 9 42;
set Last[311] := 10 43;
set Last[312] := 11 44;
set Last[313] := 13 46;
set Last[314] := 14 47;
set Last[315] := 15 48;
set Last[316] := 16 49;
set Last[317] := 17 50;
set Last[318] := 18 51;
set Last[319] := 19 52;
set Last[320] := 21 54;
set Last[321] := 22 55;
set Last[322] := 24 57;
set Last[323] := 25 58;
set Last[324] := 27 60;
set Last[325] := 28 61;
set Last[326] := 29 62;
set Last[327] := 30 63;
set Last[328] := 31 64;
set Last[329] := 33 66;
set Last[330] := 1 34;
set Last[331] := 2 35;
set Last[332] := 5 38;
set Last[333] := 6 39;
set Last[334] := 7 40;
set Last[335] := 8 41;
set Last[336] := 9 42;
set Last[337] := 10 43;
set Last[338] := 11 44;
set Last[339] := 13 46;
set Last[340] := 14 47;
set Last[341] := 15 48;
set Last[342] := 16 49;
set Last[343] := 17 50;
set Last[344] := 18 51;
set Last[345] := 19 52;
set Last[346] := 20 53;
set Last[347] := 22 55;
set Last[348] := 24 57;
set Last[349] := 25 58;
set Last[350] := 27 60;
set Last[351] := 28 61;
set Last[352] := 29 62;
set Last[353] := 30 63;
set Last[354] := 31 64;
set Last[355] := 33 66;
set Last[356] := 1 34;
set Last[357] := 2 35;
set Last[358] := 5 38;
set Last[359] := 6 39;
set Last[360] := 7 40;
set Last[361] := 8 41;
set Last[362] := 9 42;
set Last[363] := 10 43;
set Last[364] := 11 44;
set Last[365] := 13 46;
set Last[366] := 14 47;
set Last[367] := 15 48;
set Last[368] := 16 49;
set Last[369] := 17 50;
set Last[370] := 18 51;
set Last[371] := 19 52;
set Last[372] := 20 53;
set Last[373] := 21 54;
set Last[374] := 24 57;
set Last[375] := 25 58;
set Last[376] := 26 59;
set Last[377] := 27 60;
set Last[378] := 28 61;
set Last[379] := 29 62;
set Last[380] := 30 63;
set Last[381] := 31 64;
set Last[382] := 33 66;
set Last[383] := 1 34;
set Last[384] := 2 35;
set Last[385] := 5 38;
set Last[386] := 6 39;
set Last[387] := 7 40;
set Last[388] := 9 42;
set Last[389] := 10 43;
set Last[390] := 11 44;
set Last[391] := 13 46;
set Last[392] := 14 47;
set Last[393] := 15 48;
set Last[394] := 16 49;
set Last[395] := 17 50;
set Last[396] := 18 51;
set Last[397] := 19 52;
set Last[398] := 20 53;
set Last[399] := 21 54;
set Last[400] := 22 55;
set Last[401] := 24 57;
set Last[402] := 25 58;
set Last[403] := 27 60;
set Last[404] := 28 61;
set Last[405] := 29 62;
set Last[406] := 30 63;
set Last[407] := 31 64;
set Last[408] := 33 66;
set Last[409] := 1 34;
set Last[410] := 2 35;
set Last[411] := 5 38;
set Last[412] := 6 39;
set Last[413] := 7 40;
set Last[414] := 8 41;
set Last[415] := 9 42;
set Last[416] := 10 43;
set Last[417] := 11 44;
set Last[418] := 13 46;
set Last[419] := 14 47;
set Last[420] := 15 48;
set Last[421] := 16 49;
set Last[422] := 17 50;
set Last[423] := 18 51;
set Last[424] := 19 52;
set Last[425] := 20 53;
set Last[426] := 21 54;
set Last[427] := 22 55;
set Last[428] := 25 58;
set Last[429] := 26 59;
set Last[430] := 27 60;
set Last[431] := 28 61;
set Last[432] := 29 62;
set Last[433] := 30 63;
set Last[434] := 31 64;
set Last[435] := 33 66;
set Last[436] := 1 34;
set Last[437] := 2 35;
set Last[438] := 5 38;
set Last[439] := 6 39;
set Last[440] := 7 40;
set Last[441] := 8 41;
set Last[442] := 9 42;
set Last[443] := 10 43;
set Last[444] := 11 44;
set Last[445] := 13 46;
set Last[446] := 14 47;
set Last[447] := 15 48;
set Last[448] := 16 49;
set Last[449] := 17 50;
set Last[450] := 18 51;
set Last[451] := 19 52;
set Last[452] := 20 53;
set Last[453] := 21 54;
set Last[454] := 22 55;
set Last[455] := 24 57;
set Last[456] := 26 59;
set Last[457] := 27 60;
set Last[458] := 28 61;
set Last[459] := 29 62;
set Last[460] := 30 63;
set Last[461] := 31 64;
set Last[462] := 33 66;
set Last[463] := 1 34;
set Last[464] := 2 35;
set Last[465] := 6 39;
set Last[466] := 7 40;
set Last[467] := 9 42;
set Last[468] := 11 44;
set Last[469] := 14 47;
set Last[470] := 15 48;
set Last[471] := 16 49;
set Last[472] := 17 50;
set Last[473] := 19 52;
set Last[474] := 20 53;
set Last[475] := 21 54;
set Last[476] := 22 55;
set Last[477] := 24 57;
set Last[478] := 25 58;
set Last[479] := 27 60;
set Last[480] := 28 61;
set Last[481] := 29 62;
set Last[482] := 30 63;
set Last[483] := 31 64;
set Last[484] := 33 66;
set Last[485] := 1 34;
set Last[486] := 2 35;
set Last[487] := 5 38;
set Last[488] := 6 39;
set Last[489] := 7 40;
set Last[490] := 8 41;
set Last[491] := 9 42;
set Last[492] := 10 43;
set Last[493] := 11 44;
set Last[494] := 13 46;
set Last[495] := 14 47;
set Last[496] := 15 48;
set Last[497] := 16 49;
set Last[498] := 17 50;
set Last[499] := 18 51;
set Last[500] := 19 52;
set Last[501] := 20 53;
set Last[502] := 21 54;
set Last[503] := 22 55;
set Last[504] := 24 57;
set Last[505] := 25 58;
set Last[506] := 28 61;
set Last[507] := 29 62;
set Last[508] := 30 63;
set Last[509] := 31 64;
set Last[510] := 33 66;
set Last[511] := 1 34;
set Last[512] := 2 35;
set Last[513] := 5 38;
set Last[514] := 6 39;
set Last[515] := 7 40;
set Last[516] := 8 41;
set Last[517] := 9 42;
set Last[518] := 10 43;
set Last[519] := 11 44;
set Last[520] := 13 46;
set Last[521] := 14 47;
set Last[522] := 15 48;
set Last[523] := 16 49;
set Last[524] := 17 50;
set Last[525] := 18 51;
set Last[526] := 19 52;
set Last[527] := 20 53;
set Last[528] := 21 54;
set Last[529] := 22 55;
set Last[530] := 24 57;
set Last[531] := 25 58;
set Last[532] := 27 60;
set Last[533] := 28 61;
set Last[534] := 30 63;
set Last[535] := 31 64;
set Last[536] := 33 66;
set Last[537] := 1 34;
set Last[538] := 2 35;
set Last[539] := 5 38;
set Last[540] := 6 39;
set Last[541] := 7 40;
set Last[542] := 8 41;
set Last[543] := 9 42;
set Last[544] := 10 43;
set Last[545] := 11 44;
set Last[546] := 13 46;
set Last[547] := 14 47;
set Last[548] := 15 48;
set Last[549] := 16 49;
set Last[550] := 17 50;
set Last[551] := 18 51;
set Last[552] := 19 52;
set Last[553] := 20 53;
set Last[554] := 21 54;
set Last[555] := 22 55;
set Last[556] := 24 57;
set Last[557] := 25 58;
set Last[558] := 26 59;
set Last[559] := 27 60;
set Last[560] := 28 61;
set Last[561] := 29 62;
set Last[562] := 31 64;
set Last[563] := 33 66;
set Last[564] := 1 34;
set Last[565] := 2 35;
set Last[566] := 6 39;
set Last[567] := 7 40;
set Last[568] := 9 42;
set Last[569] := 10 43;
set Last[570] := 11 44;
set Last[571] := 13 46;
set Last[572] := 14 47;
set Last[573] := 15 48;
set Last[574] := 16 49;
set Last[575] := 17 50;
set Last[576] := 19 52;
set Last[577] := 20 53;
set Last[578] := 21 54;
set Last[579] := 22 55;
set Last[580] := 24 57;
set Last[581] := 25 58;
set Last[582] := 27 60;
set Last[583] := 28 61;
set Last[584] := 29 62;
set Last[585] := 30 63;
set Last[586] := 33 66;
set Last[587] := 1 34;
set Last[588] := 2 35;
set Last[589] := 6 39;
set Last[590] := 7 40;
set Last[591] := 9 42;
set Last[592] := 11 44;
set Last[593] := 14 47;
set Last[594] := 15 48;
set Last[595] := 16 49;
set Last[596] := 19 52;
set Last[597] := 20 53;
set Last[598] := 21 54;
set Last[599] := 22 55;
set Last[600] := 24 57;
set Last[601] := 25 58;
set Last[602] := 27 60;
set Last[603] := 28 61;
set Last[604] := 29 62;
set Last[605] := 30 63;
set Last[606] := 31 64;
set Last[607] := 33 66;
set Last[608] := 1 34;
set Last[609] := 2 35;
set Last[610] := 5 38;
set Last[611] := 6 39;
set Last[612] := 7 40;
set Last[613] := 8 41;
set Last[614] := 9 42;
set Last[615] := 10 43;
set Last[616] := 11 44;
set Last[617] := 12 45;
set Last[618] := 13 46;
set Last[619] := 14 47;
set Last[620] := 15 48;
set Last[621] := 16 49;
set Last[622] := 17 50;
set Last[623] := 18 51;
set Last[624] := 19 52;
set Last[625] := 20 53;
set Last[626] := 21 54;
set Last[627] := 22 55;
set Last[628] := 24 57;
set Last[629] := 25 58;
set Last[630] := 26 59;
set Last[631] := 27 60;
set Last[632] := 28 61;
set Last[633] := 29 62;
set Last[634] := 30 63;
set Last[635] := 31 64;

param q := 5;

end;
