data;

set V := 1 2 3 4 6 7 8 9 10 11 12 13 14 15 16 17 18 19 20 21 22 23 24 25 27 32 35 36 37 39 41 42 43 44;

set A := 1 2
         1 4
         1 24
         2 1
         2 7
         2 25
         3 4
         3 22
         4 1
         4 3
         4 27
         6 8
         6 9
         7 2
         7 8
         8 6
         8 7
         9 6
         9 10
         9 12
         9 32
         10 9
         10 13
         11 9
         12 9
         12 35
         13 10
         13 15
         13 36
         14 15
         14 23
         14 37
         15 13
         15 14
         16 17
         16 23
         16 39
         17 16
         17 18
         18 17
         18 19
         18 41
         19 18
         19 21
         19 42
         20 21
         20 22
         20 43
         21 19
         21 20
         21 22
         21 44
         22 3
         22 20
         22 21
         23 14
         23 16
         ;

set S := 1 2 3 4 5 6 7 8 9 10 11 12 13 14 15 16 17 18 19 20 21 22 23 24 25 26 27 28 29 30 31 32 33 34 35 36 37 38 39 40 41 42 43 44 45 46 47 48 49 50 51 52 53 54 55 56 57 58 59 60 61 62 63 64 65 66 67 68 69 70 71 72 73 74 75 76 77 78 79 80 81 82 83 84 85 86 87 88 89 90 91 92 93 94 95 96 97 98 99 100 101 102;

set F[1] := 1 2
            2 7
            7 8
            8 6
            6 9
            9 32
            ;
set F[2] := 1 4
            4 3
            3 22
            22 21
            21 44
            ;
set F[3] := 2 1
            1 24
            ;
set F[4] := 2 7
            7 8
            8 6
            6 9
            9 32
            ;
set F[5] := 2 7
            7 8
            8 6
            6 9
            9 10
            10 13
            13 36
            ;
set F[6] := 2 7
            7 8
            8 6
            6 9
            9 10
            10 13
            13 15
            15 14
            14 37
            ;
set F[7] := 2 1
            1 4
            4 3
            3 22
            22 21
            21 19
            19 18
            18 17
            17 16
            16 39
            ;
set F[8] := 2 1
            1 4
            4 3
            3 22
            22 21
            21 19
            19 18
            18 41
            ;
set F[9] := 2 1
            1 4
            4 3
            3 22
            22 21
            21 19
            19 42
            ;
set F[10] := 2 1
             1 4
             4 3
             3 22
             22 20
             20 43
             ;
set F[11] := 2 1
             1 4
             4 3
             3 22
             22 21
             21 44
             ;
set F[12] := 3 4
             4 1
             1 24
             ;
set F[13] := 3 4
             4 1
             1 2
             2 7
             7 8
             8 6
             6 9
             9 32
             ;
set F[14] := 3 22
             22 21
             21 19
             19 18
             18 17
             17 16
             16 23
             23 14
             14 37
             ;
set F[15] := 3 22
             22 21
             21 19
             19 18
             18 41
             ;
set F[16] := 3 22
             22 21
             21 19
             19 42
             ;
set F[17] := 3 22
             22 20
             20 43
             ;
set F[18] := 3 22
             22 21
             21 44
             ;
set F[19] := 6 8
             8 7
             7 2
             2 1
             1 24
             ;
set F[20] := 6 8
             8 7
             7 2
             2 25
             ;
set F[21] := 6 9
             9 32
             ;
set F[22] := 6 9
             9 10
             10 13
             13 36
             ;
set F[23] := 6 9
             9 10
             10 13
             13 15
             15 14
             14 37
             ;
set F[24] := 6 9
             9 10
             10 13
             13 15
             15 14
             14 23
             23 16
             16 39
             ;
set F[25] := 6 9
             9 10
             10 13
             13 15
             15 14
             14 23
             23 16
             16 17
             17 18
             18 41
             ;
set F[26] := 6 8
             8 7
             7 2
             2 1
             1 4
             4 3
             3 22
             22 21
             21 19
             19 42
             ;
set F[27] := 6 8
             8 7
             7 2
             2 1
             1 4
             4 3
             3 22
             22 20
             20 43
             ;
set F[28] := 6 8
             8 7
             7 2
             2 1
             1 4
             4 3
             3 22
             22 21
             21 44
             ;
set F[29] := 9 6
             6 8
             8 7
             7 2
             2 1
             1 24
             ;
set F[30] := 9 6
             6 8
             8 7
             7 2
             2 25
             ;
set F[31] := 9 6
             6 8
             8 7
             7 2
             2 1
             1 4
             4 27
             ;
set F[32] := 9 12
             12 35
             ;
set F[33] := 9 10
             10 13
             13 36
             ;
set F[34] := 9 10
             10 13
             13 15
             15 14
             14 37
             ;
set F[35] := 9 10
             10 13
             13 15
             15 14
             14 23
             23 16
             16 39
             ;
set F[36] := 9 10
             10 13
             13 15
             15 14
             14 23
             23 16
             16 17
             17 18
             18 41
             ;
set F[37] := 9 10
             10 13
             13 15
             15 14
             14 23
             23 16
             16 17
             17 18
             18 19
             19 42
             ;
set F[38] := 9 6
             6 8
             8 7
             7 2
             2 1
             1 4
             4 3
             3 22
             22 20
             20 43
             ;
set F[39] := 9 6
             6 8
             8 7
             7 2
             2 1
             1 4
             4 3
             3 22
             22 21
             21 44
             ;
set F[40] := 10 9
             9 6
             6 8
             8 7
             7 2
             2 1
             1 24
             ;
set F[41] := 10 9
             9 32
             ;
set F[42] := 10 13
             13 15
             15 14
             14 23
             23 16
             16 17
             17 18
             18 41
             ;
set F[43] := 10 13
             13 15
             15 14
             14 23
             23 16
             16 17
             17 18
             18 19
             19 42
             ;
set F[44] := 10 9
             9 6
             6 8
             8 7
             7 2
             2 1
             1 4
             4 3
             3 22
             22 20
             20 43
             ;
set F[45] := 10 13
             13 15
             15 14
             14 23
             23 16
             16 17
             17 18
             18 19
             19 21
             21 44
             ;
set F[46] := 11 9
             9 32
             ;
set F[47] := 11 9
             9 6
             6 8
             8 7
             7 2
             2 1
             1 4
             4 3
             3 22
             22 21
             21 44
             ;
set F[48] := 12 9
             9 32
             ;
set F[49] := 12 9
             9 6
             6 8
             8 7
             7 2
             2 1
             1 4
             4 3
             3 22
             22 21
             21 44
             ;
set F[50] := 13 10
             10 9
             9 6
             6 8
             8 7
             7 2
             2 1
             1 24
             ;
set F[51] := 13 10
             10 9
             9 32
             ;
set F[52] := 13 15
             15 14
             14 37
             ;
set F[53] := 13 15
             15 14
             14 23
             23 16
             16 17
             17 18
             18 41
             ;
set F[54] := 13 15
             15 14
             14 23
             23 16
             16 17
             17 18
             18 19
             19 42
             ;
set F[55] := 13 15
             15 14
             14 23
             23 16
             16 17
             17 18
             18 19
             19 21
             21 20
             20 43
             ;
set F[56] := 13 15
             15 14
             14 23
             23 16
             16 17
             17 18
             18 19
             19 21
             21 44
             ;
set F[57] := 14 15
             15 13
             13 10
             10 9
             9 6
             6 8
             8 7
             7 2
             2 1
             1 24
             ;
set F[58] := 14 15
             15 13
             13 10
             10 9
             9 32
             ;
set F[59] := 14 23
             23 16
             16 17
             17 18
             18 19
             19 42
             ;
set F[60] := 14 23
             23 16
             16 17
             17 18
             18 19
             19 21
             21 20
             20 43
             ;
set F[61] := 14 23
             23 16
             16 17
             17 18
             18 19
             19 21
             21 44
             ;
set F[62] := 16 17
             17 18
             18 19
             19 21
             21 22
             22 3
             3 4
             4 1
             1 24
             ;
set F[63] := 16 23
             23 14
             14 15
             15 13
             13 10
             10 9
             9 32
             ;
set F[64] := 16 23
             23 14
             14 37
             ;
set F[65] := 16 17
             17 18
             18 41
             ;
set F[66] := 16 17
             17 18
             18 19
             19 42
             ;
set F[67] := 16 17
             17 18
             18 19
             19 21
             21 20
             20 43
             ;
set F[68] := 16 17
             17 18
             18 19
             19 21
             21 44
             ;
set F[69] := 17 18
             18 19
             19 21
             21 22
             22 3
             3 4
             4 1
             1 24
             ;
set F[70] := 17 16
             16 23
             23 14
             14 15
             15 13
             13 10
             10 9
             9 32
             ;
set F[71] := 17 16
             16 23
             23 14
             14 37
             ;
set F[72] := 17 18
             18 41
             ;
set F[73] := 17 18
             18 19
             19 42
             ;
set F[74] := 17 18
             18 19
             19 21
             21 20
             20 43
             ;
set F[75] := 17 18
             18 19
             19 21
             21 44
             ;
set F[76] := 18 19
             19 21
             21 22
             22 3
             3 4
             4 1
             1 24
             ;
set F[77] := 18 17
             17 16
             16 23
             23 14
             14 15
             15 13
             13 10
             10 9
             9 32
             ;
set F[78] := 18 17
             17 16
             16 23
             23 14
             14 37
             ;
set F[79] := 18 19
             19 42
             ;
set F[80] := 18 19
             19 21
             21 20
             20 43
             ;
set F[81] := 18 19
             19 21
             21 44
             ;
set F[82] := 19 21
             21 22
             22 3
             3 4
             4 1
             1 24
             ;
set F[83] := 19 18
             18 17
             17 16
             16 23
             23 14
             14 15
             15 13
             13 10
             10 9
             9 32
             ;
set F[84] := 19 21
             21 20
             20 43
             ;
set F[85] := 19 21
             21 44
             ;
set F[86] := 20 22
             22 3
             3 4
             4 1
             1 24
             ;
set F[87] := 20 22
             22 3
             3 4
             4 1
             1 2
             2 7
             7 8
             8 6
             6 9
             9 32
             ;
set F[88] := 20 21
             21 19
             19 18
             18 17
             17 16
             16 23
             23 14
             14 37
             ;
set F[89] := 20 21
             21 19
             19 18
             18 41
             ;
set F[90] := 20 21
             21 19
             19 42
             ;
set F[91] := 20 21
             21 44
             ;
set F[92] := 21 22
             22 3
             3 4
             4 1
             1 24
             ;
set F[93] := 21 22
             22 3
             3 4
             4 1
             1 2
             2 7
             7 8
             8 6
             6 9
             9 32
             ;
set F[94] := 21 19
             19 42
             ;
set F[95] := 21 20
             20 43
             ;
set F[96] := 22 3
             3 4
             4 1
             1 24
             ;
set F[97] := 22 3
             3 4
             4 1
             1 2
             2 7
             7 8
             8 6
             6 9
             9 32
             ;
set F[98] := 22 21
             21 19
             19 18
             18 41
             ;
set F[99] := 22 21
             21 19
             19 42
             ;
set F[100] := 22 20
              20 43
              ;
set F[101] := 22 21
              21 44
              ;
set F[102] := 23 14
              14 15
              15 13
              13 10
              10 9
              9 32
              ;
set Last[1] := 9 32;
set Last[2] := 21 44;
set Last[3] := 1 24;
set Last[4] := 9 32;
set Last[5] := 13 36;
set Last[6] := 14 37;
set Last[7] := 16 39;
set Last[8] := 18 41;
set Last[9] := 19 42;
set Last[10] := 20 43;
set Last[11] := 21 44;
set Last[12] := 1 24;
set Last[13] := 9 32;
set Last[14] := 14 37;
set Last[15] := 18 41;
set Last[16] := 19 42;
set Last[17] := 20 43;
set Last[18] := 21 44;
set Last[19] := 1 24;
set Last[20] := 2 25;
set Last[21] := 9 32;
set Last[22] := 13 36;
set Last[23] := 14 37;
set Last[24] := 16 39;
set Last[25] := 18 41;
set Last[26] := 19 42;
set Last[27] := 20 43;
set Last[28] := 21 44;
set Last[29] := 1 24;
set Last[30] := 2 25;
set Last[31] := 4 27;
set Last[32] := 12 35;
set Last[33] := 13 36;
set Last[34] := 14 37;
set Last[35] := 16 39;
set Last[36] := 18 41;
set Last[37] := 19 42;
set Last[38] := 20 43;
set Last[39] := 21 44;
set Last[40] := 1 24;
set Last[41] := 9 32;
set Last[42] := 18 41;
set Last[43] := 19 42;
set Last[44] := 20 43;
set Last[45] := 21 44;
set Last[46] := 9 32;
set Last[47] := 21 44;
set Last[48] := 9 32;
set Last[49] := 21 44;
set Last[50] := 1 24;
set Last[51] := 9 32;
set Last[52] := 14 37;
set Last[53] := 18 41;
set Last[54] := 19 42;
set Last[55] := 20 43;
set Last[56] := 21 44;
set Last[57] := 1 24;
set Last[58] := 9 32;
set Last[59] := 19 42;
set Last[60] := 20 43;
set Last[61] := 21 44;
set Last[62] := 1 24;
set Last[63] := 9 32;
set Last[64] := 14 37;
set Last[65] := 18 41;
set Last[66] := 19 42;
set Last[67] := 20 43;
set Last[68] := 21 44;
set Last[69] := 1 24;
set Last[70] := 9 32;
set Last[71] := 14 37;
set Last[72] := 18 41;
set Last[73] := 19 42;
set Last[74] := 20 43;
set Last[75] := 21 44;
set Last[76] := 1 24;
set Last[77] := 9 32;
set Last[78] := 14 37;
set Last[79] := 19 42;
set Last[80] := 20 43;
set Last[81] := 21 44;
set Last[82] := 1 24;
set Last[83] := 9 32;
set Last[84] := 20 43;
set Last[85] := 21 44;
set Last[86] := 1 24;
set Last[87] := 9 32;
set Last[88] := 14 37;
set Last[89] := 18 41;
set Last[90] := 19 42;
set Last[91] := 21 44;
set Last[92] := 1 24;
set Last[93] := 9 32;
set Last[94] := 19 42;
set Last[95] := 20 43;
set Last[96] := 1 24;
set Last[97] := 9 32;
set Last[98] := 18 41;
set Last[99] := 19 42;
set Last[100] := 20 43;
set Last[101] := 21 44;
set Last[102] := 9 32;

param q := 5;

end;
