data;

set V := 1 2 3 4 5 6 7 8 9 10 11 12 13 14 15 16 17 18 19 20 21 22 23 24 25 26 27 28 29 30 31 32 33 35 36 37 38 39 40 41 42 43 44 45 46 47 48 49 50 51 52 53 54;

set A := 1 2
         1 28
         2 1
         2 16
         2 19
         2 29
         3 19
         3 30
         4 19
         4 31
         5 8
         5 32
         6 8
         6 33
         7 8
         8 5
         8 6
         8 9
         8 12
         8 35
         9 8
         9 10
         9 14
         9 18
         9 36
         10 9
         10 37
         11 12
         11 38
         12 8
         12 11
         12 13
         12 16
         12 39
         13 12
         13 40
         14 9
         14 41
         15 16
         15 42
         16 2
         16 12
         16 15
         16 17
         16 24
         16 43
         17 16
         17 44
         18 9
         18 21
         18 45
         19 2
         19 3
         19 4
         19 25
         19 46
         20 21
         20 47
         21 18
         21 20
         21 22
         21 24
         21 48
         22 21
         22 49
         23 24
         23 50
         24 16
         24 21
         24 23
         24 25
         24 51
         25 19
         25 24
         25 26
         25 27
         25 52
         26 25
         26 53
         27 25
         27 54
         ;

set S := 1 2 3 4 5 6 7 8 9 10 11 12 13 14 15 16 17 18 19 20 21 22 23 24 25 26 27 28 29 30 31 32 33 34 35 36 37 38 39 40 41 42 43 44 45 46 47 48 49 50 51 52 53 54 55 56 57 58 59 60 61 62 63 64 65 66 67 68 69 70 71 72 73 74 75 76 77 78 79 80 81 82 83 84 85 86 87 88 89 90 91 92 93 94 95 96 97 98 99 100 101 102 103 104 105 106 107 108 109 110 111 112 113 114 115 116 117 118 119 120 121 122 123 124 125 126 127 128 129 130 131 132 133 134 135 136 137 138 139 140 141 142 143 144 145 146 147 148 149 150 151 152 153 154 155 156 157 158 159 160 161 162 163 164 165 166 167 168 169 170 171 172 173 174 175 176 177 178 179 180 181 182 183 184 185 186 187 188 189 190 191 192 193 194 195 196 197 198 199 200 201 202 203 204 205 206 207 208 209 210 211 212 213 214 215 216 217 218 219 220 221 222 223 224 225 226 227 228 229 230 231 232 233 234 235 236 237 238 239 240 241 242 243 244 245 246 247 248 249 250 251 252 253 254 255 256 257 258 259 260 261 262 263 264 265 266 267 268 269 270 271 272 273 274 275 276 277 278 279 280 281 282 283 284 285 286 287 288 289 290 291 292 293 294 295 296 297 298 299 300 301 302 303 304 305 306 307 308 309 310 311 312 313 314 315 316 317 318 319 320 321 322 323 324 325 326 327 328 329 330 331 332 333 334 335 336 337 338 339 340 341 342 343 344 345 346 347 348 349 350 351 352 353 354 355 356 357 358 359 360 361 362 363 364 365 366 367 368 369 370 371 372 373 374 375 376 377 378 379 380 381 382 383 384 385 386 387 388 389 390 391 392 393 394 395 396 397 398 399 400 401 402 403 404 405 406 407 408 409 410 411 412 413 414 415 416 417 418 419 420 421 422 423;

set F[1] := 1 2
            2 29
            ;
set F[2] := 1 2
            2 19
            19 4
            4 31
            ;
set F[3] := 1 2
            2 16
            16 12
            12 8
            8 35
            ;
set F[4] := 1 2
            2 16
            16 12
            12 8
            8 9
            9 36
            ;
set F[5] := 1 2
            2 16
            16 12
            12 8
            8 9
            9 10
            10 37
            ;
set F[6] := 1 2
            2 16
            16 12
            12 11
            11 38
            ;
set F[7] := 1 2
            2 16
            16 12
            12 39
            ;
set F[8] := 1 2
            2 16
            16 12
            12 13
            13 40
            ;
set F[9] := 1 2
            2 16
            16 12
            12 8
            8 9
            9 14
            14 41
            ;
set F[10] := 1 2
             2 16
             16 43
             ;
set F[11] := 1 2
             2 16
             16 17
             17 44
             ;
set F[12] := 1 2
             2 16
             16 24
             24 21
             21 18
             18 45
             ;
set F[13] := 1 2
             2 19
             19 46
             ;
set F[14] := 1 2
             2 16
             16 24
             24 21
             21 20
             20 47
             ;
set F[15] := 1 2
             2 16
             16 24
             24 21
             21 48
             ;
set F[16] := 1 2
             2 16
             16 24
             24 21
             21 22
             22 49
             ;
set F[17] := 1 2
             2 16
             16 24
             24 23
             23 50
             ;
set F[18] := 1 2
             2 16
             16 24
             24 51
             ;
set F[19] := 1 2
             2 19
             19 25
             25 52
             ;
set F[20] := 2 19
             19 4
             4 31
             ;
set F[21] := 2 16
             16 12
             12 8
             8 35
             ;
set F[22] := 2 16
             16 12
             12 8
             8 9
             9 10
             10 37
             ;
set F[23] := 2 16
             16 12
             12 11
             11 38
             ;
set F[24] := 2 16
             16 12
             12 39
             ;
set F[25] := 2 16
             16 12
             12 13
             13 40
             ;
set F[26] := 2 16
             16 43
             ;
set F[27] := 2 16
             16 17
             17 44
             ;
set F[28] := 2 16
             16 24
             24 21
             21 18
             18 45
             ;
set F[29] := 2 19
             19 46
             ;
set F[30] := 2 16
             16 24
             24 21
             21 20
             20 47
             ;
set F[31] := 2 16
             16 24
             24 21
             21 48
             ;
set F[32] := 2 16
             16 24
             24 21
             21 22
             22 49
             ;
set F[33] := 2 16
             16 24
             24 23
             23 50
             ;
set F[34] := 2 16
             16 24
             24 51
             ;
set F[35] := 2 19
             19 25
             25 52
             ;
set F[36] := 3 19
             19 2
             2 29
             ;
set F[37] := 3 19
             19 2
             2 16
             16 12
             12 8
             8 35
             ;
set F[38] := 3 19
             19 2
             2 16
             16 12
             12 39
             ;
set F[39] := 3 19
             19 2
             2 16
             16 43
             ;
set F[40] := 3 19
             19 25
             25 24
             24 21
             21 18
             18 45
             ;
set F[41] := 3 19
             19 46
             ;
set F[42] := 3 19
             19 25
             25 24
             24 21
             21 48
             ;
set F[43] := 3 19
             19 25
             25 24
             24 51
             ;
set F[44] := 3 19
             19 25
             25 52
             ;
set F[45] := 4 19
             19 2
             2 29
             ;
set F[46] := 4 19
             19 2
             2 16
             16 12
             12 8
             8 35
             ;
set F[47] := 4 19
             19 2
             2 16
             16 12
             12 39
             ;
set F[48] := 4 19
             19 2
             2 16
             16 43
             ;
set F[49] := 4 19
             19 46
             ;
set F[50] := 4 19
             19 25
             25 24
             24 21
             21 48
             ;
set F[51] := 4 19
             19 25
             25 24
             24 51
             ;
set F[52] := 4 19
             19 25
             25 52
             ;
set F[53] := 5 8
             8 12
             12 39
             ;
set F[54] := 5 8
             8 12
             12 16
             16 43
             ;
set F[55] := 5 8
             8 12
             12 16
             16 2
             2 19
             19 46
             ;
set F[56] := 5 8
             8 12
             12 16
             16 24
             24 51
             ;
set F[57] := 5 8
             8 12
             12 16
             16 24
             24 25
             25 52
             ;
set F[58] := 6 8
             8 12
             12 16
             16 2
             2 29
             ;
set F[59] := 6 8
             8 12
             12 16
             16 2
             2 19
             19 4
             4 31
             ;
set F[60] := 6 8
             8 35
             ;
set F[61] := 6 8
             8 12
             12 39
             ;
set F[62] := 6 8
             8 12
             12 13
             13 40
             ;
set F[63] := 6 8
             8 12
             12 16
             16 43
             ;
set F[64] := 6 8
             8 9
             9 18
             18 45
             ;
set F[65] := 6 8
             8 12
             12 16
             16 2
             2 19
             19 46
             ;
set F[66] := 6 8
             8 9
             9 18
             18 21
             21 20
             20 47
             ;
set F[67] := 6 8
             8 9
             9 18
             18 21
             21 48
             ;
set F[68] := 6 8
             8 9
             9 18
             18 21
             21 22
             22 49
             ;
set F[69] := 6 8
             8 12
             12 16
             16 24
             24 23
             23 50
             ;
set F[70] := 6 8
             8 12
             12 16
             16 24
             24 51
             ;
set F[71] := 6 8
             8 12
             12 16
             16 24
             24 25
             25 52
             ;
set F[72] := 7 8
             8 12
             12 16
             16 2
             2 29
             ;
set F[73] := 7 8
             8 12
             12 16
             16 2
             2 19
             19 4
             4 31
             ;
set F[74] := 7 8
             8 35
             ;
set F[75] := 7 8
             8 12
             12 11
             11 38
             ;
set F[76] := 7 8
             8 12
             12 39
             ;
set F[77] := 7 8
             8 12
             12 13
             13 40
             ;
set F[78] := 7 8
             8 12
             12 16
             16 43
             ;
set F[79] := 7 8
             8 12
             12 16
             16 17
             17 44
             ;
set F[80] := 7 8
             8 9
             9 18
             18 45
             ;
set F[81] := 7 8
             8 12
             12 16
             16 2
             2 19
             19 46
             ;
set F[82] := 7 8
             8 9
             9 18
             18 21
             21 20
             20 47
             ;
set F[83] := 7 8
             8 9
             9 18
             18 21
             21 48
             ;
set F[84] := 7 8
             8 9
             9 18
             18 21
             21 22
             22 49
             ;
set F[85] := 7 8
             8 12
             12 16
             16 24
             24 23
             23 50
             ;
set F[86] := 7 8
             8 12
             12 16
             16 24
             24 51
             ;
set F[87] := 7 8
             8 12
             12 16
             16 24
             24 25
             25 52
             ;
set F[88] := 8 12
             12 16
             16 2
             2 1
             1 28
             ;
set F[89] := 8 12
             12 16
             16 2
             2 29
             ;
set F[90] := 8 12
             12 16
             16 2
             2 19
             19 3
             3 30
             ;
set F[91] := 8 12
             12 16
             16 2
             2 19
             19 4
             4 31
             ;
set F[92] := 8 6
             6 33
             ;
set F[93] := 8 9
             9 36
             ;
set F[94] := 8 9
             9 10
             10 37
             ;
set F[95] := 8 12
             12 11
             11 38
             ;
set F[96] := 8 12
             12 39
             ;
set F[97] := 8 12
             12 13
             13 40
             ;
set F[98] := 8 9
             9 14
             14 41
             ;
set F[99] := 8 12
             12 16
             16 15
             15 42
             ;
set F[100] := 8 12
              12 16
              16 43
              ;
set F[101] := 8 12
              12 16
              16 17
              17 44
              ;
set F[102] := 8 9
              9 18
              18 45
              ;
set F[103] := 8 12
              12 16
              16 2
              2 19
              19 46
              ;
set F[104] := 8 9
              9 18
              18 21
              21 20
              20 47
              ;
set F[105] := 8 9
              9 18
              18 21
              21 48
              ;
set F[106] := 8 9
              9 18
              18 21
              21 22
              22 49
              ;
set F[107] := 8 12
              12 16
              16 24
              24 23
              23 50
              ;
set F[108] := 8 12
              12 16
              16 24
              24 51
              ;
set F[109] := 8 12
              12 16
              16 24
              24 25
              25 52
              ;
set F[110] := 9 8
              8 12
              12 16
              16 2
              2 29
              ;
set F[111] := 9 8
              8 12
              12 16
              16 2
              2 19
              19 4
              4 31
              ;
set F[112] := 9 8
              8 35
              ;
set F[113] := 9 8
              8 12
              12 11
              11 38
              ;
set F[114] := 9 8
              8 12
              12 39
              ;
set F[115] := 9 8
              8 12
              12 13
              13 40
              ;
set F[116] := 9 8
              8 12
              12 16
              16 43
              ;
set F[117] := 9 8
              8 12
              12 16
              16 17
              17 44
              ;
set F[118] := 9 18
              18 45
              ;
set F[119] := 9 8
              8 12
              12 16
              16 2
              2 19
              19 46
              ;
set F[120] := 9 18
              18 21
              21 20
              20 47
              ;
set F[121] := 9 18
              18 21
              21 48
              ;
set F[122] := 9 18
              18 21
              21 22
              22 49
              ;
set F[123] := 9 18
              18 21
              21 24
              24 23
              23 50
              ;
set F[124] := 9 18
              18 21
              21 24
              24 51
              ;
set F[125] := 9 18
              18 21
              21 24
              24 25
              25 52
              ;
set F[126] := 10 9
              9 8
              8 12
              12 16
              16 2
              2 29
              ;
set F[127] := 10 9
              9 8
              8 35
              ;
set F[128] := 10 9
              9 8
              8 12
              12 39
              ;
set F[129] := 10 9
              9 8
              8 12
              12 16
              16 43
              ;
set F[130] := 10 9
              9 8
              8 12
              12 16
              16 2
              2 19
              19 46
              ;
set F[131] := 10 9
              9 18
              18 21
              21 48
              ;
set F[132] := 10 9
              9 18
              18 21
              21 24
              24 51
              ;
set F[133] := 10 9
              9 18
              18 21
              21 24
              24 25
              25 52
              ;
set F[134] := 11 12
              12 16
              16 2
              2 29
              ;
set F[135] := 11 12
              12 16
              16 2
              2 19
              19 4
              4 31
              ;
set F[136] := 11 12
              12 8
              8 35
              ;
set F[137] := 11 12
              12 39
              ;
set F[138] := 11 12
              12 13
              13 40
              ;
set F[139] := 11 12
              12 16
              16 43
              ;
set F[140] := 11 12
              12 8
              8 9
              9 18
              18 45
              ;
set F[141] := 11 12
              12 16
              16 2
              2 19
              19 46
              ;
set F[142] := 11 12
              12 16
              16 24
              24 21
              21 20
              20 47
              ;
set F[143] := 11 12
              12 16
              16 24
              24 21
              21 48
              ;
set F[144] := 11 12
              12 16
              16 24
              24 21
              21 22
              22 49
              ;
set F[145] := 11 12
              12 16
              16 24
              24 23
              23 50
              ;
set F[146] := 11 12
              12 16
              16 24
              24 51
              ;
set F[147] := 11 12
              12 16
              16 24
              24 25
              25 52
              ;
set F[148] := 12 16
              16 2
              2 29
              ;
set F[149] := 12 16
              16 2
              2 19
              19 4
              4 31
              ;
set F[150] := 12 8
              8 35
              ;
set F[151] := 12 11
              11 38
              ;
set F[152] := 12 13
              13 40
              ;
set F[153] := 12 16
              16 43
              ;
set F[154] := 12 16
              16 17
              17 44
              ;
set F[155] := 12 8
              8 9
              9 18
              18 45
              ;
set F[156] := 12 16
              16 2
              2 19
              19 46
              ;
set F[157] := 12 16
              16 24
              24 21
              21 20
              20 47
              ;
set F[158] := 12 16
              16 24
              24 21
              21 48
              ;
set F[159] := 12 16
              16 24
              24 21
              21 22
              22 49
              ;
set F[160] := 12 16
              16 24
              24 23
              23 50
              ;
set F[161] := 12 16
              16 24
              24 51
              ;
set F[162] := 12 16
              16 24
              24 25
              25 52
              ;
set F[163] := 13 12
              12 16
              16 2
              2 29
              ;
set F[164] := 13 12
              12 16
              16 2
              2 19
              19 4
              4 31
              ;
set F[165] := 13 12
              12 8
              8 35
              ;
set F[166] := 13 12
              12 11
              11 38
              ;
set F[167] := 13 12
              12 39
              ;
set F[168] := 13 12
              12 16
              16 43
              ;
set F[169] := 13 12
              12 16
              16 17
              17 44
              ;
set F[170] := 13 12
              12 8
              8 9
              9 18
              18 45
              ;
set F[171] := 13 12
              12 16
              16 2
              2 19
              19 46
              ;
set F[172] := 13 12
              12 16
              16 24
              24 21
              21 20
              20 47
              ;
set F[173] := 13 12
              12 16
              16 24
              24 21
              21 48
              ;
set F[174] := 13 12
              12 16
              16 24
              24 21
              21 22
              22 49
              ;
set F[175] := 13 12
              12 16
              16 24
              24 23
              23 50
              ;
set F[176] := 13 12
              12 16
              16 24
              24 51
              ;
set F[177] := 13 12
              12 16
              16 24
              24 25
              25 52
              ;
set F[178] := 14 9
              9 8
              8 12
              12 16
              16 2
              2 29
              ;
set F[179] := 14 9
              9 8
              8 12
              12 16
              16 2
              2 19
              19 4
              4 31
              ;
set F[180] := 14 9
              9 8
              8 35
              ;
set F[181] := 14 9
              9 8
              8 12
              12 11
              11 38
              ;
set F[182] := 14 9
              9 8
              8 12
              12 39
              ;
set F[183] := 14 9
              9 8
              8 12
              12 13
              13 40
              ;
set F[184] := 14 9
              9 8
              8 12
              12 16
              16 43
              ;
set F[185] := 14 9
              9 8
              8 12
              12 16
              16 17
              17 44
              ;
set F[186] := 14 9
              9 18
              18 45
              ;
set F[187] := 14 9
              9 8
              8 12
              12 16
              16 2
              2 19
              19 46
              ;
set F[188] := 14 9
              9 18
              18 21
              21 20
              20 47
              ;
set F[189] := 14 9
              9 18
              18 21
              21 48
              ;
set F[190] := 14 9
              9 18
              18 21
              21 22
              22 49
              ;
set F[191] := 14 9
              9 18
              18 21
              21 24
              24 23
              23 50
              ;
set F[192] := 14 9
              9 18
              18 21
              21 24
              24 51
              ;
set F[193] := 14 9
              9 18
              18 21
              21 24
              24 25
              25 52
              ;
set F[194] := 15 16
              16 2
              2 29
              ;
set F[195] := 15 16
              16 2
              2 19
              19 4
              4 31
              ;
set F[196] := 15 16
              16 12
              12 8
              8 35
              ;
set F[197] := 15 16
              16 12
              12 8
              8 9
              9 10
              10 37
              ;
set F[198] := 15 16
              16 12
              12 11
              11 38
              ;
set F[199] := 15 16
              16 12
              12 39
              ;
set F[200] := 15 16
              16 12
              12 13
              13 40
              ;
set F[201] := 15 16
              16 43
              ;
set F[202] := 15 16
              16 17
              17 44
              ;
set F[203] := 15 16
              16 24
              24 21
              21 18
              18 45
              ;
set F[204] := 15 16
              16 2
              2 19
              19 46
              ;
set F[205] := 15 16
              16 24
              24 21
              21 20
              20 47
              ;
set F[206] := 15 16
              16 24
              24 21
              21 48
              ;
set F[207] := 15 16
              16 24
              24 21
              21 22
              22 49
              ;
set F[208] := 15 16
              16 24
              24 23
              23 50
              ;
set F[209] := 15 16
              16 24
              24 51
              ;
set F[210] := 15 16
              16 24
              24 25
              25 52
              ;
set F[211] := 16 2
              2 29
              ;
set F[212] := 16 2
              2 19
              19 3
              3 30
              ;
set F[213] := 16 2
              2 19
              19 4
              4 31
              ;
set F[214] := 16 12
              12 8
              8 35
              ;
set F[215] := 16 12
              12 8
              8 9
              9 36
              ;
set F[216] := 16 12
              12 8
              8 9
              9 10
              10 37
              ;
set F[217] := 16 12
              12 11
              11 38
              ;
set F[218] := 16 12
              12 39
              ;
set F[219] := 16 12
              12 13
              13 40
              ;
set F[220] := 16 12
              12 8
              8 9
              9 14
              14 41
              ;
set F[221] := 16 17
              17 44
              ;
set F[222] := 16 24
              24 21
              21 18
              18 45
              ;
set F[223] := 16 2
              2 19
              19 46
              ;
set F[224] := 16 24
              24 21
              21 20
              20 47
              ;
set F[225] := 16 24
              24 21
              21 48
              ;
set F[226] := 16 24
              24 21
              21 22
              22 49
              ;
set F[227] := 16 24
              24 23
              23 50
              ;
set F[228] := 16 24
              24 51
              ;
set F[229] := 16 24
              24 25
              25 52
              ;
set F[230] := 17 16
              16 2
              2 29
              ;
set F[231] := 17 16
              16 12
              12 8
              8 35
              ;
set F[232] := 17 16
              16 12
              12 39
              ;
set F[233] := 17 16
              16 43
              ;
set F[234] := 17 16
              16 2
              2 19
              19 46
              ;
set F[235] := 17 16
              16 24
              24 21
              21 48
              ;
set F[236] := 17 16
              16 24
              24 51
              ;
set F[237] := 17 16
              16 24
              24 25
              25 52
              ;
set F[238] := 18 21
              21 24
              24 16
              16 2
              2 29
              ;
set F[239] := 18 21
              21 24
              24 25
              25 19
              19 4
              4 31
              ;
set F[240] := 18 9
              9 8
              8 35
              ;
set F[241] := 18 9
              9 8
              8 12
              12 39
              ;
set F[242] := 18 9
              9 8
              8 12
              12 13
              13 40
              ;
set F[243] := 18 21
              21 24
              24 16
              16 43
              ;
set F[244] := 18 21
              21 24
              24 25
              25 19
              19 46
              ;
set F[245] := 18 21
              21 20
              20 47
              ;
set F[246] := 18 21
              21 48
              ;
set F[247] := 18 21
              21 22
              22 49
              ;
set F[248] := 18 21
              21 24
              24 23
              23 50
              ;
set F[249] := 18 21
              21 24
              24 51
              ;
set F[250] := 18 21
              21 24
              24 25
              25 52
              ;
set F[251] := 19 2
              2 29
              ;
set F[252] := 19 3
              3 30
              ;
set F[253] := 19 4
              4 31
              ;
set F[254] := 19 2
              2 16
              16 12
              12 8
              8 35
              ;
set F[255] := 19 2
              2 16
              16 12
              12 8
              8 9
              9 36
              ;
set F[256] := 19 2
              2 16
              16 12
              12 8
              8 9
              9 10
              10 37
              ;
set F[257] := 19 2
              2 16
              16 12
              12 11
              11 38
              ;
set F[258] := 19 2
              2 16
              16 12
              12 39
              ;
set F[259] := 19 2
              2 16
              16 12
              12 13
              13 40
              ;
set F[260] := 19 2
              2 16
              16 12
              12 8
              8 9
              9 14
              14 41
              ;
set F[261] := 19 2
              2 16
              16 43
              ;
set F[262] := 19 2
              2 16
              16 17
              17 44
              ;
set F[263] := 19 25
              25 24
              24 21
              21 18
              18 45
              ;
set F[264] := 19 25
              25 24
              24 21
              21 20
              20 47
              ;
set F[265] := 19 25
              25 24
              24 21
              21 48
              ;
set F[266] := 19 25
              25 24
              24 21
              21 22
              22 49
              ;
set F[267] := 19 25
              25 24
              24 23
              23 50
              ;
set F[268] := 19 25
              25 24
              24 51
              ;
set F[269] := 19 25
              25 52
              ;
set F[270] := 20 21
              21 24
              24 16
              16 2
              2 29
              ;
set F[271] := 20 21
              21 24
              24 25
              25 19
              19 4
              4 31
              ;
set F[272] := 20 21
              21 18
              18 9
              9 8
              8 35
              ;
set F[273] := 20 21
              21 18
              18 9
              9 10
              10 37
              ;
set F[274] := 20 21
              21 24
              24 16
              16 12
              12 11
              11 38
              ;
set F[275] := 20 21
              21 24
              24 16
              16 12
              12 39
              ;
set F[276] := 20 21
              21 24
              24 16
              16 12
              12 13
              13 40
              ;
set F[277] := 20 21
              21 24
              24 16
              16 43
              ;
set F[278] := 20 21
              21 24
              24 16
              16 17
              17 44
              ;
set F[279] := 20 21
              21 18
              18 45
              ;
set F[280] := 20 21
              21 24
              24 25
              25 19
              19 46
              ;
set F[281] := 20 21
              21 48
              ;
set F[282] := 20 21
              21 22
              22 49
              ;
set F[283] := 20 21
              21 24
              24 23
              23 50
              ;
set F[284] := 20 21
              21 24
              24 51
              ;
set F[285] := 20 21
              21 24
              24 25
              25 52
              ;
set F[286] := 21 24
              24 16
              16 2
              2 1
              1 28
              ;
set F[287] := 21 24
              24 16
              16 2
              2 29
              ;
set F[288] := 21 24
              24 25
              25 19
              19 3
              3 30
              ;
set F[289] := 21 24
              24 25
              25 19
              19 4
              4 31
              ;
set F[290] := 21 18
              18 9
              9 8
              8 5
              5 32
              ;
set F[291] := 21 18
              18 9
              9 8
              8 6
              6 33
              ;
set F[292] := 21 18
              18 9
              9 8
              8 35
              ;
set F[293] := 21 18
              18 9
              9 36
              ;
set F[294] := 21 18
              18 9
              9 10
              10 37
              ;
set F[295] := 21 24
              24 16
              16 12
              12 11
              11 38
              ;
set F[296] := 21 24
              24 16
              16 12
              12 39
              ;
set F[297] := 21 24
              24 16
              16 12
              12 13
              13 40
              ;
set F[298] := 21 18
              18 9
              9 14
              14 41
              ;
set F[299] := 21 24
              24 16
              16 15
              15 42
              ;
set F[300] := 21 24
              24 16
              16 43
              ;
set F[301] := 21 24
              24 16
              16 17
              17 44
              ;
set F[302] := 21 18
              18 45
              ;
set F[303] := 21 24
              24 25
              25 19
              19 46
              ;
set F[304] := 21 20
              20 47
              ;
set F[305] := 21 22
              22 49
              ;
set F[306] := 21 24
              24 23
              23 50
              ;
set F[307] := 21 24
              24 51
              ;
set F[308] := 21 24
              24 25
              25 52
              ;
set F[309] := 21 24
              24 25
              25 26
              26 53
              ;
set F[310] := 21 24
              24 25
              25 27
              27 54
              ;
set F[311] := 22 21
              21 24
              24 16
              16 2
              2 29
              ;
set F[312] := 22 21
              21 24
              24 25
              25 19
              19 4
              4 31
              ;
set F[313] := 22 21
              21 18
              18 9
              9 8
              8 35
              ;
set F[314] := 22 21
              21 24
              24 16
              16 12
              12 39
              ;
set F[315] := 22 21
              21 24
              24 16
              16 12
              12 13
              13 40
              ;
set F[316] := 22 21
              21 24
              24 16
              16 43
              ;
set F[317] := 22 21
              21 18
              18 45
              ;
set F[318] := 22 21
              21 24
              24 25
              25 19
              19 46
              ;
set F[319] := 22 21
              21 20
              20 47
              ;
set F[320] := 22 21
              21 48
              ;
set F[321] := 22 21
              21 24
              24 23
              23 50
              ;
set F[322] := 22 21
              21 24
              24 51
              ;
set F[323] := 22 21
              21 24
              24 25
              25 52
              ;
set F[324] := 23 24
              24 16
              16 2
              2 29
              ;
set F[325] := 23 24
              24 25
              25 19
              19 4
              4 31
              ;
set F[326] := 23 24
              24 16
              16 12
              12 8
              8 35
              ;
set F[327] := 23 24
              24 16
              16 12
              12 11
              11 38
              ;
set F[328] := 23 24
              24 16
              16 12
              12 39
              ;
set F[329] := 23 24
              24 16
              16 12
              12 13
              13 40
              ;
set F[330] := 23 24
              24 16
              16 43
              ;
set F[331] := 23 24
              24 16
              16 17
              17 44
              ;
set F[332] := 23 24
              24 21
              21 18
              18 45
              ;
set F[333] := 23 24
              24 25
              25 19
              19 46
              ;
set F[334] := 23 24
              24 21
              21 20
              20 47
              ;
set F[335] := 23 24
              24 21
              21 48
              ;
set F[336] := 23 24
              24 21
              21 22
              22 49
              ;
set F[337] := 23 24
              24 51
              ;
set F[338] := 23 24
              24 25
              25 52
              ;
set F[339] := 24 16
              16 2
              2 1
              1 28
              ;
set F[340] := 24 16
              16 2
              2 29
              ;
set F[341] := 24 25
              25 19
              19 3
              3 30
              ;
set F[342] := 24 25
              25 19
              19 4
              4 31
              ;
set F[343] := 24 16
              16 12
              12 8
              8 5
              5 32
              ;
set F[344] := 24 16
              16 12
              12 8
              8 6
              6 33
              ;
set F[345] := 24 16
              16 12
              12 8
              8 35
              ;
set F[346] := 24 21
              21 18
              18 9
              9 36
              ;
set F[347] := 24 21
              21 18
              18 9
              9 10
              10 37
              ;
set F[348] := 24 16
              16 12
              12 11
              11 38
              ;
set F[349] := 24 16
              16 12
              12 39
              ;
set F[350] := 24 16
              16 12
              12 13
              13 40
              ;
set F[351] := 24 21
              21 18
              18 9
              9 14
              14 41
              ;
set F[352] := 24 16
              16 15
              15 42
              ;
set F[353] := 24 16
              16 43
              ;
set F[354] := 24 16
              16 17
              17 44
              ;
set F[355] := 24 21
              21 18
              18 45
              ;
set F[356] := 24 25
              25 19
              19 46
              ;
set F[357] := 24 21
              21 20
              20 47
              ;
set F[358] := 24 21
              21 48
              ;
set F[359] := 24 21
              21 22
              22 49
              ;
set F[360] := 24 23
              23 50
              ;
set F[361] := 24 25
              25 52
              ;
set F[362] := 24 25
              25 26
              26 53
              ;
set F[363] := 24 25
              25 27
              27 54
              ;
set F[364] := 25 19
              19 2
              2 1
              1 28
              ;
set F[365] := 25 19
              19 2
              2 29
              ;
set F[366] := 25 19
              19 3
              3 30
              ;
set F[367] := 25 19
              19 4
              4 31
              ;
set F[368] := 25 24
              24 16
              16 12
              12 8
              8 5
              5 32
              ;
set F[369] := 25 24
              24 16
              16 12
              12 8
              8 6
              6 33
              ;
set F[370] := 25 24
              24 16
              16 12
              12 8
              8 35
              ;
set F[371] := 25 24
              24 21
              21 18
              18 9
              9 36
              ;
set F[372] := 25 24
              24 21
              21 18
              18 9
              9 10
              10 37
              ;
set F[373] := 25 24
              24 16
              16 12
              12 11
              11 38
              ;
set F[374] := 25 24
              24 16
              16 12
              12 39
              ;
set F[375] := 25 24
              24 16
              16 12
              12 13
              13 40
              ;
set F[376] := 25 24
              24 21
              21 18
              18 9
              9 14
              14 41
              ;
set F[377] := 25 24
              24 16
              16 15
              15 42
              ;
set F[378] := 25 24
              24 16
              16 43
              ;
set F[379] := 25 24
              24 16
              16 17
              17 44
              ;
set F[380] := 25 24
              24 21
              21 18
              18 45
              ;
set F[381] := 25 19
              19 46
              ;
set F[382] := 25 24
              24 21
              21 20
              20 47
              ;
set F[383] := 25 24
              24 21
              21 48
              ;
set F[384] := 25 24
              24 21
              21 22
              22 49
              ;
set F[385] := 25 24
              24 23
              23 50
              ;
set F[386] := 25 24
              24 51
              ;
set F[387] := 25 26
              26 53
              ;
set F[388] := 25 27
              27 54
              ;
set F[389] := 26 25
              25 19
              19 2
              2 29
              ;
set F[390] := 26 25
              25 19
              19 4
              4 31
              ;
set F[391] := 26 25
              25 24
              24 16
              16 12
              12 8
              8 35
              ;
set F[392] := 26 25
              25 24
              24 21
              21 18
              18 9
              9 10
              10 37
              ;
set F[393] := 26 25
              25 24
              24 16
              16 12
              12 11
              11 38
              ;
set F[394] := 26 25
              25 24
              24 16
              16 12
              12 39
              ;
set F[395] := 26 25
              25 24
              24 16
              16 12
              12 13
              13 40
              ;
set F[396] := 26 25
              25 24
              24 16
              16 43
              ;
set F[397] := 26 25
              25 24
              24 16
              16 17
              17 44
              ;
set F[398] := 26 25
              25 24
              24 21
              21 18
              18 45
              ;
set F[399] := 26 25
              25 19
              19 46
              ;
set F[400] := 26 25
              25 24
              24 21
              21 20
              20 47
              ;
set F[401] := 26 25
              25 24
              24 21
              21 48
              ;
set F[402] := 26 25
              25 24
              24 21
              21 22
              22 49
              ;
set F[403] := 26 25
              25 24
              24 23
              23 50
              ;
set F[404] := 26 25
              25 24
              24 51
              ;
set F[405] := 26 25
              25 52
              ;
set F[406] := 27 25
              25 19
              19 2
              2 29
              ;
set F[407] := 27 25
              25 19
              19 4
              4 31
              ;
set F[408] := 27 25
              25 24
              24 16
              16 12
              12 8
              8 35
              ;
set F[409] := 27 25
              25 24
              24 21
              21 18
              18 9
              9 10
              10 37
              ;
set F[410] := 27 25
              25 24
              24 16
              16 12
              12 11
              11 38
              ;
set F[411] := 27 25
              25 24
              24 16
              16 12
              12 39
              ;
set F[412] := 27 25
              25 24
              24 16
              16 12
              12 13
              13 40
              ;
set F[413] := 27 25
              25 24
              24 21
              21 18
              18 9
              9 14
              14 41
              ;
set F[414] := 27 25
              25 24
              24 16
              16 43
              ;
set F[415] := 27 25
              25 24
              24 16
              16 17
              17 44
              ;
set F[416] := 27 25
              25 24
              24 21
              21 18
              18 45
              ;
set F[417] := 27 25
              25 19
              19 46
              ;
set F[418] := 27 25
              25 24
              24 21
              21 20
              20 47
              ;
set F[419] := 27 25
              25 24
              24 21
              21 48
              ;
set F[420] := 27 25
              25 24
              24 21
              21 22
              22 49
              ;
set F[421] := 27 25
              25 24
              24 23
              23 50
              ;
set F[422] := 27 25
              25 24
              24 51
              ;
set F[423] := 27 25
              25 52
              ;
set Last[1] := 2 29;
set Last[2] := 4 31;
set Last[3] := 8 35;
set Last[4] := 9 36;
set Last[5] := 10 37;
set Last[6] := 11 38;
set Last[7] := 12 39;
set Last[8] := 13 40;
set Last[9] := 14 41;
set Last[10] := 16 43;
set Last[11] := 17 44;
set Last[12] := 18 45;
set Last[13] := 19 46;
set Last[14] := 20 47;
set Last[15] := 21 48;
set Last[16] := 22 49;
set Last[17] := 23 50;
set Last[18] := 24 51;
set Last[19] := 25 52;
set Last[20] := 4 31;
set Last[21] := 8 35;
set Last[22] := 10 37;
set Last[23] := 11 38;
set Last[24] := 12 39;
set Last[25] := 13 40;
set Last[26] := 16 43;
set Last[27] := 17 44;
set Last[28] := 18 45;
set Last[29] := 19 46;
set Last[30] := 20 47;
set Last[31] := 21 48;
set Last[32] := 22 49;
set Last[33] := 23 50;
set Last[34] := 24 51;
set Last[35] := 25 52;
set Last[36] := 2 29;
set Last[37] := 8 35;
set Last[38] := 12 39;
set Last[39] := 16 43;
set Last[40] := 18 45;
set Last[41] := 19 46;
set Last[42] := 21 48;
set Last[43] := 24 51;
set Last[44] := 25 52;
set Last[45] := 2 29;
set Last[46] := 8 35;
set Last[47] := 12 39;
set Last[48] := 16 43;
set Last[49] := 19 46;
set Last[50] := 21 48;
set Last[51] := 24 51;
set Last[52] := 25 52;
set Last[53] := 12 39;
set Last[54] := 16 43;
set Last[55] := 19 46;
set Last[56] := 24 51;
set Last[57] := 25 52;
set Last[58] := 2 29;
set Last[59] := 4 31;
set Last[60] := 8 35;
set Last[61] := 12 39;
set Last[62] := 13 40;
set Last[63] := 16 43;
set Last[64] := 18 45;
set Last[65] := 19 46;
set Last[66] := 20 47;
set Last[67] := 21 48;
set Last[68] := 22 49;
set Last[69] := 23 50;
set Last[70] := 24 51;
set Last[71] := 25 52;
set Last[72] := 2 29;
set Last[73] := 4 31;
set Last[74] := 8 35;
set Last[75] := 11 38;
set Last[76] := 12 39;
set Last[77] := 13 40;
set Last[78] := 16 43;
set Last[79] := 17 44;
set Last[80] := 18 45;
set Last[81] := 19 46;
set Last[82] := 20 47;
set Last[83] := 21 48;
set Last[84] := 22 49;
set Last[85] := 23 50;
set Last[86] := 24 51;
set Last[87] := 25 52;
set Last[88] := 1 28;
set Last[89] := 2 29;
set Last[90] := 3 30;
set Last[91] := 4 31;
set Last[92] := 6 33;
set Last[93] := 9 36;
set Last[94] := 10 37;
set Last[95] := 11 38;
set Last[96] := 12 39;
set Last[97] := 13 40;
set Last[98] := 14 41;
set Last[99] := 15 42;
set Last[100] := 16 43;
set Last[101] := 17 44;
set Last[102] := 18 45;
set Last[103] := 19 46;
set Last[104] := 20 47;
set Last[105] := 21 48;
set Last[106] := 22 49;
set Last[107] := 23 50;
set Last[108] := 24 51;
set Last[109] := 25 52;
set Last[110] := 2 29;
set Last[111] := 4 31;
set Last[112] := 8 35;
set Last[113] := 11 38;
set Last[114] := 12 39;
set Last[115] := 13 40;
set Last[116] := 16 43;
set Last[117] := 17 44;
set Last[118] := 18 45;
set Last[119] := 19 46;
set Last[120] := 20 47;
set Last[121] := 21 48;
set Last[122] := 22 49;
set Last[123] := 23 50;
set Last[124] := 24 51;
set Last[125] := 25 52;
set Last[126] := 2 29;
set Last[127] := 8 35;
set Last[128] := 12 39;
set Last[129] := 16 43;
set Last[130] := 19 46;
set Last[131] := 21 48;
set Last[132] := 24 51;
set Last[133] := 25 52;
set Last[134] := 2 29;
set Last[135] := 4 31;
set Last[136] := 8 35;
set Last[137] := 12 39;
set Last[138] := 13 40;
set Last[139] := 16 43;
set Last[140] := 18 45;
set Last[141] := 19 46;
set Last[142] := 20 47;
set Last[143] := 21 48;
set Last[144] := 22 49;
set Last[145] := 23 50;
set Last[146] := 24 51;
set Last[147] := 25 52;
set Last[148] := 2 29;
set Last[149] := 4 31;
set Last[150] := 8 35;
set Last[151] := 11 38;
set Last[152] := 13 40;
set Last[153] := 16 43;
set Last[154] := 17 44;
set Last[155] := 18 45;
set Last[156] := 19 46;
set Last[157] := 20 47;
set Last[158] := 21 48;
set Last[159] := 22 49;
set Last[160] := 23 50;
set Last[161] := 24 51;
set Last[162] := 25 52;
set Last[163] := 2 29;
set Last[164] := 4 31;
set Last[165] := 8 35;
set Last[166] := 11 38;
set Last[167] := 12 39;
set Last[168] := 16 43;
set Last[169] := 17 44;
set Last[170] := 18 45;
set Last[171] := 19 46;
set Last[172] := 20 47;
set Last[173] := 21 48;
set Last[174] := 22 49;
set Last[175] := 23 50;
set Last[176] := 24 51;
set Last[177] := 25 52;
set Last[178] := 2 29;
set Last[179] := 4 31;
set Last[180] := 8 35;
set Last[181] := 11 38;
set Last[182] := 12 39;
set Last[183] := 13 40;
set Last[184] := 16 43;
set Last[185] := 17 44;
set Last[186] := 18 45;
set Last[187] := 19 46;
set Last[188] := 20 47;
set Last[189] := 21 48;
set Last[190] := 22 49;
set Last[191] := 23 50;
set Last[192] := 24 51;
set Last[193] := 25 52;
set Last[194] := 2 29;
set Last[195] := 4 31;
set Last[196] := 8 35;
set Last[197] := 10 37;
set Last[198] := 11 38;
set Last[199] := 12 39;
set Last[200] := 13 40;
set Last[201] := 16 43;
set Last[202] := 17 44;
set Last[203] := 18 45;
set Last[204] := 19 46;
set Last[205] := 20 47;
set Last[206] := 21 48;
set Last[207] := 22 49;
set Last[208] := 23 50;
set Last[209] := 24 51;
set Last[210] := 25 52;
set Last[211] := 2 29;
set Last[212] := 3 30;
set Last[213] := 4 31;
set Last[214] := 8 35;
set Last[215] := 9 36;
set Last[216] := 10 37;
set Last[217] := 11 38;
set Last[218] := 12 39;
set Last[219] := 13 40;
set Last[220] := 14 41;
set Last[221] := 17 44;
set Last[222] := 18 45;
set Last[223] := 19 46;
set Last[224] := 20 47;
set Last[225] := 21 48;
set Last[226] := 22 49;
set Last[227] := 23 50;
set Last[228] := 24 51;
set Last[229] := 25 52;
set Last[230] := 2 29;
set Last[231] := 8 35;
set Last[232] := 12 39;
set Last[233] := 16 43;
set Last[234] := 19 46;
set Last[235] := 21 48;
set Last[236] := 24 51;
set Last[237] := 25 52;
set Last[238] := 2 29;
set Last[239] := 4 31;
set Last[240] := 8 35;
set Last[241] := 12 39;
set Last[242] := 13 40;
set Last[243] := 16 43;
set Last[244] := 19 46;
set Last[245] := 20 47;
set Last[246] := 21 48;
set Last[247] := 22 49;
set Last[248] := 23 50;
set Last[249] := 24 51;
set Last[250] := 25 52;
set Last[251] := 2 29;
set Last[252] := 3 30;
set Last[253] := 4 31;
set Last[254] := 8 35;
set Last[255] := 9 36;
set Last[256] := 10 37;
set Last[257] := 11 38;
set Last[258] := 12 39;
set Last[259] := 13 40;
set Last[260] := 14 41;
set Last[261] := 16 43;
set Last[262] := 17 44;
set Last[263] := 18 45;
set Last[264] := 20 47;
set Last[265] := 21 48;
set Last[266] := 22 49;
set Last[267] := 23 50;
set Last[268] := 24 51;
set Last[269] := 25 52;
set Last[270] := 2 29;
set Last[271] := 4 31;
set Last[272] := 8 35;
set Last[273] := 10 37;
set Last[274] := 11 38;
set Last[275] := 12 39;
set Last[276] := 13 40;
set Last[277] := 16 43;
set Last[278] := 17 44;
set Last[279] := 18 45;
set Last[280] := 19 46;
set Last[281] := 21 48;
set Last[282] := 22 49;
set Last[283] := 23 50;
set Last[284] := 24 51;
set Last[285] := 25 52;
set Last[286] := 1 28;
set Last[287] := 2 29;
set Last[288] := 3 30;
set Last[289] := 4 31;
set Last[290] := 5 32;
set Last[291] := 6 33;
set Last[292] := 8 35;
set Last[293] := 9 36;
set Last[294] := 10 37;
set Last[295] := 11 38;
set Last[296] := 12 39;
set Last[297] := 13 40;
set Last[298] := 14 41;
set Last[299] := 15 42;
set Last[300] := 16 43;
set Last[301] := 17 44;
set Last[302] := 18 45;
set Last[303] := 19 46;
set Last[304] := 20 47;
set Last[305] := 22 49;
set Last[306] := 23 50;
set Last[307] := 24 51;
set Last[308] := 25 52;
set Last[309] := 26 53;
set Last[310] := 27 54;
set Last[311] := 2 29;
set Last[312] := 4 31;
set Last[313] := 8 35;
set Last[314] := 12 39;
set Last[315] := 13 40;
set Last[316] := 16 43;
set Last[317] := 18 45;
set Last[318] := 19 46;
set Last[319] := 20 47;
set Last[320] := 21 48;
set Last[321] := 23 50;
set Last[322] := 24 51;
set Last[323] := 25 52;
set Last[324] := 2 29;
set Last[325] := 4 31;
set Last[326] := 8 35;
set Last[327] := 11 38;
set Last[328] := 12 39;
set Last[329] := 13 40;
set Last[330] := 16 43;
set Last[331] := 17 44;
set Last[332] := 18 45;
set Last[333] := 19 46;
set Last[334] := 20 47;
set Last[335] := 21 48;
set Last[336] := 22 49;
set Last[337] := 24 51;
set Last[338] := 25 52;
set Last[339] := 1 28;
set Last[340] := 2 29;
set Last[341] := 3 30;
set Last[342] := 4 31;
set Last[343] := 5 32;
set Last[344] := 6 33;
set Last[345] := 8 35;
set Last[346] := 9 36;
set Last[347] := 10 37;
set Last[348] := 11 38;
set Last[349] := 12 39;
set Last[350] := 13 40;
set Last[351] := 14 41;
set Last[352] := 15 42;
set Last[353] := 16 43;
set Last[354] := 17 44;
set Last[355] := 18 45;
set Last[356] := 19 46;
set Last[357] := 20 47;
set Last[358] := 21 48;
set Last[359] := 22 49;
set Last[360] := 23 50;
set Last[361] := 25 52;
set Last[362] := 26 53;
set Last[363] := 27 54;
set Last[364] := 1 28;
set Last[365] := 2 29;
set Last[366] := 3 30;
set Last[367] := 4 31;
set Last[368] := 5 32;
set Last[369] := 6 33;
set Last[370] := 8 35;
set Last[371] := 9 36;
set Last[372] := 10 37;
set Last[373] := 11 38;
set Last[374] := 12 39;
set Last[375] := 13 40;
set Last[376] := 14 41;
set Last[377] := 15 42;
set Last[378] := 16 43;
set Last[379] := 17 44;
set Last[380] := 18 45;
set Last[381] := 19 46;
set Last[382] := 20 47;
set Last[383] := 21 48;
set Last[384] := 22 49;
set Last[385] := 23 50;
set Last[386] := 24 51;
set Last[387] := 26 53;
set Last[388] := 27 54;
set Last[389] := 2 29;
set Last[390] := 4 31;
set Last[391] := 8 35;
set Last[392] := 10 37;
set Last[393] := 11 38;
set Last[394] := 12 39;
set Last[395] := 13 40;
set Last[396] := 16 43;
set Last[397] := 17 44;
set Last[398] := 18 45;
set Last[399] := 19 46;
set Last[400] := 20 47;
set Last[401] := 21 48;
set Last[402] := 22 49;
set Last[403] := 23 50;
set Last[404] := 24 51;
set Last[405] := 25 52;
set Last[406] := 2 29;
set Last[407] := 4 31;
set Last[408] := 8 35;
set Last[409] := 10 37;
set Last[410] := 11 38;
set Last[411] := 12 39;
set Last[412] := 13 40;
set Last[413] := 14 41;
set Last[414] := 16 43;
set Last[415] := 17 44;
set Last[416] := 18 45;
set Last[417] := 19 46;
set Last[418] := 20 47;
set Last[419] := 21 48;
set Last[420] := 22 49;
set Last[421] := 23 50;
set Last[422] := 24 51;
set Last[423] := 25 52;

param q := 5;

end;
