data;

set V := 1 2 3 4 5 6 7 8 9 10 11 12 13 14 15 16 17 18 19 20 21 23 25 26 28 29 30;

set A := 1 4
         1 5
         1 16
         2 3
         2 5
         2 17
         3 2
         3 6
         3 18
         4 1
         4 6
         4 19
         5 1
         5 2
         5 20
         6 3
         6 4
         6 7
         6 15
         6 21
         7 6
         7 9
         8 9
         8 10
         8 23
         9 7
         9 8
         10 8
         10 11
         10 25
         11 10
         11 12
         11 26
         12 11
         12 13
         13 12
         13 14
         13 28
         14 13
         14 15
         14 29
         15 6
         15 14
         15 30
         ;

set S := 1 2 3 4 5 6 7 8 9 10 11 12 13 14 15 16 17 18 19 20 21 22 23 24 25 26 27 28 29 30 31 32 33 34 35 36 37 38 39 40 41 42 43 44 45 46 47 48 49 50 51 52 53 54 55 56 57 58 59 60 61 62 63 64 65 66 67 68 69 70 71 72 73 74 75 76 77 78 79 80 81 82 83 84;

set F[1] := 2 5
            5 1
            1 16
            ;
set F[2] := 2 3
            3 6
            6 4
            4 19
            ;
set F[3] := 2 3
            3 6
            6 7
            7 9
            9 8
            8 10
            10 25
            ;
set F[4] := 4 1
            1 16
            ;
set F[5] := 4 1
            1 5
            5 2
            2 17
            ;
set F[6] := 4 6
            6 3
            3 18
            ;
set F[7] := 4 1
            1 5
            5 20
            ;
set F[8] := 4 6
            6 21
            ;
set F[9] := 4 6
            6 7
            7 9
            9 8
            8 23
            ;
set F[10] := 4 6
             6 7
             7 9
             9 8
             8 10
             10 25
             ;
set F[11] := 4 6
             6 15
             15 14
             14 13
             13 12
             12 11
             11 26
             ;
set F[12] := 4 6
             6 15
             15 14
             14 13
             13 28
             ;
set F[13] := 4 6
             6 15
             15 14
             14 29
             ;
set F[14] := 4 6
             6 15
             15 30
             ;
set F[15] := 5 1
             1 16
             ;
set F[16] := 5 1
             1 4
             4 19
             ;
set F[17] := 5 1
             1 4
             4 6
             6 7
             7 9
             9 8
             8 10
             10 25
             ;
set F[18] := 5 1
             1 4
             4 6
             6 15
             15 14
             14 13
             13 12
             12 11
             11 26
             ;
set F[19] := 5 1
             1 4
             4 6
             6 15
             15 14
             14 13
             13 28
             ;
set F[20] := 5 1
             1 4
             4 6
             6 15
             15 14
             14 29
             ;
set F[21] := 5 1
             1 4
             4 6
             6 15
             15 30
             ;
set F[22] := 6 4
             4 1
             1 16
             ;
set F[23] := 6 3
             3 2
             2 17
             ;
set F[24] := 6 3
             3 18
             ;
set F[25] := 6 4
             4 19
             ;
set F[26] := 6 3
             3 2
             2 5
             5 20
             ;
set F[27] := 6 7
             7 9
             9 8
             8 23
             ;
set F[28] := 6 7
             7 9
             9 8
             8 10
             10 25
             ;
set F[29] := 6 15
             15 14
             14 13
             13 12
             12 11
             11 26
             ;
set F[30] := 6 15
             15 14
             14 13
             13 28
             ;
set F[31] := 6 15
             15 14
             14 29
             ;
set F[32] := 6 15
             15 30
             ;
set F[33] := 7 6
             6 4
             4 1
             1 16
             ;
set F[34] := 7 6
             6 3
             3 2
             2 17
             ;
set F[35] := 7 6
             6 3
             3 18
             ;
set F[36] := 7 6
             6 4
             4 19
             ;
set F[37] := 7 6
             6 3
             3 2
             2 5
             5 20
             ;
set F[38] := 7 6
             6 21
             ;
set F[39] := 7 9
             9 8
             8 23
             ;
set F[40] := 7 9
             9 8
             8 10
             10 25
             ;
set F[41] := 7 9
             9 8
             8 10
             10 11
             11 26
             ;
set F[42] := 7 6
             6 15
             15 14
             14 13
             13 28
             ;
set F[43] := 7 6
             6 15
             15 14
             14 29
             ;
set F[44] := 7 6
             6 15
             15 30
             ;
set F[45] := 9 7
             7 6
             6 4
             4 1
             1 16
             ;
set F[46] := 9 7
             7 6
             6 3
             3 2
             2 17
             ;
set F[47] := 9 7
             7 6
             6 3
             3 18
             ;
set F[48] := 9 7
             7 6
             6 4
             4 19
             ;
set F[49] := 9 7
             7 6
             6 3
             3 2
             2 5
             5 20
             ;
set F[50] := 9 8
             8 23
             ;
set F[51] := 9 8
             8 10
             10 25
             ;
set F[52] := 9 8
             8 10
             10 11
             11 26
             ;
set F[53] := 9 7
             7 6
             6 15
             15 14
             14 13
             13 28
             ;
set F[54] := 9 7
             7 6
             6 15
             15 14
             14 29
             ;
set F[55] := 9 7
             7 6
             6 15
             15 30
             ;
set F[56] := 11 10
             10 8
             8 9
             9 7
             7 6
             6 4
             4 1
             1 16
             ;
set F[57] := 11 10
             10 8
             8 9
             9 7
             7 6
             6 3
             3 2
             2 17
             ;
set F[58] := 11 10
             10 8
             8 9
             9 7
             7 6
             6 3
             3 18
             ;
set F[59] := 11 10
             10 8
             8 9
             9 7
             7 6
             6 4
             4 19
             ;
set F[60] := 11 10
             10 8
             8 9
             9 7
             7 6
             6 3
             3 2
             2 5
             5 20
             ;
set F[61] := 11 10
             10 8
             8 9
             9 7
             7 6
             6 21
             ;
set F[62] := 11 10
             10 8
             8 23
             ;
set F[63] := 11 10
             10 25
             ;
set F[64] := 11 12
             12 13
             13 28
             ;
set F[65] := 11 12
             12 13
             13 14
             14 29
             ;
set F[66] := 11 12
             12 13
             13 14
             14 15
             15 30
             ;
set F[67] := 12 13
             13 14
             14 15
             15 6
             6 4
             4 1
             1 16
             ;
set F[68] := 12 13
             13 14
             14 15
             15 6
             6 4
             4 19
             ;
set F[69] := 12 11
             11 10
             10 25
             ;
set F[70] := 12 11
             11 26
             ;
set F[71] := 12 13
             13 28
             ;
set F[72] := 12 13
             13 14
             14 15
             15 30
             ;
set F[73] := 13 12
             12 11
             11 10
             10 25
             ;
set F[74] := 14 13
             13 12
             12 11
             11 10
             10 25
             ;
set F[75] := 15 6
             6 4
             4 1
             1 16
             ;
set F[76] := 15 6
             6 3
             3 2
             2 17
             ;
set F[77] := 15 6
             6 3
             3 18
             ;
set F[78] := 15 6
             6 4
             4 19
             ;
set F[79] := 15 6
             6 3
             3 2
             2 5
             5 20
             ;
set F[80] := 15 6
             6 7
             7 9
             9 8
             8 23
             ;
set F[81] := 15 6
             6 7
             7 9
             9 8
             8 10
             10 25
             ;
set F[82] := 15 14
             14 13
             13 12
             12 11
             11 26
             ;
set F[83] := 15 14
             14 13
             13 28
             ;
set F[84] := 15 14
             14 29
             ;
set Last[1] := 1 16;
set Last[2] := 4 19;
set Last[3] := 10 25;
set Last[4] := 1 16;
set Last[5] := 2 17;
set Last[6] := 3 18;
set Last[7] := 5 20;
set Last[8] := 6 21;
set Last[9] := 8 23;
set Last[10] := 10 25;
set Last[11] := 11 26;
set Last[12] := 13 28;
set Last[13] := 14 29;
set Last[14] := 15 30;
set Last[15] := 1 16;
set Last[16] := 4 19;
set Last[17] := 10 25;
set Last[18] := 11 26;
set Last[19] := 13 28;
set Last[20] := 14 29;
set Last[21] := 15 30;
set Last[22] := 1 16;
set Last[23] := 2 17;
set Last[24] := 3 18;
set Last[25] := 4 19;
set Last[26] := 5 20;
set Last[27] := 8 23;
set Last[28] := 10 25;
set Last[29] := 11 26;
set Last[30] := 13 28;
set Last[31] := 14 29;
set Last[32] := 15 30;
set Last[33] := 1 16;
set Last[34] := 2 17;
set Last[35] := 3 18;
set Last[36] := 4 19;
set Last[37] := 5 20;
set Last[38] := 6 21;
set Last[39] := 8 23;
set Last[40] := 10 25;
set Last[41] := 11 26;
set Last[42] := 13 28;
set Last[43] := 14 29;
set Last[44] := 15 30;
set Last[45] := 1 16;
set Last[46] := 2 17;
set Last[47] := 3 18;
set Last[48] := 4 19;
set Last[49] := 5 20;
set Last[50] := 8 23;
set Last[51] := 10 25;
set Last[52] := 11 26;
set Last[53] := 13 28;
set Last[54] := 14 29;
set Last[55] := 15 30;
set Last[56] := 1 16;
set Last[57] := 2 17;
set Last[58] := 3 18;
set Last[59] := 4 19;
set Last[60] := 5 20;
set Last[61] := 6 21;
set Last[62] := 8 23;
set Last[63] := 10 25;
set Last[64] := 13 28;
set Last[65] := 14 29;
set Last[66] := 15 30;
set Last[67] := 1 16;
set Last[68] := 4 19;
set Last[69] := 10 25;
set Last[70] := 11 26;
set Last[71] := 13 28;
set Last[72] := 15 30;
set Last[73] := 10 25;
set Last[74] := 10 25;
set Last[75] := 1 16;
set Last[76] := 2 17;
set Last[77] := 3 18;
set Last[78] := 4 19;
set Last[79] := 5 20;
set Last[80] := 8 23;
set Last[81] := 10 25;
set Last[82] := 11 26;
set Last[83] := 13 28;
set Last[84] := 14 29;

param q := 5;

end;
