data;

set V := 1 2 3 4 5 6 7 8 9 10 11 12 13 14 15 16 17 18 19 20 21 22 23 24 25 26 27 28 29 30 31 32 33 35 36 37 38 39 40 41 42;

set A := 1 17
         1 21
         1 22
         2 3
         2 4
         2 5
         2 7
         2 23
         3 2
         3 13
         3 21
         3 24
         4 2
         4 5
         4 25
         5 2
         5 4
         5 8
         5 26
         6 27
         7 2
         7 8
         7 28
         8 5
         8 6
         8 7
         8 29
         9 10
         9 15
         9 30
         10 9
         10 11
         10 31
         11 10
         11 16
         11 18
         11 19
         11 32
         12 13
         12 14
         12 15
         12 20
         12 33
         13 3
         13 12
         14 12
         14 15
         14 35
         15 9
         15 12
         15 14
         15 16
         15 36
         16 11
         16 15
         16 37
         17 1
         17 20
         17 38
         18 11
         18 39
         19 11
         19 20
         19 40
         20 12
         20 17
         20 19
         20 21
         20 41
         21 1
         21 3
         21 20
         21 42
         ;

set S := 1 2 3 4 5 6 7 8 9 10 11 12 13 14 15 16 17 18 19 20 21 22 23 24 25 26 27 28 29 30 31 32 33 34 35 36 37 38 39 40 41 42 43 44 45 46 47 48 49 50 51 52 53 54 55 56 57 58 59 60 61 62 63 64 65 66 67 68 69 70 71 72 73 74 75 76 77 78 79 80 81 82 83 84 85 86 87 88 89 90 91 92 93 94 95 96 97 98 99 100 101 102 103 104 105 106 107 108 109 110 111 112 113 114 115 116 117 118 119 120 121 122 123 124 125 126 127 128 129 130 131 132 133 134 135 136 137 138 139 140 141 142 143 144 145 146 147 148 149 150 151 152 153 154 155 156 157 158 159 160 161 162 163 164 165 166 167 168 169 170 171 172 173 174 175 176 177 178 179 180 181 182 183 184 185 186 187 188 189 190 191 192 193 194 195 196 197 198 199 200 201 202 203 204 205 206 207 208 209 210 211 212 213 214 215 216 217 218 219 220 221 222 223 224 225 226 227 228 229 230 231 232 233 234 235 236 237 238 239 240 241 242 243 244 245 246 247 248 249 250 251 252;

set F[1] := 1 21
            21 3
            3 2
            2 23
            ;
set F[2] := 1 21
            21 3
            3 24
            ;
set F[3] := 1 21
            21 3
            3 2
            2 4
            4 25
            ;
set F[4] := 1 21
            21 3
            3 2
            2 5
            5 8
            8 6
            6 27
            ;
set F[5] := 1 21
            21 3
            3 2
            2 7
            7 28
            ;
set F[6] := 1 21
            21 3
            3 2
            2 5
            5 8
            8 29
            ;
set F[7] := 1 17
            17 20
            20 19
            19 11
            11 32
            ;
set F[8] := 1 17
            17 20
            20 12
            12 33
            ;
set F[9] := 1 17
            17 20
            20 12
            12 15
            15 36
            ;
set F[10] := 1 17
             17 20
             20 12
             12 15
             15 16
             16 37
             ;
set F[11] := 1 17
             17 38
             ;
set F[12] := 1 17
             17 20
             20 41
             ;
set F[13] := 1 21
             21 42
             ;
set F[14] := 2 3
             3 24
             ;
set F[15] := 2 4
             4 25
             ;
set F[16] := 2 5
             5 8
             8 6
             6 27
             ;
set F[17] := 2 7
             7 28
             ;
set F[18] := 2 5
             5 8
             8 29
             ;
set F[19] := 2 3
             3 21
             21 20
             20 19
             19 11
             11 32
             ;
set F[20] := 2 3
             3 13
             13 12
             12 33
             ;
set F[21] := 2 3
             3 13
             13 12
             12 15
             15 36
             ;
set F[22] := 2 3
             3 13
             13 12
             12 15
             15 16
             16 37
             ;
set F[23] := 2 3
             3 21
             21 1
             1 17
             17 38
             ;
set F[24] := 2 3
             3 21
             21 20
             20 41
             ;
set F[25] := 2 3
             3 21
             21 42
             ;
set F[26] := 3 21
             21 1
             1 22
             ;
set F[27] := 3 2
             2 23
             ;
set F[28] := 3 2
             2 4
             4 25
             ;
set F[29] := 3 2
             2 5
             5 26
             ;
set F[30] := 3 2
             2 5
             5 8
             8 6
             6 27
             ;
set F[31] := 3 2
             2 7
             7 28
             ;
set F[32] := 3 2
             2 5
             5 8
             8 29
             ;
set F[33] := 3 13
             13 12
             12 15
             15 9
             9 30
             ;
set F[34] := 3 13
             13 12
             12 15
             15 9
             9 10
             10 31
             ;
set F[35] := 3 21
             21 20
             20 19
             19 11
             11 32
             ;
set F[36] := 3 13
             13 12
             12 33
             ;
set F[37] := 3 13
             13 12
             12 14
             14 35
             ;
set F[38] := 3 13
             13 12
             12 15
             15 36
             ;
set F[39] := 3 13
             13 12
             12 15
             15 16
             16 37
             ;
set F[40] := 3 21
             21 1
             1 17
             17 38
             ;
set F[41] := 3 21
             21 20
             20 19
             19 11
             11 18
             18 39
             ;
set F[42] := 3 21
             21 20
             20 41
             ;
set F[43] := 3 21
             21 42
             ;
set F[44] := 4 2
             2 23
             ;
set F[45] := 4 2
             2 3
             3 24
             ;
set F[46] := 4 5
             5 8
             8 6
             6 27
             ;
set F[47] := 4 2
             2 7
             7 28
             ;
set F[48] := 4 5
             5 8
             8 29
             ;
set F[49] := 4 2
             2 3
             3 21
             21 20
             20 19
             19 11
             11 32
             ;
set F[50] := 4 2
             2 3
             3 13
             13 12
             12 33
             ;
set F[51] := 4 2
             2 3
             3 13
             13 12
             12 15
             15 36
             ;
set F[52] := 4 2
             2 3
             3 13
             13 12
             12 15
             15 16
             16 37
             ;
set F[53] := 4 2
             2 3
             3 21
             21 1
             1 17
             17 38
             ;
set F[54] := 4 2
             2 3
             3 21
             21 20
             20 41
             ;
set F[55] := 4 2
             2 3
             3 21
             21 42
             ;
set F[56] := 5 2
             2 23
             ;
set F[57] := 5 2
             2 3
             3 24
             ;
set F[58] := 5 4
             4 25
             ;
set F[59] := 5 8
             8 6
             6 27
             ;
set F[60] := 5 2
             2 7
             7 28
             ;
set F[61] := 5 8
             8 29
             ;
set F[62] := 5 2
             2 3
             3 13
             13 12
             12 15
             15 9
             9 10
             10 31
             ;
set F[63] := 5 2
             2 3
             3 21
             21 20
             20 19
             19 11
             11 32
             ;
set F[64] := 5 2
             2 3
             3 13
             13 12
             12 33
             ;
set F[65] := 5 2
             2 3
             3 13
             13 12
             12 15
             15 36
             ;
set F[66] := 5 2
             2 3
             3 13
             13 12
             12 15
             15 16
             16 37
             ;
set F[67] := 5 2
             2 3
             3 21
             21 1
             1 17
             17 38
             ;
set F[68] := 5 2
             2 3
             3 21
             21 20
             20 41
             ;
set F[69] := 5 2
             2 3
             3 21
             21 42
             ;
set F[70] := 7 2
             2 23
             ;
set F[71] := 7 2
             2 3
             3 24
             ;
set F[72] := 7 8
             8 29
             ;
set F[73] := 7 2
             2 3
             3 21
             21 20
             20 19
             19 11
             11 32
             ;
set F[74] := 7 2
             2 3
             3 13
             13 12
             12 33
             ;
set F[75] := 7 2
             2 3
             3 13
             13 12
             12 15
             15 36
             ;
set F[76] := 7 2
             2 3
             3 13
             13 12
             12 15
             15 16
             16 37
             ;
set F[77] := 7 2
             2 3
             3 21
             21 1
             1 17
             17 38
             ;
set F[78] := 7 2
             2 3
             3 21
             21 20
             20 41
             ;
set F[79] := 7 2
             2 3
             3 21
             21 42
             ;
set F[80] := 8 5
             5 2
             2 23
             ;
set F[81] := 8 5
             5 2
             2 3
             3 24
             ;
set F[82] := 8 5
             5 4
             4 25
             ;
set F[83] := 8 6
             6 27
             ;
set F[84] := 8 7
             7 28
             ;
set F[85] := 8 5
             5 2
             2 3
             3 13
             13 12
             12 15
             15 9
             9 30
             ;
set F[86] := 8 5
             5 2
             2 3
             3 13
             13 12
             12 15
             15 9
             9 10
             10 31
             ;
set F[87] := 8 5
             5 2
             2 3
             3 21
             21 20
             20 19
             19 11
             11 32
             ;
set F[88] := 8 5
             5 2
             2 3
             3 13
             13 12
             12 33
             ;
set F[89] := 8 5
             5 2
             2 3
             3 13
             13 12
             12 15
             15 36
             ;
set F[90] := 8 5
             5 2
             2 3
             3 13
             13 12
             12 15
             15 16
             16 37
             ;
set F[91] := 8 5
             5 2
             2 3
             3 21
             21 1
             1 17
             17 38
             ;
set F[92] := 8 5
             5 2
             2 3
             3 21
             21 20
             20 19
             19 11
             11 18
             18 39
             ;
set F[93] := 8 5
             5 2
             2 3
             3 21
             21 20
             20 41
             ;
set F[94] := 8 5
             5 2
             2 3
             3 21
             21 42
             ;
set F[95] := 10 9
             9 15
             15 12
             12 13
             13 3
             3 2
             2 23
             ;
set F[96] := 10 9
             9 15
             15 12
             12 13
             13 3
             3 24
             ;
set F[97] := 10 9
             9 15
             15 12
             12 13
             13 3
             3 2
             2 4
             4 25
             ;
set F[98] := 10 9
             9 15
             15 12
             12 13
             13 3
             3 2
             2 5
             5 8
             8 6
             6 27
             ;
set F[99] := 10 9
             9 15
             15 12
             12 13
             13 3
             3 2
             2 7
             7 28
             ;
set F[100] := 10 9
              9 15
              15 12
              12 13
              13 3
              3 2
              2 5
              5 8
              8 29
              ;
set F[101] := 10 11
              11 32
              ;
set F[102] := 10 9
              9 15
              15 12
              12 33
              ;
set F[103] := 10 9
              9 15
              15 36
              ;
set F[104] := 10 11
              11 16
              16 37
              ;
set F[105] := 10 11
              11 19
              19 20
              20 17
              17 38
              ;
set F[106] := 10 11
              11 19
              19 20
              20 41
              ;
set F[107] := 10 11
              11 19
              19 20
              20 21
              21 42
              ;
set F[108] := 11 19
              19 20
              20 17
              17 1
              1 22
              ;
set F[109] := 11 19
              19 20
              20 21
              21 3
              3 2
              2 23
              ;
set F[110] := 11 19
              19 20
              20 21
              21 3
              3 24
              ;
set F[111] := 11 19
              19 20
              20 21
              21 3
              3 2
              2 4
              4 25
              ;
set F[112] := 11 19
              19 20
              20 21
              21 3
              3 2
              2 5
              5 26
              ;
set F[113] := 11 19
              19 20
              20 21
              21 3
              3 2
              2 5
              5 8
              8 6
              6 27
              ;
set F[114] := 11 19
              19 20
              20 21
              21 3
              3 2
              2 7
              7 28
              ;
set F[115] := 11 19
              19 20
              20 21
              21 3
              3 2
              2 5
              5 8
              8 29
              ;
set F[116] := 11 10
              10 9
              9 30
              ;
set F[117] := 11 10
              10 31
              ;
set F[118] := 11 19
              19 20
              20 12
              12 33
              ;
set F[119] := 11 16
              16 15
              15 14
              14 35
              ;
set F[120] := 11 16
              16 15
              15 36
              ;
set F[121] := 11 16
              16 37
              ;
set F[122] := 11 19
              19 20
              20 17
              17 38
              ;
set F[123] := 11 18
              18 39
              ;
set F[124] := 11 19
              19 40
              ;
set F[125] := 11 19
              19 20
              20 41
              ;
set F[126] := 11 19
              19 20
              20 21
              21 42
              ;
set F[127] := 12 13
              13 3
              3 2
              2 23
              ;
set F[128] := 12 13
              13 3
              3 24
              ;
set F[129] := 12 13
              13 3
              3 2
              2 4
              4 25
              ;
set F[130] := 12 13
              13 3
              3 2
              2 5
              5 8
              8 6
              6 27
              ;
set F[131] := 12 13
              13 3
              3 2
              2 7
              7 28
              ;
set F[132] := 12 13
              13 3
              3 2
              2 5
              5 8
              8 29
              ;
set F[133] := 12 15
              15 9
              9 10
              10 31
              ;
set F[134] := 12 20
              20 19
              19 11
              11 32
              ;
set F[135] := 12 15
              15 36
              ;
set F[136] := 12 15
              15 16
              16 37
              ;
set F[137] := 12 20
              20 17
              17 38
              ;
set F[138] := 12 20
              20 19
              19 11
              11 18
              18 39
              ;
set F[139] := 12 20
              20 41
              ;
set F[140] := 12 20
              20 21
              21 42
              ;
set F[141] := 13 3
              3 2
              2 23
              ;
set F[142] := 13 12
              12 20
              20 19
              19 11
              11 32
              ;
set F[143] := 13 12
              12 33
              ;
set F[144] := 13 12
              12 15
              15 36
              ;
set F[145] := 13 12
              12 20
              20 41
              ;
set F[146] := 13 3
              3 21
              21 42
              ;
set F[147] := 14 12
              12 13
              13 3
              3 2
              2 23
              ;
set F[148] := 14 12
              12 13
              13 3
              3 24
              ;
set F[149] := 14 12
              12 13
              13 3
              3 2
              2 4
              4 25
              ;
set F[150] := 14 12
              12 13
              13 3
              3 2
              2 5
              5 8
              8 6
              6 27
              ;
set F[151] := 14 12
              12 13
              13 3
              3 2
              2 7
              7 28
              ;
set F[152] := 14 12
              12 13
              13 3
              3 2
              2 5
              5 8
              8 29
              ;
set F[153] := 14 15
              15 16
              16 11
              11 32
              ;
set F[154] := 14 12
              12 33
              ;
set F[155] := 14 15
              15 36
              ;
set F[156] := 14 15
              15 16
              16 37
              ;
set F[157] := 14 12
              12 20
              20 17
              17 38
              ;
set F[158] := 14 12
              12 20
              20 41
              ;
set F[159] := 14 12
              12 20
              20 21
              21 42
              ;
set F[160] := 15 12
              12 20
              20 17
              17 1
              1 22
              ;
set F[161] := 15 12
              12 13
              13 3
              3 2
              2 23
              ;
set F[162] := 15 12
              12 13
              13 3
              3 24
              ;
set F[163] := 15 12
              12 13
              13 3
              3 2
              2 4
              4 25
              ;
set F[164] := 15 12
              12 13
              13 3
              3 2
              2 5
              5 26
              ;
set F[165] := 15 12
              12 13
              13 3
              3 2
              2 5
              5 8
              8 6
              6 27
              ;
set F[166] := 15 12
              12 13
              13 3
              3 2
              2 7
              7 28
              ;
set F[167] := 15 12
              12 13
              13 3
              3 2
              2 5
              5 8
              8 29
              ;
set F[168] := 15 9
              9 30
              ;
set F[169] := 15 9
              9 10
              10 31
              ;
set F[170] := 15 16
              16 11
              11 32
              ;
set F[171] := 15 12
              12 33
              ;
set F[172] := 15 14
              14 35
              ;
set F[173] := 15 16
              16 37
              ;
set F[174] := 15 12
              12 20
              20 17
              17 38
              ;
set F[175] := 15 16
              16 11
              11 18
              18 39
              ;
set F[176] := 15 12
              12 20
              20 19
              19 40
              ;
set F[177] := 15 12
              12 20
              20 41
              ;
set F[178] := 15 12
              12 20
              20 21
              21 42
              ;
set F[179] := 16 15
              15 12
              12 13
              13 3
              3 2
              2 23
              ;
set F[180] := 16 15
              15 12
              12 13
              13 3
              3 24
              ;
set F[181] := 16 15
              15 12
              12 13
              13 3
              3 2
              2 4
              4 25
              ;
set F[182] := 16 15
              15 12
              12 13
              13 3
              3 2
              2 5
              5 8
              8 6
              6 27
              ;
set F[183] := 16 15
              15 12
              12 13
              13 3
              3 2
              2 7
              7 28
              ;
set F[184] := 16 15
              15 12
              12 13
              13 3
              3 2
              2 5
              5 8
              8 29
              ;
set F[185] := 16 11
              11 32
              ;
set F[186] := 16 15
              15 12
              12 33
              ;
set F[187] := 16 15
              15 36
              ;
set F[188] := 16 11
              11 19
              19 20
              20 17
              17 38
              ;
set F[189] := 16 11
              11 19
              19 20
              20 41
              ;
set F[190] := 16 11
              11 19
              19 20
              20 21
              21 42
              ;
set F[191] := 17 1
              1 21
              21 3
              3 2
              2 23
              ;
set F[192] := 17 1
              1 21
              21 3
              3 24
              ;
set F[193] := 17 1
              1 21
              21 3
              3 2
              2 4
              4 25
              ;
set F[194] := 17 1
              1 21
              21 3
              3 2
              2 5
              5 8
              8 6
              6 27
              ;
set F[195] := 17 1
              1 21
              21 3
              3 2
              2 7
              7 28
              ;
set F[196] := 17 1
              1 21
              21 3
              3 2
              2 5
              5 8
              8 29
              ;
set F[197] := 17 20
              20 19
              19 11
              11 10
              10 31
              ;
set F[198] := 17 20
              20 19
              19 11
              11 32
              ;
set F[199] := 17 20
              20 12
              12 33
              ;
set F[200] := 17 20
              20 12
              12 15
              15 36
              ;
set F[201] := 17 20
              20 12
              12 15
              15 16
              16 37
              ;
set F[202] := 17 20
              20 19
              19 11
              11 18
              18 39
              ;
set F[203] := 17 20
              20 41
              ;
set F[204] := 17 1
              1 21
              21 42
              ;
set F[205] := 18 11
              11 19
              19 20
              20 21
              21 3
              3 2
              2 23
              ;
set F[206] := 18 11
              11 19
              19 20
              20 21
              21 3
              3 2
              2 7
              7 28
              ;
set F[207] := 18 11
              11 32
              ;
set F[208] := 18 11
              11 19
              19 20
              20 12
              12 33
              ;
set F[209] := 18 11
              11 16
              16 15
              15 36
              ;
set F[210] := 18 11
              11 19
              19 20
              20 41
              ;
set F[211] := 18 11
              11 19
              19 20
              20 21
              21 42
              ;
set F[212] := 19 20
              20 21
              21 3
              3 2
              2 23
              ;
set F[213] := 19 20
              20 21
              21 3
              3 24
              ;
set F[214] := 19 20
              20 21
              21 3
              3 2
              2 4
              4 25
              ;
set F[215] := 19 20
              20 21
              21 3
              3 2
              2 5
              5 8
              8 6
              6 27
              ;
set F[216] := 19 20
              20 21
              21 3
              3 2
              2 7
              7 28
              ;
set F[217] := 19 20
              20 21
              21 3
              3 2
              2 5
              5 8
              8 29
              ;
set F[218] := 19 11
              11 32
              ;
set F[219] := 19 20
              20 12
              12 33
              ;
set F[220] := 19 11
              11 16
              16 15
              15 36
              ;
set F[221] := 19 11
              11 16
              16 37
              ;
set F[222] := 19 20
              20 17
              17 38
              ;
set F[223] := 19 20
              20 41
              ;
set F[224] := 19 20
              20 21
              21 42
              ;
set F[225] := 20 17
              17 1
              1 22
              ;
set F[226] := 20 21
              21 3
              3 2
              2 23
              ;
set F[227] := 20 21
              21 3
              3 24
              ;
set F[228] := 20 21
              21 3
              3 2
              2 4
              4 25
              ;
set F[229] := 20 21
              21 3
              3 2
              2 5
              5 8
              8 6
              6 27
              ;
set F[230] := 20 21
              21 3
              3 2
              2 7
              7 28
              ;
set F[231] := 20 21
              21 3
              3 2
              2 5
              5 8
              8 29
              ;
set F[232] := 20 12
              12 15
              15 9
              9 30
              ;
set F[233] := 20 19
              19 11
              11 10
              10 31
              ;
set F[234] := 20 19
              19 11
              11 32
              ;
set F[235] := 20 12
              12 33
              ;
set F[236] := 20 12
              12 15
              15 36
              ;
set F[237] := 20 12
              12 15
              15 16
              16 37
              ;
set F[238] := 20 17
              17 38
              ;
set F[239] := 20 19
              19 11
              11 18
              18 39
              ;
set F[240] := 20 21
              21 42
              ;
set F[241] := 21 3
              3 2
              2 23
              ;
set F[242] := 21 3
              3 24
              ;
set F[243] := 21 3
              3 2
              2 4
              4 25
              ;
set F[244] := 21 3
              3 2
              2 5
              5 8
              8 6
              6 27
              ;
set F[245] := 21 3
              3 2
              2 7
              7 28
              ;
set F[246] := 21 3
              3 2
              2 5
              5 8
              8 29
              ;
set F[247] := 21 20
              20 19
              19 11
              11 32
              ;
set F[248] := 21 20
              20 12
              12 33
              ;
set F[249] := 21 20
              20 12
              12 15
              15 36
              ;
set F[250] := 21 20
              20 12
              12 15
              15 16
              16 37
              ;
set F[251] := 21 1
              1 17
              17 38
              ;
set F[252] := 21 20
              20 41
              ;
set Last[1] := 2 23;
set Last[2] := 3 24;
set Last[3] := 4 25;
set Last[4] := 6 27;
set Last[5] := 7 28;
set Last[6] := 8 29;
set Last[7] := 11 32;
set Last[8] := 12 33;
set Last[9] := 15 36;
set Last[10] := 16 37;
set Last[11] := 17 38;
set Last[12] := 20 41;
set Last[13] := 21 42;
set Last[14] := 3 24;
set Last[15] := 4 25;
set Last[16] := 6 27;
set Last[17] := 7 28;
set Last[18] := 8 29;
set Last[19] := 11 32;
set Last[20] := 12 33;
set Last[21] := 15 36;
set Last[22] := 16 37;
set Last[23] := 17 38;
set Last[24] := 20 41;
set Last[25] := 21 42;
set Last[26] := 1 22;
set Last[27] := 2 23;
set Last[28] := 4 25;
set Last[29] := 5 26;
set Last[30] := 6 27;
set Last[31] := 7 28;
set Last[32] := 8 29;
set Last[33] := 9 30;
set Last[34] := 10 31;
set Last[35] := 11 32;
set Last[36] := 12 33;
set Last[37] := 14 35;
set Last[38] := 15 36;
set Last[39] := 16 37;
set Last[40] := 17 38;
set Last[41] := 18 39;
set Last[42] := 20 41;
set Last[43] := 21 42;
set Last[44] := 2 23;
set Last[45] := 3 24;
set Last[46] := 6 27;
set Last[47] := 7 28;
set Last[48] := 8 29;
set Last[49] := 11 32;
set Last[50] := 12 33;
set Last[51] := 15 36;
set Last[52] := 16 37;
set Last[53] := 17 38;
set Last[54] := 20 41;
set Last[55] := 21 42;
set Last[56] := 2 23;
set Last[57] := 3 24;
set Last[58] := 4 25;
set Last[59] := 6 27;
set Last[60] := 7 28;
set Last[61] := 8 29;
set Last[62] := 10 31;
set Last[63] := 11 32;
set Last[64] := 12 33;
set Last[65] := 15 36;
set Last[66] := 16 37;
set Last[67] := 17 38;
set Last[68] := 20 41;
set Last[69] := 21 42;
set Last[70] := 2 23;
set Last[71] := 3 24;
set Last[72] := 8 29;
set Last[73] := 11 32;
set Last[74] := 12 33;
set Last[75] := 15 36;
set Last[76] := 16 37;
set Last[77] := 17 38;
set Last[78] := 20 41;
set Last[79] := 21 42;
set Last[80] := 2 23;
set Last[81] := 3 24;
set Last[82] := 4 25;
set Last[83] := 6 27;
set Last[84] := 7 28;
set Last[85] := 9 30;
set Last[86] := 10 31;
set Last[87] := 11 32;
set Last[88] := 12 33;
set Last[89] := 15 36;
set Last[90] := 16 37;
set Last[91] := 17 38;
set Last[92] := 18 39;
set Last[93] := 20 41;
set Last[94] := 21 42;
set Last[95] := 2 23;
set Last[96] := 3 24;
set Last[97] := 4 25;
set Last[98] := 6 27;
set Last[99] := 7 28;
set Last[100] := 8 29;
set Last[101] := 11 32;
set Last[102] := 12 33;
set Last[103] := 15 36;
set Last[104] := 16 37;
set Last[105] := 17 38;
set Last[106] := 20 41;
set Last[107] := 21 42;
set Last[108] := 1 22;
set Last[109] := 2 23;
set Last[110] := 3 24;
set Last[111] := 4 25;
set Last[112] := 5 26;
set Last[113] := 6 27;
set Last[114] := 7 28;
set Last[115] := 8 29;
set Last[116] := 9 30;
set Last[117] := 10 31;
set Last[118] := 12 33;
set Last[119] := 14 35;
set Last[120] := 15 36;
set Last[121] := 16 37;
set Last[122] := 17 38;
set Last[123] := 18 39;
set Last[124] := 19 40;
set Last[125] := 20 41;
set Last[126] := 21 42;
set Last[127] := 2 23;
set Last[128] := 3 24;
set Last[129] := 4 25;
set Last[130] := 6 27;
set Last[131] := 7 28;
set Last[132] := 8 29;
set Last[133] := 10 31;
set Last[134] := 11 32;
set Last[135] := 15 36;
set Last[136] := 16 37;
set Last[137] := 17 38;
set Last[138] := 18 39;
set Last[139] := 20 41;
set Last[140] := 21 42;
set Last[141] := 2 23;
set Last[142] := 11 32;
set Last[143] := 12 33;
set Last[144] := 15 36;
set Last[145] := 20 41;
set Last[146] := 21 42;
set Last[147] := 2 23;
set Last[148] := 3 24;
set Last[149] := 4 25;
set Last[150] := 6 27;
set Last[151] := 7 28;
set Last[152] := 8 29;
set Last[153] := 11 32;
set Last[154] := 12 33;
set Last[155] := 15 36;
set Last[156] := 16 37;
set Last[157] := 17 38;
set Last[158] := 20 41;
set Last[159] := 21 42;
set Last[160] := 1 22;
set Last[161] := 2 23;
set Last[162] := 3 24;
set Last[163] := 4 25;
set Last[164] := 5 26;
set Last[165] := 6 27;
set Last[166] := 7 28;
set Last[167] := 8 29;
set Last[168] := 9 30;
set Last[169] := 10 31;
set Last[170] := 11 32;
set Last[171] := 12 33;
set Last[172] := 14 35;
set Last[173] := 16 37;
set Last[174] := 17 38;
set Last[175] := 18 39;
set Last[176] := 19 40;
set Last[177] := 20 41;
set Last[178] := 21 42;
set Last[179] := 2 23;
set Last[180] := 3 24;
set Last[181] := 4 25;
set Last[182] := 6 27;
set Last[183] := 7 28;
set Last[184] := 8 29;
set Last[185] := 11 32;
set Last[186] := 12 33;
set Last[187] := 15 36;
set Last[188] := 17 38;
set Last[189] := 20 41;
set Last[190] := 21 42;
set Last[191] := 2 23;
set Last[192] := 3 24;
set Last[193] := 4 25;
set Last[194] := 6 27;
set Last[195] := 7 28;
set Last[196] := 8 29;
set Last[197] := 10 31;
set Last[198] := 11 32;
set Last[199] := 12 33;
set Last[200] := 15 36;
set Last[201] := 16 37;
set Last[202] := 18 39;
set Last[203] := 20 41;
set Last[204] := 21 42;
set Last[205] := 2 23;
set Last[206] := 7 28;
set Last[207] := 11 32;
set Last[208] := 12 33;
set Last[209] := 15 36;
set Last[210] := 20 41;
set Last[211] := 21 42;
set Last[212] := 2 23;
set Last[213] := 3 24;
set Last[214] := 4 25;
set Last[215] := 6 27;
set Last[216] := 7 28;
set Last[217] := 8 29;
set Last[218] := 11 32;
set Last[219] := 12 33;
set Last[220] := 15 36;
set Last[221] := 16 37;
set Last[222] := 17 38;
set Last[223] := 20 41;
set Last[224] := 21 42;
set Last[225] := 1 22;
set Last[226] := 2 23;
set Last[227] := 3 24;
set Last[228] := 4 25;
set Last[229] := 6 27;
set Last[230] := 7 28;
set Last[231] := 8 29;
set Last[232] := 9 30;
set Last[233] := 10 31;
set Last[234] := 11 32;
set Last[235] := 12 33;
set Last[236] := 15 36;
set Last[237] := 16 37;
set Last[238] := 17 38;
set Last[239] := 18 39;
set Last[240] := 21 42;
set Last[241] := 2 23;
set Last[242] := 3 24;
set Last[243] := 4 25;
set Last[244] := 6 27;
set Last[245] := 7 28;
set Last[246] := 8 29;
set Last[247] := 11 32;
set Last[248] := 12 33;
set Last[249] := 15 36;
set Last[250] := 16 37;
set Last[251] := 17 38;
set Last[252] := 20 41;

param q := 5;

end;
