data;

set V := 1 2 3 4 5 6 7 8 9 10 11 12 13 14 15 16 17 18 19 20 21 23 24 25 26 27 28 29 30 31 32 33 34 35 36 37 38 39 40 41 42 43;

set A := 1 4
         1 13
         1 23
         2 7
         2 20
         2 24
         3 4
         3 14
         3 25
         4 1
         4 3
         4 26
         5 8
         5 9
         5 27
         6 9
         6 15
         6 28
         7 2
         7 8
         7 29
         8 5
         8 7
         8 10
         8 18
         8 20
         8 30
         9 5
         9 6
         9 15
         9 31
         10 8
         10 32
         11 19
         11 20
         11 33
         12 19
         12 21
         12 34
         13 1
         13 14
         13 21
         13 35
         14 3
         14 13
         14 20
         14 36
         15 6
         15 9
         15 16
         15 18
         15 37
         16 15
         16 17
         16 38
         17 16
         17 18
         17 39
         18 8
         18 15
         18 17
         18 19
         18 20
         18 40
         19 11
         19 12
         19 18
         19 41
         20 2
         20 8
         20 11
         20 14
         20 18
         20 42
         21 12
         21 13
         21 43
         ;

set S := 1 2 3 4 5 6 7 8 9 10 11 12 13 14 15 16 17 18 19 20 21 22 23 24 25 26 27 28 29 30 31 32 33 34 35 36 37 38 39 40 41 42 43 44 45 46 47 48 49 50 51 52 53 54 55 56 57 58 59 60 61 62 63 64 65 66 67 68 69 70 71 72 73 74 75 76 77 78 79 80 81 82 83 84 85 86 87 88 89 90 91 92 93 94 95 96 97 98 99 100 101 102 103 104 105 106 107 108 109 110 111 112 113 114 115 116 117 118 119 120 121 122 123 124 125 126 127 128 129 130 131 132 133 134 135 136 137 138 139 140 141 142 143 144 145 146 147 148 149 150 151 152 153 154 155 156 157 158 159 160 161 162 163 164 165 166 167 168 169 170 171 172 173 174 175 176 177 178 179 180 181 182 183 184 185 186 187 188 189 190 191 192 193 194 195 196 197 198 199 200 201 202 203 204 205 206 207 208 209 210 211 212 213 214 215 216 217 218 219 220 221 222 223 224 225 226 227 228 229 230 231 232 233 234 235 236 237 238 239 240 241 242 243 244 245 246 247 248 249 250 251 252 253 254 255 256 257 258 259 260 261 262 263 264 265 266 267 268 269 270 271 272 273 274 275 276 277 278 279 280 281 282 283 284 285 286 287 288 289 290 291 292 293 294 295 296 297 298 299 300 301 302 303 304 305 306 307 308 309 310 311 312 313 314 315 316 317 318 319 320 321 322 323 324 325 326 327 328 329 330 331 332 333 334 335 336 337 338 339 340 341 342 343 344 345 346 347 348 349 350 351 352 353 354 355 356 357 358 359 360 361 362 363 364 365 366 367 368 369 370 371 372 373 374 375 376 377 378 379 380 381 382 383 384 385 386 387 388 389 390 391 392 393 394 395 396 397 398 399 400 401 402 403 404 405 406 407 408 409 410 411 412 413 414 415 416 417 418 419 420;

set F[1] := 1 13
            13 14
            14 20
            20 2
            2 24
            ;
set F[2] := 1 4
            4 3
            3 25
            ;
set F[3] := 1 4
            4 26
            ;
set F[4] := 1 13
            13 14
            14 20
            20 8
            8 5
            5 27
            ;
set F[5] := 1 13
            13 14
            14 20
            20 18
            18 15
            15 6
            6 28
            ;
set F[6] := 1 13
            13 14
            14 20
            20 2
            2 7
            7 29
            ;
set F[7] := 1 13
            13 14
            14 20
            20 8
            8 30
            ;
set F[8] := 1 13
            13 14
            14 20
            20 8
            8 5
            5 9
            9 31
            ;
set F[9] := 1 13
            13 14
            14 20
            20 8
            8 10
            10 32
            ;
set F[10] := 1 13
             13 14
             14 20
             20 11
             11 33
             ;
set F[11] := 1 13
             13 21
             21 12
             12 34
             ;
set F[12] := 1 13
             13 35
             ;
set F[13] := 1 13
             13 14
             14 36
             ;
set F[14] := 1 13
             13 14
             14 20
             20 18
             18 15
             15 37
             ;
set F[15] := 1 13
             13 14
             14 20
             20 18
             18 15
             15 16
             16 38
             ;
set F[16] := 1 13
             13 14
             14 20
             20 18
             18 17
             17 39
             ;
set F[17] := 1 13
             13 14
             14 20
             20 18
             18 40
             ;
set F[18] := 1 13
             13 21
             21 12
             12 19
             19 41
             ;
set F[19] := 1 13
             13 14
             14 20
             20 42
             ;
set F[20] := 1 13
             13 21
             21 43
             ;
set F[21] := 2 20
             20 14
             14 13
             13 1
             1 23
             ;
set F[22] := 2 20
             20 14
             14 3
             3 25
             ;
set F[23] := 2 20
             20 14
             14 3
             3 4
             4 26
             ;
set F[24] := 2 20
             20 8
             8 5
             5 27
             ;
set F[25] := 2 20
             20 18
             18 15
             15 6
             6 28
             ;
set F[26] := 2 7
             7 29
             ;
set F[27] := 2 20
             20 8
             8 30
             ;
set F[28] := 2 20
             20 8
             8 5
             5 9
             9 31
             ;
set F[29] := 2 20
             20 8
             8 10
             10 32
             ;
set F[30] := 2 20
             20 11
             11 33
             ;
set F[31] := 2 20
             20 11
             11 19
             19 12
             12 34
             ;
set F[32] := 2 20
             20 14
             14 13
             13 35
             ;
set F[33] := 2 20
             20 14
             14 36
             ;
set F[34] := 2 20
             20 18
             18 15
             15 37
             ;
set F[35] := 2 20
             20 18
             18 15
             15 16
             16 38
             ;
set F[36] := 2 20
             20 18
             18 17
             17 39
             ;
set F[37] := 2 20
             20 18
             18 40
             ;
set F[38] := 2 20
             20 11
             11 19
             19 41
             ;
set F[39] := 2 20
             20 42
             ;
set F[40] := 2 20
             20 14
             14 13
             13 21
             21 43
             ;
set F[41] := 3 4
             4 1
             1 23
             ;
set F[42] := 3 14
             14 20
             20 2
             2 24
             ;
set F[43] := 3 4
             4 26
             ;
set F[44] := 3 14
             14 20
             20 8
             8 5
             5 27
             ;
set F[45] := 3 14
             14 20
             20 18
             18 15
             15 6
             6 28
             ;
set F[46] := 3 14
             14 20
             20 2
             2 7
             7 29
             ;
set F[47] := 3 14
             14 20
             20 8
             8 30
             ;
set F[48] := 3 14
             14 20
             20 8
             8 5
             5 9
             9 31
             ;
set F[49] := 3 14
             14 20
             20 8
             8 10
             10 32
             ;
set F[50] := 3 14
             14 20
             20 11
             11 33
             ;
set F[51] := 3 14
             14 13
             13 21
             21 12
             12 34
             ;
set F[52] := 3 14
             14 13
             13 35
             ;
set F[53] := 3 14
             14 36
             ;
set F[54] := 3 14
             14 20
             20 18
             18 15
             15 37
             ;
set F[55] := 3 14
             14 20
             20 18
             18 15
             15 16
             16 38
             ;
set F[56] := 3 14
             14 20
             20 18
             18 17
             17 39
             ;
set F[57] := 3 14
             14 20
             20 18
             18 40
             ;
set F[58] := 3 14
             14 20
             20 11
             11 19
             19 41
             ;
set F[59] := 3 14
             14 20
             20 42
             ;
set F[60] := 3 14
             14 13
             13 21
             21 43
             ;
set F[61] := 4 1
             1 23
             ;
set F[62] := 4 3
             3 14
             14 20
             20 2
             2 24
             ;
set F[63] := 4 3
             3 25
             ;
set F[64] := 4 3
             3 14
             14 20
             20 8
             8 5
             5 27
             ;
set F[65] := 4 3
             3 14
             14 20
             20 18
             18 15
             15 6
             6 28
             ;
set F[66] := 4 3
             3 14
             14 20
             20 2
             2 7
             7 29
             ;
set F[67] := 4 3
             3 14
             14 20
             20 8
             8 30
             ;
set F[68] := 4 3
             3 14
             14 20
             20 8
             8 5
             5 9
             9 31
             ;
set F[69] := 4 3
             3 14
             14 20
             20 8
             8 10
             10 32
             ;
set F[70] := 4 3
             3 14
             14 20
             20 11
             11 33
             ;
set F[71] := 4 1
             1 13
             13 21
             21 12
             12 34
             ;
set F[72] := 4 1
             1 13
             13 35
             ;
set F[73] := 4 3
             3 14
             14 36
             ;
set F[74] := 4 3
             3 14
             14 20
             20 18
             18 15
             15 37
             ;
set F[75] := 4 3
             3 14
             14 20
             20 18
             18 15
             15 16
             16 38
             ;
set F[76] := 4 3
             3 14
             14 20
             20 18
             18 17
             17 39
             ;
set F[77] := 4 3
             3 14
             14 20
             20 18
             18 40
             ;
set F[78] := 4 1
             1 13
             13 21
             21 12
             12 19
             19 41
             ;
set F[79] := 4 3
             3 14
             14 20
             20 42
             ;
set F[80] := 4 1
             1 13
             13 21
             21 43
             ;
set F[81] := 5 8
             8 20
             20 14
             14 13
             13 1
             1 23
             ;
set F[82] := 5 8
             8 7
             7 2
             2 24
             ;
set F[83] := 5 8
             8 20
             20 14
             14 3
             3 25
             ;
set F[84] := 5 8
             8 20
             20 14
             14 3
             3 4
             4 26
             ;
set F[85] := 5 9
             9 6
             6 28
             ;
set F[86] := 5 8
             8 7
             7 29
             ;
set F[87] := 5 8
             8 30
             ;
set F[88] := 5 9
             9 31
             ;
set F[89] := 5 8
             8 10
             10 32
             ;
set F[90] := 5 8
             8 20
             20 11
             11 33
             ;
set F[91] := 5 8
             8 18
             18 19
             19 12
             12 34
             ;
set F[92] := 5 8
             8 20
             20 14
             14 13
             13 35
             ;
set F[93] := 5 8
             8 20
             20 14
             14 36
             ;
set F[94] := 5 9
             9 15
             15 37
             ;
set F[95] := 5 9
             9 15
             15 16
             16 38
             ;
set F[96] := 5 8
             8 18
             18 17
             17 39
             ;
set F[97] := 5 8
             8 18
             18 40
             ;
set F[98] := 5 8
             8 18
             18 19
             19 41
             ;
set F[99] := 5 8
             8 20
             20 42
             ;
set F[100] := 5 8
              8 20
              20 14
              14 13
              13 21
              21 43
              ;
set F[101] := 6 15
              15 18
              18 20
              20 14
              14 13
              13 1
              1 23
              ;
set F[102] := 6 15
              15 18
              18 20
              20 2
              2 24
              ;
set F[103] := 6 15
              15 18
              18 20
              20 14
              14 3
              3 25
              ;
set F[104] := 6 15
              15 18
              18 20
              20 14
              14 3
              3 4
              4 26
              ;
set F[105] := 6 9
              9 5
              5 27
              ;
set F[106] := 6 9
              9 5
              5 8
              8 7
              7 29
              ;
set F[107] := 6 9
              9 5
              5 8
              8 30
              ;
set F[108] := 6 9
              9 31
              ;
set F[109] := 6 9
              9 5
              5 8
              8 10
              10 32
              ;
set F[110] := 6 15
              15 18
              18 19
              19 11
              11 33
              ;
set F[111] := 6 15
              15 18
              18 19
              19 12
              12 34
              ;
set F[112] := 6 15
              15 18
              18 20
              20 14
              14 13
              13 35
              ;
set F[113] := 6 15
              15 18
              18 20
              20 14
              14 36
              ;
set F[114] := 6 15
              15 37
              ;
set F[115] := 6 15
              15 16
              16 38
              ;
set F[116] := 6 15
              15 18
              18 17
              17 39
              ;
set F[117] := 6 15
              15 18
              18 40
              ;
set F[118] := 6 15
              15 18
              18 19
              19 41
              ;
set F[119] := 6 15
              15 18
              18 20
              20 42
              ;
set F[120] := 6 15
              15 18
              18 19
              19 12
              12 21
              21 43
              ;
set F[121] := 7 2
              2 20
              20 14
              14 13
              13 1
              1 23
              ;
set F[122] := 7 2
              2 24
              ;
set F[123] := 7 2
              2 20
              20 14
              14 3
              3 25
              ;
set F[124] := 7 2
              2 20
              20 14
              14 3
              3 4
              4 26
              ;
set F[125] := 7 8
              8 5
              5 27
              ;
set F[126] := 7 8
              8 5
              5 9
              9 6
              6 28
              ;
set F[127] := 7 8
              8 30
              ;
set F[128] := 7 8
              8 5
              5 9
              9 31
              ;
set F[129] := 7 8
              8 10
              10 32
              ;
set F[130] := 7 2
              2 20
              20 11
              11 33
              ;
set F[131] := 7 8
              8 18
              18 19
              19 12
              12 34
              ;
set F[132] := 7 2
              2 20
              20 14
              14 13
              13 35
              ;
set F[133] := 7 2
              2 20
              20 14
              14 36
              ;
set F[134] := 7 8
              8 18
              18 15
              15 37
              ;
set F[135] := 7 8
              8 18
              18 15
              15 16
              16 38
              ;
set F[136] := 7 8
              8 18
              18 17
              17 39
              ;
set F[137] := 7 8
              8 18
              18 40
              ;
set F[138] := 7 8
              8 18
              18 19
              19 41
              ;
set F[139] := 7 2
              2 20
              20 42
              ;
set F[140] := 7 2
              2 20
              20 14
              14 13
              13 21
              21 43
              ;
set F[141] := 8 20
              20 14
              14 13
              13 1
              1 23
              ;
set F[142] := 8 7
              7 2
              2 24
              ;
set F[143] := 8 20
              20 14
              14 3
              3 25
              ;
set F[144] := 8 20
              20 14
              14 3
              3 4
              4 26
              ;
set F[145] := 8 5
              5 27
              ;
set F[146] := 8 5
              5 9
              9 6
              6 28
              ;
set F[147] := 8 7
              7 29
              ;
set F[148] := 8 5
              5 9
              9 31
              ;
set F[149] := 8 10
              10 32
              ;
set F[150] := 8 20
              20 11
              11 33
              ;
set F[151] := 8 18
              18 19
              19 12
              12 34
              ;
set F[152] := 8 20
              20 14
              14 13
              13 35
              ;
set F[153] := 8 20
              20 14
              14 36
              ;
set F[154] := 8 18
              18 15
              15 37
              ;
set F[155] := 8 18
              18 15
              15 16
              16 38
              ;
set F[156] := 8 18
              18 17
              17 39
              ;
set F[157] := 8 18
              18 40
              ;
set F[158] := 8 18
              18 19
              19 41
              ;
set F[159] := 8 20
              20 42
              ;
set F[160] := 8 20
              20 14
              14 13
              13 21
              21 43
              ;
set F[161] := 9 5
              5 8
              8 20
              20 14
              14 13
              13 1
              1 23
              ;
set F[162] := 9 5
              5 8
              8 7
              7 2
              2 24
              ;
set F[163] := 9 5
              5 8
              8 20
              20 14
              14 3
              3 25
              ;
set F[164] := 9 5
              5 8
              8 20
              20 14
              14 3
              3 4
              4 26
              ;
set F[165] := 9 5
              5 27
              ;
set F[166] := 9 6
              6 28
              ;
set F[167] := 9 5
              5 8
              8 7
              7 29
              ;
set F[168] := 9 5
              5 8
              8 30
              ;
set F[169] := 9 5
              5 8
              8 10
              10 32
              ;
set F[170] := 9 5
              5 8
              8 20
              20 11
              11 33
              ;
set F[171] := 9 15
              15 18
              18 19
              19 12
              12 34
              ;
set F[172] := 9 5
              5 8
              8 20
              20 14
              14 13
              13 35
              ;
set F[173] := 9 5
              5 8
              8 20
              20 14
              14 36
              ;
set F[174] := 9 15
              15 37
              ;
set F[175] := 9 15
              15 16
              16 38
              ;
set F[176] := 9 15
              15 18
              18 17
              17 39
              ;
set F[177] := 9 15
              15 18
              18 40
              ;
set F[178] := 9 15
              15 18
              18 19
              19 41
              ;
set F[179] := 9 5
              5 8
              8 20
              20 42
              ;
set F[180] := 9 15
              15 18
              18 19
              19 12
              12 21
              21 43
              ;
set F[181] := 10 8
              8 20
              20 14
              14 13
              13 1
              1 23
              ;
set F[182] := 10 8
              8 7
              7 2
              2 24
              ;
set F[183] := 10 8
              8 20
              20 14
              14 3
              3 25
              ;
set F[184] := 10 8
              8 20
              20 14
              14 3
              3 4
              4 26
              ;
set F[185] := 10 8
              8 5
              5 27
              ;
set F[186] := 10 8
              8 5
              5 9
              9 6
              6 28
              ;
set F[187] := 10 8
              8 7
              7 29
              ;
set F[188] := 10 8
              8 30
              ;
set F[189] := 10 8
              8 5
              5 9
              9 31
              ;
set F[190] := 10 8
              8 20
              20 11
              11 33
              ;
set F[191] := 10 8
              8 18
              18 19
              19 12
              12 34
              ;
set F[192] := 10 8
              8 20
              20 14
              14 13
              13 35
              ;
set F[193] := 10 8
              8 20
              20 14
              14 36
              ;
set F[194] := 10 8
              8 18
              18 15
              15 37
              ;
set F[195] := 10 8
              8 18
              18 15
              15 16
              16 38
              ;
set F[196] := 10 8
              8 18
              18 17
              17 39
              ;
set F[197] := 10 8
              8 18
              18 40
              ;
set F[198] := 10 8
              8 18
              18 19
              19 41
              ;
set F[199] := 10 8
              8 20
              20 42
              ;
set F[200] := 10 8
              8 20
              20 14
              14 13
              13 21
              21 43
              ;
set F[201] := 11 20
              20 14
              14 13
              13 1
              1 23
              ;
set F[202] := 11 20
              20 2
              2 24
              ;
set F[203] := 11 20
              20 14
              14 3
              3 25
              ;
set F[204] := 11 20
              20 14
              14 3
              3 4
              4 26
              ;
set F[205] := 11 20
              20 8
              8 5
              5 27
              ;
set F[206] := 11 19
              19 18
              18 15
              15 6
              6 28
              ;
set F[207] := 11 20
              20 2
              2 7
              7 29
              ;
set F[208] := 11 20
              20 8
              8 30
              ;
set F[209] := 11 19
              19 18
              18 15
              15 9
              9 31
              ;
set F[210] := 11 20
              20 8
              8 10
              10 32
              ;
set F[211] := 11 19
              19 12
              12 34
              ;
set F[212] := 11 20
              20 14
              14 13
              13 35
              ;
set F[213] := 11 20
              20 14
              14 36
              ;
set F[214] := 11 19
              19 18
              18 15
              15 37
              ;
set F[215] := 11 19
              19 18
              18 15
              15 16
              16 38
              ;
set F[216] := 11 19
              19 18
              18 17
              17 39
              ;
set F[217] := 11 19
              19 18
              18 40
              ;
set F[218] := 11 19
              19 41
              ;
set F[219] := 11 20
              20 42
              ;
set F[220] := 11 19
              19 12
              12 21
              21 43
              ;
set F[221] := 12 21
              21 13
              13 1
              1 23
              ;
set F[222] := 12 19
              19 11
              11 20
              20 2
              2 24
              ;
set F[223] := 12 21
              21 13
              13 14
              14 3
              3 25
              ;
set F[224] := 12 21
              21 13
              13 1
              1 4
              4 26
              ;
set F[225] := 12 19
              19 18
              18 8
              8 5
              5 27
              ;
set F[226] := 12 19
              19 18
              18 15
              15 6
              6 28
              ;
set F[227] := 12 19
              19 18
              18 8
              8 7
              7 29
              ;
set F[228] := 12 19
              19 18
              18 8
              8 30
              ;
set F[229] := 12 19
              19 18
              18 15
              15 9
              9 31
              ;
set F[230] := 12 19
              19 18
              18 8
              8 10
              10 32
              ;
set F[231] := 12 19
              19 11
              11 33
              ;
set F[232] := 12 21
              21 13
              13 35
              ;
set F[233] := 12 21
              21 13
              13 14
              14 36
              ;
set F[234] := 12 19
              19 18
              18 15
              15 37
              ;
set F[235] := 12 19
              19 18
              18 15
              15 16
              16 38
              ;
set F[236] := 12 19
              19 18
              18 17
              17 39
              ;
set F[237] := 12 19
              19 18
              18 40
              ;
set F[238] := 12 19
              19 41
              ;
set F[239] := 12 19
              19 11
              11 20
              20 42
              ;
set F[240] := 12 21
              21 43
              ;
set F[241] := 13 1
              1 23
              ;
set F[242] := 13 14
              14 20
              20 2
              2 24
              ;
set F[243] := 13 14
              14 3
              3 25
              ;
set F[244] := 13 1
              1 4
              4 26
              ;
set F[245] := 13 14
              14 20
              20 8
              8 5
              5 27
              ;
set F[246] := 13 14
              14 20
              20 18
              18 15
              15 6
              6 28
              ;
set F[247] := 13 14
              14 20
              20 2
              2 7
              7 29
              ;
set F[248] := 13 14
              14 20
              20 8
              8 30
              ;
set F[249] := 13 14
              14 20
              20 8
              8 5
              5 9
              9 31
              ;
set F[250] := 13 14
              14 20
              20 8
              8 10
              10 32
              ;
set F[251] := 13 14
              14 20
              20 11
              11 33
              ;
set F[252] := 13 21
              21 12
              12 34
              ;
set F[253] := 13 14
              14 36
              ;
set F[254] := 13 14
              14 20
              20 18
              18 15
              15 37
              ;
set F[255] := 13 14
              14 20
              20 18
              18 15
              15 16
              16 38
              ;
set F[256] := 13 14
              14 20
              20 18
              18 17
              17 39
              ;
set F[257] := 13 14
              14 20
              20 18
              18 40
              ;
set F[258] := 13 21
              21 12
              12 19
              19 41
              ;
set F[259] := 13 14
              14 20
              20 42
              ;
set F[260] := 13 21
              21 43
              ;
set F[261] := 14 13
              13 1
              1 23
              ;
set F[262] := 14 20
              20 2
              2 24
              ;
set F[263] := 14 3
              3 25
              ;
set F[264] := 14 3
              3 4
              4 26
              ;
set F[265] := 14 20
              20 8
              8 5
              5 27
              ;
set F[266] := 14 20
              20 18
              18 15
              15 6
              6 28
              ;
set F[267] := 14 20
              20 2
              2 7
              7 29
              ;
set F[268] := 14 20
              20 8
              8 30
              ;
set F[269] := 14 20
              20 8
              8 5
              5 9
              9 31
              ;
set F[270] := 14 20
              20 8
              8 10
              10 32
              ;
set F[271] := 14 20
              20 11
              11 33
              ;
set F[272] := 14 13
              13 21
              21 12
              12 34
              ;
set F[273] := 14 13
              13 35
              ;
set F[274] := 14 20
              20 18
              18 15
              15 37
              ;
set F[275] := 14 20
              20 18
              18 15
              15 16
              16 38
              ;
set F[276] := 14 20
              20 18
              18 17
              17 39
              ;
set F[277] := 14 20
              20 18
              18 40
              ;
set F[278] := 14 20
              20 11
              11 19
              19 41
              ;
set F[279] := 14 20
              20 42
              ;
set F[280] := 14 13
              13 21
              21 43
              ;
set F[281] := 15 18
              18 20
              20 14
              14 13
              13 1
              1 23
              ;
set F[282] := 15 18
              18 20
              20 2
              2 24
              ;
set F[283] := 15 18
              18 20
              20 14
              14 3
              3 25
              ;
set F[284] := 15 18
              18 20
              20 14
              14 3
              3 4
              4 26
              ;
set F[285] := 15 9
              9 5
              5 27
              ;
set F[286] := 15 6
              6 28
              ;
set F[287] := 15 18
              18 8
              8 7
              7 29
              ;
set F[288] := 15 18
              18 8
              8 30
              ;
set F[289] := 15 9
              9 31
              ;
set F[290] := 15 18
              18 8
              8 10
              10 32
              ;
set F[291] := 15 18
              18 19
              19 11
              11 33
              ;
set F[292] := 15 18
              18 19
              19 12
              12 34
              ;
set F[293] := 15 18
              18 20
              20 14
              14 13
              13 35
              ;
set F[294] := 15 18
              18 20
              20 14
              14 36
              ;
set F[295] := 15 16
              16 38
              ;
set F[296] := 15 18
              18 17
              17 39
              ;
set F[297] := 15 18
              18 40
              ;
set F[298] := 15 18
              18 19
              19 41
              ;
set F[299] := 15 18
              18 20
              20 42
              ;
set F[300] := 15 18
              18 19
              19 12
              12 21
              21 43
              ;
set F[301] := 16 15
              15 18
              18 20
              20 14
              14 13
              13 1
              1 23
              ;
set F[302] := 16 15
              15 18
              18 20
              20 2
              2 24
              ;
set F[303] := 16 15
              15 18
              18 20
              20 14
              14 3
              3 25
              ;
set F[304] := 16 15
              15 18
              18 20
              20 14
              14 3
              3 4
              4 26
              ;
set F[305] := 16 15
              15 9
              9 5
              5 27
              ;
set F[306] := 16 15
              15 6
              6 28
              ;
set F[307] := 16 15
              15 18
              18 8
              8 7
              7 29
              ;
set F[308] := 16 15
              15 18
              18 8
              8 30
              ;
set F[309] := 16 15
              15 9
              9 31
              ;
set F[310] := 16 15
              15 18
              18 8
              8 10
              10 32
              ;
set F[311] := 16 15
              15 18
              18 19
              19 11
              11 33
              ;
set F[312] := 16 15
              15 18
              18 19
              19 12
              12 34
              ;
set F[313] := 16 15
              15 18
              18 20
              20 14
              14 13
              13 35
              ;
set F[314] := 16 15
              15 18
              18 20
              20 14
              14 36
              ;
set F[315] := 16 15
              15 37
              ;
set F[316] := 16 17
              17 39
              ;
set F[317] := 16 15
              15 18
              18 40
              ;
set F[318] := 16 15
              15 18
              18 19
              19 41
              ;
set F[319] := 16 15
              15 18
              18 20
              20 42
              ;
set F[320] := 16 15
              15 18
              18 19
              19 12
              12 21
              21 43
              ;
set F[321] := 17 18
              18 20
              20 14
              14 13
              13 1
              1 23
              ;
set F[322] := 17 18
              18 20
              20 2
              2 24
              ;
set F[323] := 17 18
              18 20
              20 14
              14 3
              3 25
              ;
set F[324] := 17 18
              18 20
              20 14
              14 3
              3 4
              4 26
              ;
set F[325] := 17 18
              18 8
              8 5
              5 27
              ;
set F[326] := 17 16
              16 15
              15 6
              6 28
              ;
set F[327] := 17 18
              18 8
              8 7
              7 29
              ;
set F[328] := 17 18
              18 8
              8 30
              ;
set F[329] := 17 16
              16 15
              15 9
              9 31
              ;
set F[330] := 17 18
              18 8
              8 10
              10 32
              ;
set F[331] := 17 18
              18 19
              19 11
              11 33
              ;
set F[332] := 17 18
              18 19
              19 12
              12 34
              ;
set F[333] := 17 18
              18 20
              20 14
              14 13
              13 35
              ;
set F[334] := 17 18
              18 20
              20 14
              14 36
              ;
set F[335] := 17 16
              16 15
              15 37
              ;
set F[336] := 17 16
              16 38
              ;
set F[337] := 17 18
              18 40
              ;
set F[338] := 17 18
              18 19
              19 41
              ;
set F[339] := 17 18
              18 20
              20 42
              ;
set F[340] := 17 18
              18 19
              19 12
              12 21
              21 43
              ;
set F[341] := 18 20
              20 14
              14 13
              13 1
              1 23
              ;
set F[342] := 18 20
              20 2
              2 24
              ;
set F[343] := 18 20
              20 14
              14 3
              3 25
              ;
set F[344] := 18 20
              20 14
              14 3
              3 4
              4 26
              ;
set F[345] := 18 8
              8 5
              5 27
              ;
set F[346] := 18 15
              15 6
              6 28
              ;
set F[347] := 18 8
              8 7
              7 29
              ;
set F[348] := 18 8
              8 30
              ;
set F[349] := 18 15
              15 9
              9 31
              ;
set F[350] := 18 8
              8 10
              10 32
              ;
set F[351] := 18 19
              19 11
              11 33
              ;
set F[352] := 18 19
              19 12
              12 34
              ;
set F[353] := 18 20
              20 14
              14 13
              13 35
              ;
set F[354] := 18 20
              20 14
              14 36
              ;
set F[355] := 18 15
              15 37
              ;
set F[356] := 18 15
              15 16
              16 38
              ;
set F[357] := 18 17
              17 39
              ;
set F[358] := 18 19
              19 41
              ;
set F[359] := 18 20
              20 42
              ;
set F[360] := 18 19
              19 12
              12 21
              21 43
              ;
set F[361] := 19 12
              12 21
              21 13
              13 1
              1 23
              ;
set F[362] := 19 11
              11 20
              20 2
              2 24
              ;
set F[363] := 19 11
              11 20
              20 14
              14 3
              3 25
              ;
set F[364] := 19 11
              11 20
              20 14
              14 3
              3 4
              4 26
              ;
set F[365] := 19 18
              18 8
              8 5
              5 27
              ;
set F[366] := 19 18
              18 15
              15 6
              6 28
              ;
set F[367] := 19 18
              18 8
              8 7
              7 29
              ;
set F[368] := 19 18
              18 8
              8 30
              ;
set F[369] := 19 18
              18 15
              15 9
              9 31
              ;
set F[370] := 19 18
              18 8
              8 10
              10 32
              ;
set F[371] := 19 11
              11 33
              ;
set F[372] := 19 12
              12 34
              ;
set F[373] := 19 12
              12 21
              21 13
              13 35
              ;
set F[374] := 19 11
              11 20
              20 14
              14 36
              ;
set F[375] := 19 18
              18 15
              15 37
              ;
set F[376] := 19 18
              18 15
              15 16
              16 38
              ;
set F[377] := 19 18
              18 17
              17 39
              ;
set F[378] := 19 18
              18 40
              ;
set F[379] := 19 11
              11 20
              20 42
              ;
set F[380] := 19 12
              12 21
              21 43
              ;
set F[381] := 20 14
              14 13
              13 1
              1 23
              ;
set F[382] := 20 2
              2 24
              ;
set F[383] := 20 14
              14 3
              3 25
              ;
set F[384] := 20 14
              14 3
              3 4
              4 26
              ;
set F[385] := 20 8
              8 5
              5 27
              ;
set F[386] := 20 18
              18 15
              15 6
              6 28
              ;
set F[387] := 20 2
              2 7
              7 29
              ;
set F[388] := 20 8
              8 30
              ;
set F[389] := 20 8
              8 5
              5 9
              9 31
              ;
set F[390] := 20 8
              8 10
              10 32
              ;
set F[391] := 20 11
              11 33
              ;
set F[392] := 20 11
              11 19
              19 12
              12 34
              ;
set F[393] := 20 14
              14 13
              13 35
              ;
set F[394] := 20 14
              14 36
              ;
set F[395] := 20 18
              18 15
              15 37
              ;
set F[396] := 20 18
              18 15
              15 16
              16 38
              ;
set F[397] := 20 18
              18 17
              17 39
              ;
set F[398] := 20 18
              18 40
              ;
set F[399] := 20 11
              11 19
              19 41
              ;
set F[400] := 20 14
              14 13
              13 21
              21 43
              ;
set F[401] := 21 13
              13 1
              1 23
              ;
set F[402] := 21 13
              13 14
              14 20
              20 2
              2 24
              ;
set F[403] := 21 13
              13 14
              14 3
              3 25
              ;
set F[404] := 21 13
              13 1
              1 4
              4 26
              ;
set F[405] := 21 12
              12 19
              19 18
              18 8
              8 5
              5 27
              ;
set F[406] := 21 12
              12 19
              19 18
              18 15
              15 6
              6 28
              ;
set F[407] := 21 12
              12 19
              19 18
              18 8
              8 7
              7 29
              ;
set F[408] := 21 12
              12 19
              19 18
              18 8
              8 30
              ;
set F[409] := 21 12
              12 19
              19 18
              18 15
              15 9
              9 31
              ;
set F[410] := 21 12
              12 19
              19 18
              18 8
              8 10
              10 32
              ;
set F[411] := 21 12
              12 19
              19 11
              11 33
              ;
set F[412] := 21 12
              12 34
              ;
set F[413] := 21 13
              13 35
              ;
set F[414] := 21 13
              13 14
              14 36
              ;
set F[415] := 21 12
              12 19
              19 18
              18 15
              15 37
              ;
set F[416] := 21 12
              12 19
              19 18
              18 15
              15 16
              16 38
              ;
set F[417] := 21 12
              12 19
              19 18
              18 17
              17 39
              ;
set F[418] := 21 12
              12 19
              19 18
              18 40
              ;
set F[419] := 21 12
              12 19
              19 41
              ;
set F[420] := 21 13
              13 14
              14 20
              20 42
              ;
set Last[1] := 2 24;
set Last[2] := 3 25;
set Last[3] := 4 26;
set Last[4] := 5 27;
set Last[5] := 6 28;
set Last[6] := 7 29;
set Last[7] := 8 30;
set Last[8] := 9 31;
set Last[9] := 10 32;
set Last[10] := 11 33;
set Last[11] := 12 34;
set Last[12] := 13 35;
set Last[13] := 14 36;
set Last[14] := 15 37;
set Last[15] := 16 38;
set Last[16] := 17 39;
set Last[17] := 18 40;
set Last[18] := 19 41;
set Last[19] := 20 42;
set Last[20] := 21 43;
set Last[21] := 1 23;
set Last[22] := 3 25;
set Last[23] := 4 26;
set Last[24] := 5 27;
set Last[25] := 6 28;
set Last[26] := 7 29;
set Last[27] := 8 30;
set Last[28] := 9 31;
set Last[29] := 10 32;
set Last[30] := 11 33;
set Last[31] := 12 34;
set Last[32] := 13 35;
set Last[33] := 14 36;
set Last[34] := 15 37;
set Last[35] := 16 38;
set Last[36] := 17 39;
set Last[37] := 18 40;
set Last[38] := 19 41;
set Last[39] := 20 42;
set Last[40] := 21 43;
set Last[41] := 1 23;
set Last[42] := 2 24;
set Last[43] := 4 26;
set Last[44] := 5 27;
set Last[45] := 6 28;
set Last[46] := 7 29;
set Last[47] := 8 30;
set Last[48] := 9 31;
set Last[49] := 10 32;
set Last[50] := 11 33;
set Last[51] := 12 34;
set Last[52] := 13 35;
set Last[53] := 14 36;
set Last[54] := 15 37;
set Last[55] := 16 38;
set Last[56] := 17 39;
set Last[57] := 18 40;
set Last[58] := 19 41;
set Last[59] := 20 42;
set Last[60] := 21 43;
set Last[61] := 1 23;
set Last[62] := 2 24;
set Last[63] := 3 25;
set Last[64] := 5 27;
set Last[65] := 6 28;
set Last[66] := 7 29;
set Last[67] := 8 30;
set Last[68] := 9 31;
set Last[69] := 10 32;
set Last[70] := 11 33;
set Last[71] := 12 34;
set Last[72] := 13 35;
set Last[73] := 14 36;
set Last[74] := 15 37;
set Last[75] := 16 38;
set Last[76] := 17 39;
set Last[77] := 18 40;
set Last[78] := 19 41;
set Last[79] := 20 42;
set Last[80] := 21 43;
set Last[81] := 1 23;
set Last[82] := 2 24;
set Last[83] := 3 25;
set Last[84] := 4 26;
set Last[85] := 6 28;
set Last[86] := 7 29;
set Last[87] := 8 30;
set Last[88] := 9 31;
set Last[89] := 10 32;
set Last[90] := 11 33;
set Last[91] := 12 34;
set Last[92] := 13 35;
set Last[93] := 14 36;
set Last[94] := 15 37;
set Last[95] := 16 38;
set Last[96] := 17 39;
set Last[97] := 18 40;
set Last[98] := 19 41;
set Last[99] := 20 42;
set Last[100] := 21 43;
set Last[101] := 1 23;
set Last[102] := 2 24;
set Last[103] := 3 25;
set Last[104] := 4 26;
set Last[105] := 5 27;
set Last[106] := 7 29;
set Last[107] := 8 30;
set Last[108] := 9 31;
set Last[109] := 10 32;
set Last[110] := 11 33;
set Last[111] := 12 34;
set Last[112] := 13 35;
set Last[113] := 14 36;
set Last[114] := 15 37;
set Last[115] := 16 38;
set Last[116] := 17 39;
set Last[117] := 18 40;
set Last[118] := 19 41;
set Last[119] := 20 42;
set Last[120] := 21 43;
set Last[121] := 1 23;
set Last[122] := 2 24;
set Last[123] := 3 25;
set Last[124] := 4 26;
set Last[125] := 5 27;
set Last[126] := 6 28;
set Last[127] := 8 30;
set Last[128] := 9 31;
set Last[129] := 10 32;
set Last[130] := 11 33;
set Last[131] := 12 34;
set Last[132] := 13 35;
set Last[133] := 14 36;
set Last[134] := 15 37;
set Last[135] := 16 38;
set Last[136] := 17 39;
set Last[137] := 18 40;
set Last[138] := 19 41;
set Last[139] := 20 42;
set Last[140] := 21 43;
set Last[141] := 1 23;
set Last[142] := 2 24;
set Last[143] := 3 25;
set Last[144] := 4 26;
set Last[145] := 5 27;
set Last[146] := 6 28;
set Last[147] := 7 29;
set Last[148] := 9 31;
set Last[149] := 10 32;
set Last[150] := 11 33;
set Last[151] := 12 34;
set Last[152] := 13 35;
set Last[153] := 14 36;
set Last[154] := 15 37;
set Last[155] := 16 38;
set Last[156] := 17 39;
set Last[157] := 18 40;
set Last[158] := 19 41;
set Last[159] := 20 42;
set Last[160] := 21 43;
set Last[161] := 1 23;
set Last[162] := 2 24;
set Last[163] := 3 25;
set Last[164] := 4 26;
set Last[165] := 5 27;
set Last[166] := 6 28;
set Last[167] := 7 29;
set Last[168] := 8 30;
set Last[169] := 10 32;
set Last[170] := 11 33;
set Last[171] := 12 34;
set Last[172] := 13 35;
set Last[173] := 14 36;
set Last[174] := 15 37;
set Last[175] := 16 38;
set Last[176] := 17 39;
set Last[177] := 18 40;
set Last[178] := 19 41;
set Last[179] := 20 42;
set Last[180] := 21 43;
set Last[181] := 1 23;
set Last[182] := 2 24;
set Last[183] := 3 25;
set Last[184] := 4 26;
set Last[185] := 5 27;
set Last[186] := 6 28;
set Last[187] := 7 29;
set Last[188] := 8 30;
set Last[189] := 9 31;
set Last[190] := 11 33;
set Last[191] := 12 34;
set Last[192] := 13 35;
set Last[193] := 14 36;
set Last[194] := 15 37;
set Last[195] := 16 38;
set Last[196] := 17 39;
set Last[197] := 18 40;
set Last[198] := 19 41;
set Last[199] := 20 42;
set Last[200] := 21 43;
set Last[201] := 1 23;
set Last[202] := 2 24;
set Last[203] := 3 25;
set Last[204] := 4 26;
set Last[205] := 5 27;
set Last[206] := 6 28;
set Last[207] := 7 29;
set Last[208] := 8 30;
set Last[209] := 9 31;
set Last[210] := 10 32;
set Last[211] := 12 34;
set Last[212] := 13 35;
set Last[213] := 14 36;
set Last[214] := 15 37;
set Last[215] := 16 38;
set Last[216] := 17 39;
set Last[217] := 18 40;
set Last[218] := 19 41;
set Last[219] := 20 42;
set Last[220] := 21 43;
set Last[221] := 1 23;
set Last[222] := 2 24;
set Last[223] := 3 25;
set Last[224] := 4 26;
set Last[225] := 5 27;
set Last[226] := 6 28;
set Last[227] := 7 29;
set Last[228] := 8 30;
set Last[229] := 9 31;
set Last[230] := 10 32;
set Last[231] := 11 33;
set Last[232] := 13 35;
set Last[233] := 14 36;
set Last[234] := 15 37;
set Last[235] := 16 38;
set Last[236] := 17 39;
set Last[237] := 18 40;
set Last[238] := 19 41;
set Last[239] := 20 42;
set Last[240] := 21 43;
set Last[241] := 1 23;
set Last[242] := 2 24;
set Last[243] := 3 25;
set Last[244] := 4 26;
set Last[245] := 5 27;
set Last[246] := 6 28;
set Last[247] := 7 29;
set Last[248] := 8 30;
set Last[249] := 9 31;
set Last[250] := 10 32;
set Last[251] := 11 33;
set Last[252] := 12 34;
set Last[253] := 14 36;
set Last[254] := 15 37;
set Last[255] := 16 38;
set Last[256] := 17 39;
set Last[257] := 18 40;
set Last[258] := 19 41;
set Last[259] := 20 42;
set Last[260] := 21 43;
set Last[261] := 1 23;
set Last[262] := 2 24;
set Last[263] := 3 25;
set Last[264] := 4 26;
set Last[265] := 5 27;
set Last[266] := 6 28;
set Last[267] := 7 29;
set Last[268] := 8 30;
set Last[269] := 9 31;
set Last[270] := 10 32;
set Last[271] := 11 33;
set Last[272] := 12 34;
set Last[273] := 13 35;
set Last[274] := 15 37;
set Last[275] := 16 38;
set Last[276] := 17 39;
set Last[277] := 18 40;
set Last[278] := 19 41;
set Last[279] := 20 42;
set Last[280] := 21 43;
set Last[281] := 1 23;
set Last[282] := 2 24;
set Last[283] := 3 25;
set Last[284] := 4 26;
set Last[285] := 5 27;
set Last[286] := 6 28;
set Last[287] := 7 29;
set Last[288] := 8 30;
set Last[289] := 9 31;
set Last[290] := 10 32;
set Last[291] := 11 33;
set Last[292] := 12 34;
set Last[293] := 13 35;
set Last[294] := 14 36;
set Last[295] := 16 38;
set Last[296] := 17 39;
set Last[297] := 18 40;
set Last[298] := 19 41;
set Last[299] := 20 42;
set Last[300] := 21 43;
set Last[301] := 1 23;
set Last[302] := 2 24;
set Last[303] := 3 25;
set Last[304] := 4 26;
set Last[305] := 5 27;
set Last[306] := 6 28;
set Last[307] := 7 29;
set Last[308] := 8 30;
set Last[309] := 9 31;
set Last[310] := 10 32;
set Last[311] := 11 33;
set Last[312] := 12 34;
set Last[313] := 13 35;
set Last[314] := 14 36;
set Last[315] := 15 37;
set Last[316] := 17 39;
set Last[317] := 18 40;
set Last[318] := 19 41;
set Last[319] := 20 42;
set Last[320] := 21 43;
set Last[321] := 1 23;
set Last[322] := 2 24;
set Last[323] := 3 25;
set Last[324] := 4 26;
set Last[325] := 5 27;
set Last[326] := 6 28;
set Last[327] := 7 29;
set Last[328] := 8 30;
set Last[329] := 9 31;
set Last[330] := 10 32;
set Last[331] := 11 33;
set Last[332] := 12 34;
set Last[333] := 13 35;
set Last[334] := 14 36;
set Last[335] := 15 37;
set Last[336] := 16 38;
set Last[337] := 18 40;
set Last[338] := 19 41;
set Last[339] := 20 42;
set Last[340] := 21 43;
set Last[341] := 1 23;
set Last[342] := 2 24;
set Last[343] := 3 25;
set Last[344] := 4 26;
set Last[345] := 5 27;
set Last[346] := 6 28;
set Last[347] := 7 29;
set Last[348] := 8 30;
set Last[349] := 9 31;
set Last[350] := 10 32;
set Last[351] := 11 33;
set Last[352] := 12 34;
set Last[353] := 13 35;
set Last[354] := 14 36;
set Last[355] := 15 37;
set Last[356] := 16 38;
set Last[357] := 17 39;
set Last[358] := 19 41;
set Last[359] := 20 42;
set Last[360] := 21 43;
set Last[361] := 1 23;
set Last[362] := 2 24;
set Last[363] := 3 25;
set Last[364] := 4 26;
set Last[365] := 5 27;
set Last[366] := 6 28;
set Last[367] := 7 29;
set Last[368] := 8 30;
set Last[369] := 9 31;
set Last[370] := 10 32;
set Last[371] := 11 33;
set Last[372] := 12 34;
set Last[373] := 13 35;
set Last[374] := 14 36;
set Last[375] := 15 37;
set Last[376] := 16 38;
set Last[377] := 17 39;
set Last[378] := 18 40;
set Last[379] := 20 42;
set Last[380] := 21 43;
set Last[381] := 1 23;
set Last[382] := 2 24;
set Last[383] := 3 25;
set Last[384] := 4 26;
set Last[385] := 5 27;
set Last[386] := 6 28;
set Last[387] := 7 29;
set Last[388] := 8 30;
set Last[389] := 9 31;
set Last[390] := 10 32;
set Last[391] := 11 33;
set Last[392] := 12 34;
set Last[393] := 13 35;
set Last[394] := 14 36;
set Last[395] := 15 37;
set Last[396] := 16 38;
set Last[397] := 17 39;
set Last[398] := 18 40;
set Last[399] := 19 41;
set Last[400] := 21 43;
set Last[401] := 1 23;
set Last[402] := 2 24;
set Last[403] := 3 25;
set Last[404] := 4 26;
set Last[405] := 5 27;
set Last[406] := 6 28;
set Last[407] := 7 29;
set Last[408] := 8 30;
set Last[409] := 9 31;
set Last[410] := 10 32;
set Last[411] := 11 33;
set Last[412] := 12 34;
set Last[413] := 13 35;
set Last[414] := 14 36;
set Last[415] := 15 37;
set Last[416] := 16 38;
set Last[417] := 17 39;
set Last[418] := 18 40;
set Last[419] := 19 41;
set Last[420] := 20 42;

param q := 5;

end;
