data;

set V := 1 2 3 4 5 6 7 8 9 10 11 12 13 14 15 16 17 18 19 20 22 23 24 25 26 27 28 29 30 31 32 33 34;

set A := 1 2
         1 4
         1 18
         2 1
         2 15
         2 19
         3 4
         3 9
         3 14
         3 20
         4 1
         4 3
         5 12
         5 14
         5 22
         6 7
         6 13
         6 23
         7 6
         7 15
         7 24
         8 11
         8 12
         8 25
         9 3
         9 12
         9 26
         10 11
         10 16
         10 27
         11 8
         11 10
         11 17
         11 28
         12 5
         12 8
         12 9
         12 29
         13 6
         13 14
         13 30
         14 3
         14 5
         14 13
         14 31
         15 2
         15 7
         15 32
         16 10
         16 17
         16 33
         17 11
         17 34
         ;

set S := 1 2 3 4 5 6 7 8 9 10 11 12 13 14 15 16 17 18 19 20 21 22 23 24 25 26 27 28 29 30 31 32 33 34 35 36 37 38 39 40 41 42 43 44 45 46 47 48 49 50 51 52 53 54 55 56 57 58 59 60 61 62 63 64 65 66 67 68 69 70 71 72 73 74 75 76 77 78 79 80 81 82 83 84 85 86 87 88 89 90 91 92 93 94 95 96 97 98 99 100 101 102 103 104 105 106 107 108 109 110 111 112 113 114 115 116 117 118 119 120 121 122 123 124 125 126 127 128 129 130 131 132 133 134 135 136 137 138 139 140 141 142 143 144 145 146 147 148 149 150 151 152 153 154 155 156 157 158 159 160 161 162 163 164 165 166 167 168 169 170 171 172 173 174 175 176 177 178 179 180 181 182 183 184 185 186 187 188 189 190 191 192 193 194 195 196 197 198 199 200 201 202 203 204 205 206 207 208 209 210 211 212 213 214 215 216 217;

set F[1] := 1 2
            2 19
            ;
set F[2] := 1 4
            4 3
            3 20
            ;
set F[3] := 1 4
            4 3
            3 14
            14 5
            5 22
            ;
set F[4] := 1 2
            2 15
            15 7
            7 6
            6 23
            ;
set F[5] := 1 2
            2 15
            15 7
            7 24
            ;
set F[6] := 1 4
            4 3
            3 9
            9 12
            12 8
            8 25
            ;
set F[7] := 1 4
            4 3
            3 9
            9 26
            ;
set F[8] := 1 4
            4 3
            3 9
            9 12
            12 8
            8 11
            11 10
            10 27
            ;
set F[9] := 1 4
            4 3
            3 9
            9 12
            12 8
            8 11
            11 28
            ;
set F[10] := 1 4
             4 3
             3 9
             9 12
             12 29
             ;
set F[11] := 1 4
             4 3
             3 14
             14 13
             13 30
             ;
set F[12] := 1 4
             4 3
             3 14
             14 31
             ;
set F[13] := 1 2
             2 15
             15 32
             ;
set F[14] := 1 4
             4 3
             3 9
             9 12
             12 8
             8 11
             11 10
             10 16
             16 33
             ;
set F[15] := 1 4
             4 3
             3 9
             9 12
             12 8
             8 11
             11 17
             17 34
             ;
set F[16] := 2 1
             1 4
             4 3
             3 9
             9 12
             12 8
             8 11
             11 28
             ;
set F[17] := 3 4
             4 1
             1 18
             ;
set F[18] := 3 4
             4 1
             1 2
             2 19
             ;
set F[19] := 3 14
             14 5
             5 22
             ;
set F[20] := 3 14
             14 13
             13 6
             6 23
             ;
set F[21] := 3 14
             14 13
             13 6
             6 7
             7 24
             ;
set F[22] := 3 9
             9 12
             12 8
             8 25
             ;
set F[23] := 3 9
             9 26
             ;
set F[24] := 3 9
             9 12
             12 8
             8 11
             11 10
             10 27
             ;
set F[25] := 3 9
             9 12
             12 8
             8 11
             11 28
             ;
set F[26] := 3 9
             9 12
             12 29
             ;
set F[27] := 3 14
             14 13
             13 30
             ;
set F[28] := 3 14
             14 31
             ;
set F[29] := 3 4
             4 1
             1 2
             2 15
             15 32
             ;
set F[30] := 3 9
             9 12
             12 8
             8 11
             11 10
             10 16
             16 33
             ;
set F[31] := 3 9
             9 12
             12 8
             8 11
             11 17
             17 34
             ;
set F[32] := 4 1
             1 18
             ;
set F[33] := 4 1
             1 2
             2 19
             ;
set F[34] := 4 3
             3 20
             ;
set F[35] := 4 3
             3 14
             14 5
             5 22
             ;
set F[36] := 4 3
             3 14
             14 13
             13 6
             6 23
             ;
set F[37] := 4 1
             1 2
             2 15
             15 7
             7 24
             ;
set F[38] := 4 3
             3 9
             9 12
             12 8
             8 25
             ;
set F[39] := 4 3
             3 9
             9 12
             12 8
             8 11
             11 10
             10 27
             ;
set F[40] := 4 3
             3 9
             9 12
             12 8
             8 11
             11 28
             ;
set F[41] := 4 3
             3 9
             9 12
             12 29
             ;
set F[42] := 4 3
             3 14
             14 13
             13 30
             ;
set F[43] := 4 3
             3 14
             14 31
             ;
set F[44] := 4 1
             1 2
             2 15
             15 32
             ;
set F[45] := 4 3
             3 9
             9 12
             12 8
             8 11
             11 10
             10 16
             16 33
             ;
set F[46] := 4 3
             3 9
             9 12
             12 8
             8 11
             11 17
             17 34
             ;
set F[47] := 5 14
             14 3
             3 4
             4 1
             1 18
             ;
set F[48] := 5 14
             14 3
             3 20
             ;
set F[49] := 5 12
             12 8
             8 11
             11 28
             ;
set F[50] := 5 12
             12 29
             ;
set F[51] := 5 14
             14 31
             ;
set F[52] := 5 12
             12 8
             8 11
             11 17
             17 34
             ;
set F[53] := 6 7
             7 15
             15 2
             2 1
             1 18
             ;
set F[54] := 6 7
             7 15
             15 2
             2 19
             ;
set F[55] := 6 13
             13 14
             14 3
             3 20
             ;
set F[56] := 6 13
             13 14
             14 5
             5 22
             ;
set F[57] := 6 7
             7 24
             ;
set F[58] := 6 13
             13 14
             14 5
             5 12
             12 8
             8 25
             ;
set F[59] := 6 13
             13 14
             14 3
             3 9
             9 26
             ;
set F[60] := 6 13
             13 14
             14 5
             5 12
             12 8
             8 11
             11 10
             10 27
             ;
set F[61] := 6 13
             13 14
             14 5
             5 12
             12 8
             8 11
             11 28
             ;
set F[62] := 6 13
             13 14
             14 5
             5 12
             12 29
             ;
set F[63] := 6 13
             13 30
             ;
set F[64] := 6 13
             13 14
             14 31
             ;
set F[65] := 6 7
             7 15
             15 32
             ;
set F[66] := 6 13
             13 14
             14 5
             5 12
             12 8
             8 11
             11 10
             10 16
             16 33
             ;
set F[67] := 6 13
             13 14
             14 5
             5 12
             12 8
             8 11
             11 17
             17 34
             ;
set F[68] := 7 15
             15 2
             2 1
             1 18
             ;
set F[69] := 7 15
             15 2
             2 19
             ;
set F[70] := 7 6
             6 13
             13 14
             14 3
             3 20
             ;
set F[71] := 7 6
             6 13
             13 14
             14 5
             5 22
             ;
set F[72] := 7 6
             6 23
             ;
set F[73] := 7 6
             6 13
             13 14
             14 5
             5 12
             12 8
             8 25
             ;
set F[74] := 7 6
             6 13
             13 14
             14 3
             3 9
             9 26
             ;
set F[75] := 7 6
             6 13
             13 14
             14 5
             5 12
             12 8
             8 11
             11 10
             10 27
             ;
set F[76] := 7 6
             6 13
             13 14
             14 5
             5 12
             12 8
             8 11
             11 28
             ;
set F[77] := 7 6
             6 13
             13 14
             14 5
             5 12
             12 29
             ;
set F[78] := 7 6
             6 13
             13 30
             ;
set F[79] := 7 6
             6 13
             13 14
             14 31
             ;
set F[80] := 7 15
             15 32
             ;
set F[81] := 7 6
             6 13
             13 14
             14 5
             5 12
             12 8
             8 11
             11 10
             10 16
             16 33
             ;
set F[82] := 7 6
             6 13
             13 14
             14 5
             5 12
             12 8
             8 11
             11 17
             17 34
             ;
set F[83] := 8 12
             12 9
             9 3
             3 4
             4 1
             1 18
             ;
set F[84] := 8 12
             12 9
             9 3
             3 4
             4 1
             1 2
             2 19
             ;
set F[85] := 8 12
             12 9
             9 3
             3 20
             ;
set F[86] := 8 12
             12 5
             5 22
             ;
set F[87] := 8 12
             12 5
             5 14
             14 13
             13 6
             6 23
             ;
set F[88] := 8 12
             12 5
             5 14
             14 13
             13 6
             6 7
             7 24
             ;
set F[89] := 8 12
             12 9
             9 26
             ;
set F[90] := 8 11
             11 10
             10 27
             ;
set F[91] := 8 11
             11 28
             ;
set F[92] := 8 12
             12 29
             ;
set F[93] := 8 12
             12 5
             5 14
             14 13
             13 30
             ;
set F[94] := 8 12
             12 5
             5 14
             14 31
             ;
set F[95] := 8 12
             12 5
             5 14
             14 13
             13 6
             6 7
             7 15
             15 32
             ;
set F[96] := 8 11
             11 10
             10 16
             16 33
             ;
set F[97] := 8 11
             11 17
             17 34
             ;
set F[98] := 9 3
             3 4
             4 1
             1 18
             ;
set F[99] := 9 3
             3 4
             4 1
             1 2
             2 19
             ;
set F[100] := 9 3
              3 20
              ;
set F[101] := 9 12
              12 5
              5 22
              ;
set F[102] := 9 3
              3 14
              14 13
              13 6
              6 23
              ;
set F[103] := 9 3
              3 14
              14 13
              13 6
              6 7
              7 24
              ;
set F[104] := 9 12
              12 8
              8 25
              ;
set F[105] := 9 12
              12 8
              8 11
              11 10
              10 27
              ;
set F[106] := 9 12
              12 8
              8 11
              11 28
              ;
set F[107] := 9 12
              12 29
              ;
set F[108] := 9 3
              3 14
              14 13
              13 30
              ;
set F[109] := 9 3
              3 14
              14 31
              ;
set F[110] := 9 3
              3 4
              4 1
              1 2
              2 15
              15 32
              ;
set F[111] := 9 12
              12 8
              8 11
              11 10
              10 16
              16 33
              ;
set F[112] := 9 12
              12 8
              8 11
              11 17
              17 34
              ;
set F[113] := 10 11
              11 8
              8 12
              12 9
              9 3
              3 4
              4 1
              1 18
              ;
set F[114] := 10 11
              11 8
              8 12
              12 9
              9 3
              3 4
              4 1
              1 2
              2 19
              ;
set F[115] := 10 11
              11 8
              8 12
              12 9
              9 3
              3 20
              ;
set F[116] := 10 11
              11 8
              8 12
              12 5
              5 22
              ;
set F[117] := 10 11
              11 8
              8 12
              12 5
              5 14
              14 13
              13 6
              6 23
              ;
set F[118] := 10 11
              11 8
              8 12
              12 5
              5 14
              14 13
              13 6
              6 7
              7 24
              ;
set F[119] := 10 11
              11 8
              8 25
              ;
set F[120] := 10 11
              11 8
              8 12
              12 9
              9 26
              ;
set F[121] := 10 11
              11 28
              ;
set F[122] := 10 11
              11 8
              8 12
              12 29
              ;
set F[123] := 10 11
              11 8
              8 12
              12 5
              5 14
              14 13
              13 30
              ;
set F[124] := 10 11
              11 8
              8 12
              12 5
              5 14
              14 31
              ;
set F[125] := 10 11
              11 8
              8 12
              12 5
              5 14
              14 13
              13 6
              6 7
              7 15
              15 32
              ;
set F[126] := 10 16
              16 33
              ;
set F[127] := 10 11
              11 17
              17 34
              ;
set F[128] := 11 8
              8 12
              12 9
              9 3
              3 4
              4 1
              1 18
              ;
set F[129] := 11 8
              8 12
              12 9
              9 3
              3 4
              4 1
              1 2
              2 19
              ;
set F[130] := 11 8
              8 12
              12 9
              9 3
              3 20
              ;
set F[131] := 11 8
              8 12
              12 5
              5 22
              ;
set F[132] := 11 8
              8 12
              12 5
              5 14
              14 13
              13 6
              6 23
              ;
set F[133] := 11 8
              8 12
              12 5
              5 14
              14 13
              13 6
              6 7
              7 24
              ;
set F[134] := 11 8
              8 25
              ;
set F[135] := 11 8
              8 12
              12 9
              9 26
              ;
set F[136] := 11 10
              10 27
              ;
set F[137] := 11 8
              8 12
              12 29
              ;
set F[138] := 11 8
              8 12
              12 5
              5 14
              14 13
              13 30
              ;
set F[139] := 11 8
              8 12
              12 5
              5 14
              14 31
              ;
set F[140] := 11 8
              8 12
              12 5
              5 14
              14 13
              13 6
              6 7
              7 15
              15 32
              ;
set F[141] := 11 10
              10 16
              16 33
              ;
set F[142] := 11 17
              17 34
              ;
set F[143] := 12 9
              9 3
              3 4
              4 1
              1 18
              ;
set F[144] := 12 9
              9 3
              3 4
              4 1
              1 2
              2 19
              ;
set F[145] := 12 9
              9 3
              3 20
              ;
set F[146] := 12 5
              5 22
              ;
set F[147] := 12 5
              5 14
              14 13
              13 6
              6 23
              ;
set F[148] := 12 5
              5 14
              14 13
              13 6
              6 7
              7 24
              ;
set F[149] := 12 8
              8 25
              ;
set F[150] := 12 9
              9 26
              ;
set F[151] := 12 8
              8 11
              11 10
              10 27
              ;
set F[152] := 12 8
              8 11
              11 28
              ;
set F[153] := 12 5
              5 14
              14 13
              13 30
              ;
set F[154] := 12 5
              5 14
              14 31
              ;
set F[155] := 12 5
              5 14
              14 13
              13 6
              6 7
              7 15
              15 32
              ;
set F[156] := 12 8
              8 11
              11 10
              10 16
              16 33
              ;
set F[157] := 12 8
              8 11
              11 17
              17 34
              ;
set F[158] := 13 14
              14 3
              3 4
              4 1
              1 18
              ;
set F[159] := 13 6
              6 7
              7 15
              15 2
              2 19
              ;
set F[160] := 13 14
              14 3
              3 20
              ;
set F[161] := 13 14
              14 5
              5 22
              ;
set F[162] := 13 6
              6 23
              ;
set F[163] := 13 6
              6 7
              7 24
              ;
set F[164] := 13 14
              14 5
              5 12
              12 8
              8 25
              ;
set F[165] := 13 14
              14 3
              3 9
              9 26
              ;
set F[166] := 13 14
              14 5
              5 12
              12 8
              8 11
              11 10
              10 27
              ;
set F[167] := 13 14
              14 5
              5 12
              12 8
              8 11
              11 28
              ;
set F[168] := 13 14
              14 5
              5 12
              12 29
              ;
set F[169] := 13 14
              14 31
              ;
set F[170] := 13 6
              6 7
              7 15
              15 32
              ;
set F[171] := 13 14
              14 5
              5 12
              12 8
              8 11
              11 10
              10 16
              16 33
              ;
set F[172] := 13 14
              14 5
              5 12
              12 8
              8 11
              11 17
              17 34
              ;
set F[173] := 14 3
              3 4
              4 1
              1 18
              ;
set F[174] := 14 3
              3 4
              4 1
              1 2
              2 19
              ;
set F[175] := 14 3
              3 20
              ;
set F[176] := 14 5
              5 22
              ;
set F[177] := 14 13
              13 6
              6 23
              ;
set F[178] := 14 13
              13 6
              6 7
              7 24
              ;
set F[179] := 14 5
              5 12
              12 8
              8 25
              ;
set F[180] := 14 3
              3 9
              9 26
              ;
set F[181] := 14 5
              5 12
              12 8
              8 11
              11 10
              10 27
              ;
set F[182] := 14 5
              5 12
              12 8
              8 11
              11 28
              ;
set F[183] := 14 5
              5 12
              12 29
              ;
set F[184] := 14 13
              13 30
              ;
set F[185] := 14 13
              13 6
              6 7
              7 15
              15 32
              ;
set F[186] := 14 5
              5 12
              12 8
              8 11
              11 10
              10 16
              16 33
              ;
set F[187] := 14 5
              5 12
              12 8
              8 11
              11 17
              17 34
              ;
set F[188] := 15 2
              2 1
              1 18
              ;
set F[189] := 15 2
              2 19
              ;
set F[190] := 15 2
              2 1
              1 4
              4 3
              3 20
              ;
set F[191] := 15 7
              7 6
              6 13
              13 14
              14 5
              5 22
              ;
set F[192] := 15 7
              7 6
              6 23
              ;
set F[193] := 15 7
              7 24
              ;
set F[194] := 15 2
              2 1
              1 4
              4 3
              3 9
              9 12
              12 8
              8 25
              ;
set F[195] := 15 2
              2 1
              1 4
              4 3
              3 9
              9 12
              12 8
              8 11
              11 10
              10 27
              ;
set F[196] := 15 2
              2 1
              1 4
              4 3
              3 9
              9 12
              12 8
              8 11
              11 28
              ;
set F[197] := 15 2
              2 1
              1 4
              4 3
              3 9
              9 12
              12 29
              ;
set F[198] := 15 7
              7 6
              6 13
              13 30
              ;
set F[199] := 15 7
              7 6
              6 13
              13 14
              14 31
              ;
set F[200] := 15 2
              2 1
              1 4
              4 3
              3 9
              9 12
              12 8
              8 11
              11 10
              10 16
              16 33
              ;
set F[201] := 15 2
              2 1
              1 4
              4 3
              3 9
              9 12
              12 8
              8 11
              11 17
              17 34
              ;
set F[202] := 16 10
              10 11
              11 8
              8 12
              12 9
              9 3
              3 4
              4 1
              1 18
              ;
set F[203] := 16 10
              10 11
              11 8
              8 12
              12 9
              9 3
              3 4
              4 1
              1 2
              2 19
              ;
set F[204] := 16 10
              10 11
              11 8
              8 12
              12 9
              9 3
              3 20
              ;
set F[205] := 16 10
              10 11
              11 8
              8 12
              12 5
              5 22
              ;
set F[206] := 16 10
              10 11
              11 8
              8 12
              12 5
              5 14
              14 13
              13 6
              6 23
              ;
set F[207] := 16 10
              10 11
              11 8
              8 12
              12 5
              5 14
              14 13
              13 6
              6 7
              7 24
              ;
set F[208] := 16 10
              10 11
              11 8
              8 25
              ;
set F[209] := 16 10
              10 11
              11 8
              8 12
              12 9
              9 26
              ;
set F[210] := 16 10
              10 27
              ;
set F[211] := 16 10
              10 11
              11 28
              ;
set F[212] := 16 10
              10 11
              11 8
              8 12
              12 29
              ;
set F[213] := 16 10
              10 11
              11 8
              8 12
              12 5
              5 14
              14 13
              13 30
              ;
set F[214] := 16 10
              10 11
              11 8
              8 12
              12 5
              5 14
              14 31
              ;
set F[215] := 16 10
              10 11
              11 8
              8 12
              12 5
              5 14
              14 13
              13 6
              6 7
              7 15
              15 32
              ;
set F[216] := 16 17
              17 34
              ;
set F[217] := 17 11
              11 28
              ;
set Last[1] := 2 19;
set Last[2] := 3 20;
set Last[3] := 5 22;
set Last[4] := 6 23;
set Last[5] := 7 24;
set Last[6] := 8 25;
set Last[7] := 9 26;
set Last[8] := 10 27;
set Last[9] := 11 28;
set Last[10] := 12 29;
set Last[11] := 13 30;
set Last[12] := 14 31;
set Last[13] := 15 32;
set Last[14] := 16 33;
set Last[15] := 17 34;
set Last[16] := 11 28;
set Last[17] := 1 18;
set Last[18] := 2 19;
set Last[19] := 5 22;
set Last[20] := 6 23;
set Last[21] := 7 24;
set Last[22] := 8 25;
set Last[23] := 9 26;
set Last[24] := 10 27;
set Last[25] := 11 28;
set Last[26] := 12 29;
set Last[27] := 13 30;
set Last[28] := 14 31;
set Last[29] := 15 32;
set Last[30] := 16 33;
set Last[31] := 17 34;
set Last[32] := 1 18;
set Last[33] := 2 19;
set Last[34] := 3 20;
set Last[35] := 5 22;
set Last[36] := 6 23;
set Last[37] := 7 24;
set Last[38] := 8 25;
set Last[39] := 10 27;
set Last[40] := 11 28;
set Last[41] := 12 29;
set Last[42] := 13 30;
set Last[43] := 14 31;
set Last[44] := 15 32;
set Last[45] := 16 33;
set Last[46] := 17 34;
set Last[47] := 1 18;
set Last[48] := 3 20;
set Last[49] := 11 28;
set Last[50] := 12 29;
set Last[51] := 14 31;
set Last[52] := 17 34;
set Last[53] := 1 18;
set Last[54] := 2 19;
set Last[55] := 3 20;
set Last[56] := 5 22;
set Last[57] := 7 24;
set Last[58] := 8 25;
set Last[59] := 9 26;
set Last[60] := 10 27;
set Last[61] := 11 28;
set Last[62] := 12 29;
set Last[63] := 13 30;
set Last[64] := 14 31;
set Last[65] := 15 32;
set Last[66] := 16 33;
set Last[67] := 17 34;
set Last[68] := 1 18;
set Last[69] := 2 19;
set Last[70] := 3 20;
set Last[71] := 5 22;
set Last[72] := 6 23;
set Last[73] := 8 25;
set Last[74] := 9 26;
set Last[75] := 10 27;
set Last[76] := 11 28;
set Last[77] := 12 29;
set Last[78] := 13 30;
set Last[79] := 14 31;
set Last[80] := 15 32;
set Last[81] := 16 33;
set Last[82] := 17 34;
set Last[83] := 1 18;
set Last[84] := 2 19;
set Last[85] := 3 20;
set Last[86] := 5 22;
set Last[87] := 6 23;
set Last[88] := 7 24;
set Last[89] := 9 26;
set Last[90] := 10 27;
set Last[91] := 11 28;
set Last[92] := 12 29;
set Last[93] := 13 30;
set Last[94] := 14 31;
set Last[95] := 15 32;
set Last[96] := 16 33;
set Last[97] := 17 34;
set Last[98] := 1 18;
set Last[99] := 2 19;
set Last[100] := 3 20;
set Last[101] := 5 22;
set Last[102] := 6 23;
set Last[103] := 7 24;
set Last[104] := 8 25;
set Last[105] := 10 27;
set Last[106] := 11 28;
set Last[107] := 12 29;
set Last[108] := 13 30;
set Last[109] := 14 31;
set Last[110] := 15 32;
set Last[111] := 16 33;
set Last[112] := 17 34;
set Last[113] := 1 18;
set Last[114] := 2 19;
set Last[115] := 3 20;
set Last[116] := 5 22;
set Last[117] := 6 23;
set Last[118] := 7 24;
set Last[119] := 8 25;
set Last[120] := 9 26;
set Last[121] := 11 28;
set Last[122] := 12 29;
set Last[123] := 13 30;
set Last[124] := 14 31;
set Last[125] := 15 32;
set Last[126] := 16 33;
set Last[127] := 17 34;
set Last[128] := 1 18;
set Last[129] := 2 19;
set Last[130] := 3 20;
set Last[131] := 5 22;
set Last[132] := 6 23;
set Last[133] := 7 24;
set Last[134] := 8 25;
set Last[135] := 9 26;
set Last[136] := 10 27;
set Last[137] := 12 29;
set Last[138] := 13 30;
set Last[139] := 14 31;
set Last[140] := 15 32;
set Last[141] := 16 33;
set Last[142] := 17 34;
set Last[143] := 1 18;
set Last[144] := 2 19;
set Last[145] := 3 20;
set Last[146] := 5 22;
set Last[147] := 6 23;
set Last[148] := 7 24;
set Last[149] := 8 25;
set Last[150] := 9 26;
set Last[151] := 10 27;
set Last[152] := 11 28;
set Last[153] := 13 30;
set Last[154] := 14 31;
set Last[155] := 15 32;
set Last[156] := 16 33;
set Last[157] := 17 34;
set Last[158] := 1 18;
set Last[159] := 2 19;
set Last[160] := 3 20;
set Last[161] := 5 22;
set Last[162] := 6 23;
set Last[163] := 7 24;
set Last[164] := 8 25;
set Last[165] := 9 26;
set Last[166] := 10 27;
set Last[167] := 11 28;
set Last[168] := 12 29;
set Last[169] := 14 31;
set Last[170] := 15 32;
set Last[171] := 16 33;
set Last[172] := 17 34;
set Last[173] := 1 18;
set Last[174] := 2 19;
set Last[175] := 3 20;
set Last[176] := 5 22;
set Last[177] := 6 23;
set Last[178] := 7 24;
set Last[179] := 8 25;
set Last[180] := 9 26;
set Last[181] := 10 27;
set Last[182] := 11 28;
set Last[183] := 12 29;
set Last[184] := 13 30;
set Last[185] := 15 32;
set Last[186] := 16 33;
set Last[187] := 17 34;
set Last[188] := 1 18;
set Last[189] := 2 19;
set Last[190] := 3 20;
set Last[191] := 5 22;
set Last[192] := 6 23;
set Last[193] := 7 24;
set Last[194] := 8 25;
set Last[195] := 10 27;
set Last[196] := 11 28;
set Last[197] := 12 29;
set Last[198] := 13 30;
set Last[199] := 14 31;
set Last[200] := 16 33;
set Last[201] := 17 34;
set Last[202] := 1 18;
set Last[203] := 2 19;
set Last[204] := 3 20;
set Last[205] := 5 22;
set Last[206] := 6 23;
set Last[207] := 7 24;
set Last[208] := 8 25;
set Last[209] := 9 26;
set Last[210] := 10 27;
set Last[211] := 11 28;
set Last[212] := 12 29;
set Last[213] := 13 30;
set Last[214] := 14 31;
set Last[215] := 15 32;
set Last[216] := 17 34;
set Last[217] := 11 28;

param q := 5;

end;
