data;

set V := 1 2 3 4 5 6 7 9 10 11 13 14 15 16 17 18 19 20 21 22 23 25 26 27 28 29 30 31 32 33 34 35 36 37 38 39 40 41 42 44 45 46 47 48 49 50 52 54 56 60 61 64 66 68 70 74 75 77 78 79 80 81 82 83 84 87 89;

set A := 1 2
         1 4
         1 13
         1 46
         2 1
         2 7
         2 28
         2 47
         3 4
         3 15
         3 37
         3 48
         4 1
         4 3
         4 49
         5 6
         5 38
         5 40
         5 50
         6 5
         6 7
         6 9
         7 2
         7 6
         7 52
         9 6
         9 41
         9 54
         10 6
         10 9
         11 14
         11 19
         11 56
         13 1
         13 14
         13 27
         14 11
         14 13
         14 15
         14 22
         15 3
         15 14
         15 16
         15 37
         15 60
         16 15
         16 61
         17 15
         18 17
         18 19
         18 25
         18 36
         19 11
         19 18
         19 20
         19 64
         20 19
         20 21
         21 20
         21 23
         21 25
         21 66
         22 14
         22 25
         22 32
         23 68
         25 18
         25 21
         25 22
         25 23
         25 70
         26 27
         27 13
         27 32
         28 2
         28 35
         29 74
         30 38
         30 75
         31 28
         32 22
         32 27
         32 33
         32 34
         32 77
         33 32
         33 35
         33 78
         34 32
         34 33
         34 35
         34 79
         35 28
         35 29
         35 33
         35 34
         35 80
         36 16
         36 18
         36 37
         36 81
         37 3
         37 15
         37 36
         37 44
         37 82
         38 5
         38 30
         38 83
         39 38
         39 84
         40 5
         40 39
         41 9
         41 42
         42 41
         42 44
         42 87
         44 37
         44 42
         44 89
         45 36
         45 44
         ;

set S := 1 2 3 4 5 6 7 8 9 10 11 12 13 14 15 16 17 18 19 20 21 22 23 24 25 26 27 28 29 30 31 32 33 34 35 36 37 38 39 40 41 42 43 44 45 46 47 48 49 50 51 52 53 54 55 56 57 58 59 60 61 62 63 64 65 66 67 68 69 70 71 72 73 74 75 76 77 78 79 80 81 82 83 84 85 86 87 88 89 90 91 92 93 94 95 96 97 98 99 100 101 102 103 104 105 106 107 108 109 110 111 112 113 114 115 116 117 118 119 120 121 122 123 124 125 126 127 128 129 130 131 132 133 134 135 136 137 138 139 140 141 142 143 144 145 146 147 148 149 150 151 152 153 154 155 156 157 158 159 160 161 162 163 164 165 166 167 168 169 170 171 172 173 174 175 176 177 178 179 180 181 182 183 184 185 186 187 188 189 190 191 192 193 194 195 196 197 198 199 200 201 202 203 204 205 206 207 208 209 210 211 212 213 214 215 216 217 218 219 220 221 222 223 224 225 226 227 228 229 230 231 232 233 234 235 236 237 238 239 240 241 242 243 244 245 246 247 248 249 250 251 252 253 254 255 256 257 258 259 260 261 262 263 264 265 266 267 268 269 270 271 272 273 274 275 276 277 278 279 280 281 282 283 284 285 286 287 288 289 290 291 292 293 294 295 296 297 298 299 300 301 302 303 304 305 306 307 308 309 310 311 312 313 314 315 316 317 318 319 320 321 322 323 324 325 326 327 328 329 330 331 332 333 334 335 336 337 338 339 340 341 342 343 344 345 346 347 348 349 350 351 352 353 354 355 356 357 358 359 360 361 362 363 364 365 366 367 368 369 370 371 372 373 374 375 376 377 378 379 380 381 382 383 384 385 386 387 388 389 390 391 392 393 394 395 396;

set F[1] := 1 2
            2 47
            ;
set F[2] := 1 4
            4 3
            3 48
            ;
set F[3] := 1 2
            2 7
            7 6
            6 5
            5 50
            ;
set F[4] := 1 2
            2 7
            7 52
            ;
set F[5] := 1 2
            2 7
            7 6
            6 9
            9 54
            ;
set F[6] := 1 13
            13 14
            14 11
            11 56
            ;
set F[7] := 1 4
            4 3
            3 15
            15 60
            ;
set F[8] := 1 13
            13 14
            14 22
            22 25
            25 21
            21 66
            ;
set F[9] := 1 13
            13 14
            14 22
            22 25
            25 70
            ;
set F[10] := 1 2
             2 28
             28 35
             35 29
             29 74
             ;
set F[11] := 1 2
             2 7
             7 6
             6 5
             5 38
             38 30
             30 75
             ;
set F[12] := 1 13
             13 27
             27 32
             32 77
             ;
set F[13] := 1 2
             2 28
             28 35
             35 33
             33 78
             ;
set F[14] := 1 2
             2 28
             28 35
             35 80
             ;
set F[15] := 1 4
             4 3
             3 37
             37 36
             36 81
             ;
set F[16] := 1 4
             4 3
             3 37
             37 82
             ;
set F[17] := 1 2
             2 7
             7 6
             6 5
             5 38
             38 83
             ;
set F[18] := 1 4
             4 3
             3 37
             37 44
             44 89
             ;
set F[19] := 2 7
             7 6
             6 5
             5 50
             ;
set F[20] := 2 1
             1 4
             4 3
             3 15
             15 60
             ;
set F[21] := 2 28
             28 35
             35 80
             ;
set F[22] := 2 1
             1 4
             4 3
             3 37
             37 82
             ;
set F[23] := 2 7
             7 6
             6 5
             5 38
             38 83
             ;
set F[24] := 2 1
             1 4
             4 3
             3 37
             37 44
             44 89
             ;
set F[25] := 3 4
             4 1
             1 46
             ;
set F[26] := 3 4
             4 1
             1 2
             2 47
             ;
set F[27] := 3 4
             4 1
             1 2
             2 7
             7 6
             6 5
             5 50
             ;
set F[28] := 3 4
             4 1
             1 2
             2 7
             7 52
             ;
set F[29] := 3 15
             15 60
             ;
set F[30] := 3 37
             37 36
             36 18
             18 25
             25 21
             21 66
             ;
set F[31] := 3 15
             15 14
             14 22
             22 32
             32 33
             33 78
             ;
set F[32] := 3 4
             4 1
             1 2
             2 28
             28 35
             35 80
             ;
set F[33] := 3 37
             37 82
             ;
set F[34] := 3 4
             4 1
             1 2
             2 7
             7 6
             6 5
             5 38
             38 83
             ;
set F[35] := 3 37
             37 44
             44 89
             ;
set F[36] := 5 6
             6 7
             7 2
             2 1
             1 46
             ;
set F[37] := 5 6
             6 7
             7 2
             2 47
             ;
set F[38] := 5 6
             6 7
             7 2
             2 1
             1 4
             4 3
             3 48
             ;
set F[39] := 5 6
             6 7
             7 2
             2 1
             1 4
             4 49
             ;
set F[40] := 5 6
             6 7
             7 52
             ;
set F[41] := 5 6
             6 9
             9 54
             ;
set F[42] := 5 6
             6 7
             7 2
             2 1
             1 13
             13 14
             14 11
             11 56
             ;
set F[43] := 5 6
             6 9
             9 41
             41 42
             42 44
             44 37
             37 15
             15 60
             ;
set F[44] := 5 6
             6 7
             7 2
             2 1
             1 13
             13 14
             14 11
             11 19
             19 64
             ;
set F[45] := 5 6
             6 7
             7 2
             2 1
             1 13
             13 14
             14 22
             22 25
             25 21
             21 66
             ;
set F[46] := 5 6
             6 7
             7 2
             2 1
             1 13
             13 14
             14 22
             22 25
             25 70
             ;
set F[47] := 5 6
             6 7
             7 2
             2 28
             28 35
             35 29
             29 74
             ;
set F[48] := 5 38
             38 30
             30 75
             ;
set F[49] := 5 6
             6 7
             7 2
             2 1
             1 13
             13 27
             27 32
             32 77
             ;
set F[50] := 5 6
             6 7
             7 2
             2 28
             28 35
             35 33
             33 78
             ;
set F[51] := 5 6
             6 7
             7 2
             2 28
             28 35
             35 34
             34 79
             ;
set F[52] := 5 6
             6 7
             7 2
             2 28
             28 35
             35 80
             ;
set F[53] := 5 6
             6 9
             9 41
             41 42
             42 44
             44 37
             37 36
             36 81
             ;
set F[54] := 5 6
             6 9
             9 41
             41 42
             42 44
             44 37
             37 82
             ;
set F[55] := 5 38
             38 83
             ;
set F[56] := 5 6
             6 9
             9 41
             41 42
             42 44
             44 89
             ;
set F[57] := 7 2
             2 1
             1 46
             ;
set F[58] := 7 2
             2 47
             ;
set F[59] := 7 2
             2 1
             1 4
             4 3
             3 48
             ;
set F[60] := 7 6
             6 5
             5 50
             ;
set F[61] := 7 2
             2 1
             1 4
             4 3
             3 15
             15 60
             ;
set F[62] := 7 2
             2 1
             1 13
             13 14
             14 22
             22 25
             25 21
             21 66
             ;
set F[63] := 7 2
             2 28
             28 35
             35 33
             33 78
             ;
set F[64] := 7 2
             2 28
             28 35
             35 80
             ;
set F[65] := 7 2
             2 1
             1 4
             4 3
             3 37
             37 82
             ;
set F[66] := 7 6
             6 5
             5 38
             38 83
             ;
set F[67] := 7 6
             6 9
             9 41
             41 42
             42 44
             44 89
             ;
set F[68] := 9 6
             6 7
             7 2
             2 1
             1 46
             ;
set F[69] := 9 6
             6 7
             7 2
             2 47
             ;
set F[70] := 9 41
             41 42
             42 44
             44 37
             37 3
             3 48
             ;
set F[71] := 9 6
             6 5
             5 50
             ;
set F[72] := 9 6
             6 7
             7 52
             ;
set F[73] := 9 6
             6 7
             7 2
             2 1
             1 13
             13 14
             14 11
             11 56
             ;
set F[74] := 9 41
             41 42
             42 44
             44 37
             37 15
             15 60
             ;
set F[75] := 9 41
             41 42
             42 44
             44 37
             37 36
             36 18
             18 25
             25 21
             21 66
             ;
set F[76] := 9 41
             41 42
             42 44
             44 37
             37 36
             36 18
             18 25
             25 70
             ;
set F[77] := 9 6
             6 5
             5 38
             38 30
             30 75
             ;
set F[78] := 9 6
             6 7
             7 2
             2 1
             1 13
             13 27
             27 32
             32 77
             ;
set F[79] := 9 6
             6 7
             7 2
             2 28
             28 35
             35 33
             33 78
             ;
set F[80] := 9 6
             6 7
             7 2
             2 28
             28 35
             35 80
             ;
set F[81] := 9 41
             41 42
             42 44
             44 37
             37 36
             36 81
             ;
set F[82] := 9 41
             41 42
             42 44
             44 37
             37 82
             ;
set F[83] := 9 6
             6 5
             5 38
             38 83
             ;
set F[84] := 9 41
             41 42
             42 44
             44 89
             ;
set F[85] := 10 6
             6 7
             7 2
             2 47
             ;
set F[86] := 10 6
             6 5
             5 50
             ;
set F[87] := 10 6
             6 7
             7 52
             ;
set F[88] := 10 9
             9 41
             41 42
             42 44
             44 37
             37 15
             15 60
             ;
set F[89] := 10 6
             6 7
             7 2
             2 28
             28 35
             35 33
             33 78
             ;
set F[90] := 10 6
             6 7
             7 2
             2 28
             28 35
             35 80
             ;
set F[91] := 10 9
             9 41
             41 42
             42 44
             44 37
             37 82
             ;
set F[92] := 10 6
             6 5
             5 38
             38 83
             ;
set F[93] := 10 9
             9 41
             41 42
             42 44
             44 89
             ;
set F[94] := 11 14
             14 13
             13 1
             1 2
             2 7
             7 6
             6 5
             5 50
             ;
set F[95] := 11 14
             14 15
             15 60
             ;
set F[96] := 11 14
             14 22
             22 32
             32 33
             33 35
             35 80
             ;
set F[97] := 11 14
             14 15
             15 37
             37 82
             ;
set F[98] := 11 14
             14 13
             13 1
             1 2
             2 7
             7 6
             6 5
             5 38
             38 83
             ;
set F[99] := 11 14
             14 15
             15 37
             37 44
             44 89
             ;
set F[100] := 14 13
              13 1
              1 46
              ;
set F[101] := 14 13
              13 1
              1 2
              2 47
              ;
set F[102] := 14 15
              15 3
              3 48
              ;
set F[103] := 14 13
              13 1
              1 4
              4 49
              ;
set F[104] := 14 13
              13 1
              1 2
              2 7
              7 6
              6 5
              5 50
              ;
set F[105] := 14 13
              13 1
              1 2
              2 7
              7 52
              ;
set F[106] := 14 13
              13 1
              1 2
              2 7
              7 6
              6 9
              9 54
              ;
set F[107] := 14 11
              11 56
              ;
set F[108] := 14 15
              15 60
              ;
set F[109] := 14 15
              15 16
              16 61
              ;
set F[110] := 14 11
              11 19
              19 64
              ;
set F[111] := 14 22
              22 25
              25 21
              21 66
              ;
set F[112] := 14 22
              22 25
              25 23
              23 68
              ;
set F[113] := 14 22
              22 25
              25 70
              ;
set F[114] := 14 22
              22 32
              32 33
              33 35
              35 29
              29 74
              ;
set F[115] := 14 13
              13 1
              1 2
              2 7
              7 6
              6 5
              5 38
              38 30
              30 75
              ;
set F[116] := 14 22
              22 32
              32 77
              ;
set F[117] := 14 22
              22 32
              32 33
              33 78
              ;
set F[118] := 14 22
              22 32
              32 34
              34 79
              ;
set F[119] := 14 22
              22 32
              32 33
              33 35
              35 80
              ;
set F[120] := 14 15
              15 37
              37 36
              36 81
              ;
set F[121] := 14 15
              15 37
              37 82
              ;
set F[122] := 14 13
              13 1
              1 2
              2 7
              7 6
              6 5
              5 38
              38 83
              ;
set F[123] := 14 13
              13 1
              1 2
              2 7
              7 6
              6 5
              5 40
              40 39
              39 84
              ;
set F[124] := 14 15
              15 37
              37 44
              44 42
              42 87
              ;
set F[125] := 14 15
              15 37
              37 44
              44 89
              ;
set F[126] := 15 3
              3 4
              4 1
              1 46
              ;
set F[127] := 15 3
              3 4
              4 1
              1 2
              2 47
              ;
set F[128] := 15 3
              3 48
              ;
set F[129] := 15 3
              3 4
              4 49
              ;
set F[130] := 15 3
              3 4
              4 1
              1 2
              2 7
              7 6
              6 5
              5 50
              ;
set F[131] := 15 3
              3 4
              4 1
              1 2
              2 7
              7 52
              ;
set F[132] := 15 37
              37 44
              44 42
              42 41
              41 9
              9 54
              ;
set F[133] := 15 14
              14 11
              11 56
              ;
set F[134] := 15 16
              16 61
              ;
set F[135] := 15 14
              14 11
              11 19
              19 64
              ;
set F[136] := 15 14
              14 22
              22 25
              25 21
              21 66
              ;
set F[137] := 15 14
              14 22
              22 25
              25 23
              23 68
              ;
set F[138] := 15 14
              14 22
              22 25
              25 70
              ;
set F[139] := 15 14
              14 22
              22 32
              32 33
              33 35
              35 29
              29 74
              ;
set F[140] := 15 3
              3 4
              4 1
              1 2
              2 7
              7 6
              6 5
              5 38
              38 30
              30 75
              ;
set F[141] := 15 14
              14 22
              22 32
              32 77
              ;
set F[142] := 15 14
              14 22
              22 32
              32 33
              33 78
              ;
set F[143] := 15 14
              14 22
              22 32
              32 34
              34 79
              ;
set F[144] := 15 14
              14 22
              22 32
              32 33
              33 35
              35 80
              ;
set F[145] := 15 37
              37 36
              36 81
              ;
set F[146] := 15 37
              37 82
              ;
set F[147] := 15 3
              3 4
              4 1
              1 2
              2 7
              7 6
              6 5
              5 38
              38 83
              ;
set F[148] := 15 37
              37 44
              44 89
              ;
set F[149] := 17 15
              15 3
              3 4
              4 1
              1 2
              2 7
              7 6
              6 5
              5 50
              ;
set F[150] := 17 15
              15 60
              ;
set F[151] := 17 15
              15 14
              14 22
              22 32
              32 33
              33 35
              35 80
              ;
set F[152] := 17 15
              15 37
              37 82
              ;
set F[153] := 17 15
              15 3
              3 4
              4 1
              1 2
              2 7
              7 6
              6 5
              5 38
              38 83
              ;
set F[154] := 18 17
              17 15
              15 3
              3 4
              4 1
              1 2
              2 47
              ;
set F[155] := 18 36
              36 37
              37 44
              44 42
              42 41
              41 9
              9 6
              6 5
              5 50
              ;
set F[156] := 18 17
              17 15
              15 3
              3 4
              4 1
              1 2
              2 7
              7 52
              ;
set F[157] := 18 17
              17 15
              15 60
              ;
set F[158] := 18 25
              25 22
              22 32
              32 33
              33 78
              ;
set F[159] := 18 25
              25 22
              22 32
              32 33
              33 35
              35 80
              ;
set F[160] := 18 36
              36 37
              37 82
              ;
set F[161] := 18 36
              36 37
              37 44
              44 42
              42 41
              41 9
              9 6
              6 5
              5 38
              38 83
              ;
set F[162] := 18 36
              36 37
              37 44
              44 89
              ;
set F[163] := 19 11
              11 14
              14 13
              13 1
              1 46
              ;
set F[164] := 19 11
              11 14
              14 13
              13 1
              1 2
              2 47
              ;
set F[165] := 19 11
              11 14
              14 15
              15 3
              3 48
              ;
set F[166] := 19 11
              11 14
              14 13
              13 1
              1 4
              4 49
              ;
set F[167] := 19 11
              11 14
              14 13
              13 1
              1 2
              2 7
              7 6
              6 5
              5 50
              ;
set F[168] := 19 11
              11 14
              14 13
              13 1
              1 2
              2 7
              7 52
              ;
set F[169] := 19 18
              18 36
              36 37
              37 44
              44 42
              42 41
              41 9
              9 54
              ;
set F[170] := 19 11
              11 56
              ;
set F[171] := 19 11
              11 14
              14 15
              15 60
              ;
set F[172] := 19 20
              20 21
              21 66
              ;
set F[173] := 19 18
              18 25
              25 70
              ;
set F[174] := 19 11
              11 14
              14 22
              22 32
              32 33
              33 35
              35 29
              29 74
              ;
set F[175] := 19 11
              11 14
              14 13
              13 1
              1 2
              2 7
              7 6
              6 5
              5 38
              38 30
              30 75
              ;
set F[176] := 19 11
              11 14
              14 22
              22 32
              32 77
              ;
set F[177] := 19 11
              11 14
              14 22
              22 32
              32 33
              33 78
              ;
set F[178] := 19 11
              11 14
              14 22
              22 32
              32 34
              34 79
              ;
set F[179] := 19 11
              11 14
              14 22
              22 32
              32 33
              33 35
              35 80
              ;
set F[180] := 19 18
              18 36
              36 81
              ;
set F[181] := 19 18
              18 36
              36 37
              37 82
              ;
set F[182] := 19 11
              11 14
              14 13
              13 1
              1 2
              2 7
              7 6
              6 5
              5 38
              38 83
              ;
set F[183] := 19 18
              18 36
              36 37
              37 44
              44 89
              ;
set F[184] := 20 19
              19 11
              11 14
              14 13
              13 1
              1 46
              ;
set F[185] := 20 19
              19 11
              11 14
              14 13
              13 1
              1 2
              2 47
              ;
set F[186] := 20 19
              19 11
              11 14
              14 15
              15 3
              3 48
              ;
set F[187] := 20 19
              19 11
              11 14
              14 13
              13 1
              1 2
              2 7
              7 6
              6 5
              5 50
              ;
set F[188] := 20 19
              19 11
              11 14
              14 13
              13 1
              1 2
              2 7
              7 52
              ;
set F[189] := 20 19
              19 11
              11 14
              14 15
              15 60
              ;
set F[190] := 20 21
              21 66
              ;
set F[191] := 20 21
              21 25
              25 22
              22 32
              32 33
              33 78
              ;
set F[192] := 20 21
              21 25
              25 22
              22 32
              32 33
              33 35
              35 80
              ;
set F[193] := 20 19
              19 18
              18 36
              36 37
              37 82
              ;
set F[194] := 20 19
              19 11
              11 14
              14 13
              13 1
              1 2
              2 7
              7 6
              6 5
              5 38
              38 83
              ;
set F[195] := 20 19
              19 18
              18 36
              36 37
              37 44
              44 89
              ;
set F[196] := 21 25
              25 22
              22 14
              14 13
              13 1
              1 46
              ;
set F[197] := 21 25
              25 22
              22 14
              14 13
              13 1
              1 2
              2 47
              ;
set F[198] := 21 25
              25 18
              18 17
              17 15
              15 3
              3 48
              ;
set F[199] := 21 25
              25 18
              18 17
              17 15
              15 3
              3 4
              4 49
              ;
set F[200] := 21 25
              25 22
              22 14
              14 13
              13 1
              1 2
              2 7
              7 6
              6 5
              5 50
              ;
set F[201] := 21 25
              25 22
              22 14
              14 13
              13 1
              1 2
              2 7
              7 52
              ;
set F[202] := 21 25
              25 18
              18 36
              36 37
              37 44
              44 42
              42 41
              41 9
              9 54
              ;
set F[203] := 21 20
              20 19
              19 11
              11 56
              ;
set F[204] := 21 25
              25 18
              18 17
              17 15
              15 60
              ;
set F[205] := 21 25
              25 18
              18 36
              36 16
              16 61
              ;
set F[206] := 21 20
              20 19
              19 64
              ;
set F[207] := 21 23
              23 68
              ;
set F[208] := 21 25
              25 70
              ;
set F[209] := 21 25
              25 22
              22 32
              32 33
              33 35
              35 29
              29 74
              ;
set F[210] := 21 25
              25 22
              22 14
              14 13
              13 1
              1 2
              2 7
              7 6
              6 5
              5 38
              38 30
              30 75
              ;
set F[211] := 21 25
              25 22
              22 32
              32 77
              ;
set F[212] := 21 25
              25 22
              22 32
              32 33
              33 78
              ;
set F[213] := 21 25
              25 22
              22 32
              32 34
              34 79
              ;
set F[214] := 21 25
              25 22
              22 32
              32 33
              33 35
              35 80
              ;
set F[215] := 21 25
              25 18
              18 36
              36 81
              ;
set F[216] := 21 25
              25 18
              18 36
              36 37
              37 82
              ;
set F[217] := 21 25
              25 22
              22 14
              14 13
              13 1
              1 2
              2 7
              7 6
              6 5
              5 38
              38 83
              ;
set F[218] := 21 25
              25 18
              18 36
              36 37
              37 44
              44 42
              42 87
              ;
set F[219] := 21 25
              25 18
              18 36
              36 37
              37 44
              44 89
              ;
set F[220] := 22 14
              14 13
              13 1
              1 46
              ;
set F[221] := 22 14
              14 13
              13 1
              1 2
              2 47
              ;
set F[222] := 22 14
              14 15
              15 3
              3 48
              ;
set F[223] := 22 14
              14 13
              13 1
              1 4
              4 49
              ;
set F[224] := 22 14
              14 13
              13 1
              1 2
              2 7
              7 6
              6 5
              5 50
              ;
set F[225] := 22 14
              14 13
              13 1
              1 2
              2 7
              7 52
              ;
set F[226] := 22 14
              14 13
              13 1
              1 2
              2 7
              7 6
              6 9
              9 54
              ;
set F[227] := 22 14
              14 11
              11 56
              ;
set F[228] := 22 14
              14 15
              15 60
              ;
set F[229] := 22 14
              14 15
              15 16
              16 61
              ;
set F[230] := 22 14
              14 11
              11 19
              19 64
              ;
set F[231] := 22 25
              25 21
              21 66
              ;
set F[232] := 22 25
              25 23
              23 68
              ;
set F[233] := 22 25
              25 70
              ;
set F[234] := 22 32
              32 33
              33 35
              35 29
              29 74
              ;
set F[235] := 22 14
              14 13
              13 1
              1 2
              2 7
              7 6
              6 5
              5 38
              38 30
              30 75
              ;
set F[236] := 22 32
              32 77
              ;
set F[237] := 22 32
              32 33
              33 78
              ;
set F[238] := 22 32
              32 34
              34 79
              ;
set F[239] := 22 32
              32 33
              33 35
              35 80
              ;
set F[240] := 22 25
              25 18
              18 36
              36 81
              ;
set F[241] := 22 14
              14 15
              15 37
              37 82
              ;
set F[242] := 22 14
              14 13
              13 1
              1 2
              2 7
              7 6
              6 5
              5 38
              38 83
              ;
set F[243] := 22 14
              14 15
              15 37
              37 44
              44 89
              ;
set F[244] := 26 27
              27 13
              13 1
              1 46
              ;
set F[245] := 26 27
              27 13
              13 1
              1 2
              2 47
              ;
set F[246] := 26 27
              27 13
              13 1
              1 4
              4 3
              3 48
              ;
set F[247] := 26 27
              27 13
              13 1
              1 2
              2 7
              7 6
              6 5
              5 50
              ;
set F[248] := 26 27
              27 13
              13 1
              1 2
              2 7
              7 52
              ;
set F[249] := 26 27
              27 13
              13 1
              1 2
              2 7
              7 6
              6 9
              9 54
              ;
set F[250] := 26 27
              27 13
              13 14
              14 11
              11 56
              ;
set F[251] := 26 27
              27 13
              13 14
              14 15
              15 60
              ;
set F[252] := 26 27
              27 32
              32 22
              22 25
              25 21
              21 66
              ;
set F[253] := 26 27
              27 32
              32 22
              22 25
              25 70
              ;
set F[254] := 26 27
              27 32
              32 77
              ;
set F[255] := 26 27
              27 32
              32 33
              33 78
              ;
set F[256] := 26 27
              27 32
              32 33
              33 35
              35 80
              ;
set F[257] := 26 27
              27 13
              13 14
              14 15
              15 37
              37 36
              36 81
              ;
set F[258] := 26 27
              27 13
              13 14
              14 15
              15 37
              37 82
              ;
set F[259] := 26 27
              27 13
              13 1
              1 2
              2 7
              7 6
              6 5
              5 38
              38 83
              ;
set F[260] := 26 27
              27 13
              13 14
              14 15
              15 37
              37 44
              44 89
              ;
set F[261] := 30 38
              38 5
              5 6
              6 7
              7 2
              2 1
              1 46
              ;
set F[262] := 30 38
              38 5
              5 6
              6 7
              7 2
              2 47
              ;
set F[263] := 30 38
              38 5
              5 6
              6 7
              7 2
              2 1
              1 4
              4 3
              3 48
              ;
set F[264] := 30 38
              38 5
              5 50
              ;
set F[265] := 30 38
              38 5
              5 6
              6 7
              7 52
              ;
set F[266] := 30 38
              38 5
              5 6
              6 9
              9 41
              41 42
              42 44
              44 37
              37 15
              15 60
              ;
set F[267] := 30 38
              38 5
              5 6
              6 7
              7 2
              2 1
              1 13
              13 14
              14 22
              22 25
              25 21
              21 66
              ;
set F[268] := 30 38
              38 5
              5 6
              6 7
              7 2
              2 28
              28 35
              35 33
              33 78
              ;
set F[269] := 30 38
              38 5
              5 6
              6 7
              7 2
              2 28
              28 35
              35 80
              ;
set F[270] := 30 38
              38 5
              5 6
              6 9
              9 41
              41 42
              42 44
              44 37
              37 82
              ;
set F[271] := 30 38
              38 83
              ;
set F[272] := 30 38
              38 5
              5 6
              6 9
              9 41
              41 42
              42 44
              44 89
              ;
set F[273] := 31 28
              28 2
              2 47
              ;
set F[274] := 31 28
              28 2
              2 7
              7 6
              6 5
              5 50
              ;
set F[275] := 31 28
              28 2
              2 7
              7 52
              ;
set F[276] := 31 28
              28 2
              2 1
              1 4
              4 3
              3 15
              15 60
              ;
set F[277] := 31 28
              28 35
              35 33
              33 32
              32 22
              22 25
              25 21
              21 66
              ;
set F[278] := 31 28
              28 35
              35 33
              33 78
              ;
set F[279] := 31 28
              28 35
              35 80
              ;
set F[280] := 31 28
              28 2
              2 1
              1 4
              4 3
              3 37
              37 82
              ;
set F[281] := 31 28
              28 2
              2 7
              7 6
              6 5
              5 38
              38 83
              ;
set F[282] := 31 28
              28 2
              2 1
              1 4
              4 3
              3 37
              37 44
              44 89
              ;
set F[283] := 34 32
              32 27
              27 13
              13 1
              1 46
              ;
set F[284] := 34 35
              35 28
              28 2
              2 47
              ;
set F[285] := 34 32
              32 22
              22 14
              14 15
              15 3
              3 48
              ;
set F[286] := 34 35
              35 28
              28 2
              2 7
              7 6
              6 5
              5 50
              ;
set F[287] := 34 35
              35 28
              28 2
              2 7
              7 52
              ;
set F[288] := 34 35
              35 28
              28 2
              2 7
              7 6
              6 9
              9 54
              ;
set F[289] := 34 32
              32 22
              22 14
              14 11
              11 56
              ;
set F[290] := 34 32
              32 22
              22 14
              14 15
              15 60
              ;
set F[291] := 34 32
              32 22
              22 25
              25 21
              21 66
              ;
set F[292] := 34 32
              32 22
              22 25
              25 70
              ;
set F[293] := 34 35
              35 29
              29 74
              ;
set F[294] := 34 35
              35 28
              28 2
              2 7
              7 6
              6 5
              5 38
              38 30
              30 75
              ;
set F[295] := 34 32
              32 77
              ;
set F[296] := 34 33
              33 78
              ;
set F[297] := 34 35
              35 80
              ;
set F[298] := 34 32
              32 22
              22 25
              25 18
              18 36
              36 81
              ;
set F[299] := 34 32
              32 22
              22 14
              14 15
              15 37
              37 82
              ;
set F[300] := 34 35
              35 28
              28 2
              2 7
              7 6
              6 5
              5 38
              38 83
              ;
set F[301] := 34 32
              32 22
              22 14
              14 15
              15 37
              37 44
              44 89
              ;
set F[302] := 36 37
              37 3
              3 4
              4 1
              1 46
              ;
set F[303] := 36 37
              37 3
              3 4
              4 1
              1 2
              2 47
              ;
set F[304] := 36 37
              37 3
              3 48
              ;
set F[305] := 36 37
              37 3
              3 4
              4 49
              ;
set F[306] := 36 37
              37 44
              44 42
              42 41
              41 9
              9 6
              6 5
              5 50
              ;
set F[307] := 36 37
              37 3
              3 4
              4 1
              1 2
              2 7
              7 52
              ;
set F[308] := 36 37
              37 44
              44 42
              42 41
              41 9
              9 54
              ;
set F[309] := 36 18
              18 19
              19 11
              11 56
              ;
set F[310] := 36 16
              16 15
              15 60
              ;
set F[311] := 36 18
              18 25
              25 21
              21 66
              ;
set F[312] := 36 18
              18 25
              25 70
              ;
set F[313] := 36 18
              18 25
              25 22
              22 32
              32 33
              33 35
              35 29
              29 74
              ;
set F[314] := 36 37
              37 44
              44 42
              42 41
              41 9
              9 6
              6 5
              5 38
              38 30
              30 75
              ;
set F[315] := 36 18
              18 25
              25 22
              22 32
              32 77
              ;
set F[316] := 36 18
              18 25
              25 22
              22 32
              32 33
              33 78
              ;
set F[317] := 36 18
              18 25
              25 22
              22 32
              32 33
              33 35
              35 80
              ;
set F[318] := 36 37
              37 82
              ;
set F[319] := 36 37
              37 44
              44 42
              42 41
              41 9
              9 6
              6 5
              5 38
              38 83
              ;
set F[320] := 36 37
              37 44
              44 89
              ;
set F[321] := 37 3
              3 4
              4 1
              1 46
              ;
set F[322] := 37 3
              3 4
              4 1
              1 2
              2 47
              ;
set F[323] := 37 3
              3 48
              ;
set F[324] := 37 44
              44 42
              42 41
              41 9
              9 6
              6 5
              5 50
              ;
set F[325] := 37 3
              3 4
              4 1
              1 2
              2 7
              7 52
              ;
set F[326] := 37 44
              44 42
              42 41
              41 9
              9 54
              ;
set F[327] := 37 15
              15 14
              14 11
              11 56
              ;
set F[328] := 37 15
              15 60
              ;
set F[329] := 37 36
              36 18
              18 25
              25 21
              21 66
              ;
set F[330] := 37 36
              36 18
              18 25
              25 70
              ;
set F[331] := 37 3
              3 4
              4 1
              1 2
              2 28
              28 35
              35 29
              29 74
              ;
set F[332] := 37 44
              44 42
              42 41
              41 9
              9 6
              6 5
              5 38
              38 30
              30 75
              ;
set F[333] := 37 15
              15 14
              14 22
              22 32
              32 77
              ;
set F[334] := 37 15
              15 14
              14 22
              22 32
              32 33
              33 78
              ;
set F[335] := 37 3
              3 4
              4 1
              1 2
              2 28
              28 35
              35 80
              ;
set F[336] := 37 36
              36 81
              ;
set F[337] := 37 44
              44 42
              42 41
              41 9
              9 6
              6 5
              5 38
              38 83
              ;
set F[338] := 37 44
              44 89
              ;
set F[339] := 39 38
              38 5
              5 6
              6 7
              7 2
              2 1
              1 46
              ;
set F[340] := 39 38
              38 5
              5 6
              6 7
              7 2
              2 47
              ;
set F[341] := 39 38
              38 5
              5 6
              6 7
              7 2
              2 1
              1 4
              4 3
              3 48
              ;
set F[342] := 39 38
              38 5
              5 50
              ;
set F[343] := 39 38
              38 5
              5 6
              6 7
              7 52
              ;
set F[344] := 39 38
              38 5
              5 6
              6 9
              9 41
              41 42
              42 44
              44 37
              37 15
              15 60
              ;
set F[345] := 39 38
              38 5
              5 6
              6 7
              7 2
              2 1
              1 13
              13 14
              14 22
              22 25
              25 21
              21 66
              ;
set F[346] := 39 38
              38 5
              5 6
              6 7
              7 2
              2 28
              28 35
              35 33
              33 78
              ;
set F[347] := 39 38
              38 5
              5 6
              6 7
              7 2
              2 28
              28 35
              35 80
              ;
set F[348] := 39 38
              38 5
              5 6
              6 9
              9 41
              41 42
              42 44
              44 37
              37 82
              ;
set F[349] := 39 38
              38 83
              ;
set F[350] := 39 38
              38 5
              5 6
              6 9
              9 41
              41 42
              42 44
              44 89
              ;
set F[351] := 40 5
              5 6
              6 7
              7 2
              2 1
              1 46
              ;
set F[352] := 40 5
              5 6
              6 7
              7 2
              2 47
              ;
set F[353] := 40 5
              5 6
              6 7
              7 2
              2 1
              1 4
              4 3
              3 48
              ;
set F[354] := 40 5
              5 50
              ;
set F[355] := 40 5
              5 6
              6 7
              7 52
              ;
set F[356] := 40 5
              5 6
              6 9
              9 41
              41 42
              42 44
              44 37
              37 15
              15 60
              ;
set F[357] := 40 5
              5 6
              6 7
              7 2
              2 1
              1 13
              13 14
              14 22
              22 25
              25 21
              21 66
              ;
set F[358] := 40 5
              5 6
              6 7
              7 2
              2 28
              28 35
              35 33
              33 78
              ;
set F[359] := 40 5
              5 6
              6 7
              7 2
              2 28
              28 35
              35 80
              ;
set F[360] := 40 5
              5 6
              6 9
              9 41
              41 42
              42 44
              44 37
              37 82
              ;
set F[361] := 40 5
              5 38
              38 83
              ;
set F[362] := 40 5
              5 6
              6 9
              9 41
              41 42
              42 44
              44 89
              ;
set F[363] := 41 42
              42 44
              44 37
              37 15
              15 60
              ;
set F[364] := 41 9
              9 6
              6 5
              5 38
              38 83
              ;
set F[365] := 42 44
              44 37
              37 3
              3 4
              4 1
              1 46
              ;
set F[366] := 42 41
              41 9
              9 6
              6 7
              7 2
              2 47
              ;
set F[367] := 42 44
              44 37
              37 3
              3 48
              ;
set F[368] := 42 41
              41 9
              9 6
              6 5
              5 50
              ;
set F[369] := 42 41
              41 9
              9 6
              6 7
              7 52
              ;
set F[370] := 42 44
              44 37
              37 15
              15 60
              ;
set F[371] := 42 44
              44 37
              37 36
              36 18
              18 25
              25 21
              21 66
              ;
set F[372] := 42 44
              44 37
              37 15
              15 14
              14 22
              22 32
              32 33
              33 78
              ;
set F[373] := 42 41
              41 9
              9 6
              6 7
              7 2
              2 28
              28 35
              35 80
              ;
set F[374] := 42 44
              44 37
              37 82
              ;
set F[375] := 42 41
              41 9
              9 6
              6 5
              5 38
              38 83
              ;
set F[376] := 42 44
              44 89
              ;
set F[377] := 44 37
              37 3
              3 4
              4 1
              1 46
              ;
set F[378] := 44 37
              37 3
              3 4
              4 1
              1 2
              2 47
              ;
set F[379] := 44 37
              37 3
              3 48
              ;
set F[380] := 44 42
              42 41
              41 9
              9 6
              6 5
              5 50
              ;
set F[381] := 44 42
              42 41
              41 9
              9 6
              6 7
              7 52
              ;
set F[382] := 44 37
              37 15
              15 60
              ;
set F[383] := 44 37
              37 36
              36 18
              18 25
              25 21
              21 66
              ;
set F[384] := 44 37
              37 15
              15 14
              14 22
              22 32
              32 33
              33 78
              ;
set F[385] := 44 37
              37 3
              3 4
              4 1
              1 2
              2 28
              28 35
              35 80
              ;
set F[386] := 44 37
              37 82
              ;
set F[387] := 44 42
              42 41
              41 9
              9 6
              6 5
              5 38
              38 83
              ;
set F[388] := 45 36
              36 37
              37 3
              3 4
              4 1
              1 2
              2 47
              ;
set F[389] := 45 44
              44 42
              42 41
              41 9
              9 6
              6 5
              5 50
              ;
set F[390] := 45 44
              44 42
              42 41
              41 9
              9 6
              6 7
              7 52
              ;
set F[391] := 45 36
              36 16
              16 15
              15 60
              ;
set F[392] := 45 36
              36 18
              18 25
              25 22
              22 32
              32 33
              33 78
              ;
set F[393] := 45 36
              36 18
              18 25
              25 22
              22 32
              32 33
              33 35
              35 80
              ;
set F[394] := 45 36
              36 37
              37 82
              ;
set F[395] := 45 44
              44 42
              42 41
              41 9
              9 6
              6 5
              5 38
              38 83
              ;
set F[396] := 45 44
              44 89
              ;
set Last[1] := 2 47;
set Last[2] := 3 48;
set Last[3] := 5 50;
set Last[4] := 7 52;
set Last[5] := 9 54;
set Last[6] := 11 56;
set Last[7] := 15 60;
set Last[8] := 21 66;
set Last[9] := 25 70;
set Last[10] := 29 74;
set Last[11] := 30 75;
set Last[12] := 32 77;
set Last[13] := 33 78;
set Last[14] := 35 80;
set Last[15] := 36 81;
set Last[16] := 37 82;
set Last[17] := 38 83;
set Last[18] := 44 89;
set Last[19] := 5 50;
set Last[20] := 15 60;
set Last[21] := 35 80;
set Last[22] := 37 82;
set Last[23] := 38 83;
set Last[24] := 44 89;
set Last[25] := 1 46;
set Last[26] := 2 47;
set Last[27] := 5 50;
set Last[28] := 7 52;
set Last[29] := 15 60;
set Last[30] := 21 66;
set Last[31] := 33 78;
set Last[32] := 35 80;
set Last[33] := 37 82;
set Last[34] := 38 83;
set Last[35] := 44 89;
set Last[36] := 1 46;
set Last[37] := 2 47;
set Last[38] := 3 48;
set Last[39] := 4 49;
set Last[40] := 7 52;
set Last[41] := 9 54;
set Last[42] := 11 56;
set Last[43] := 15 60;
set Last[44] := 19 64;
set Last[45] := 21 66;
set Last[46] := 25 70;
set Last[47] := 29 74;
set Last[48] := 30 75;
set Last[49] := 32 77;
set Last[50] := 33 78;
set Last[51] := 34 79;
set Last[52] := 35 80;
set Last[53] := 36 81;
set Last[54] := 37 82;
set Last[55] := 38 83;
set Last[56] := 44 89;
set Last[57] := 1 46;
set Last[58] := 2 47;
set Last[59] := 3 48;
set Last[60] := 5 50;
set Last[61] := 15 60;
set Last[62] := 21 66;
set Last[63] := 33 78;
set Last[64] := 35 80;
set Last[65] := 37 82;
set Last[66] := 38 83;
set Last[67] := 44 89;
set Last[68] := 1 46;
set Last[69] := 2 47;
set Last[70] := 3 48;
set Last[71] := 5 50;
set Last[72] := 7 52;
set Last[73] := 11 56;
set Last[74] := 15 60;
set Last[75] := 21 66;
set Last[76] := 25 70;
set Last[77] := 30 75;
set Last[78] := 32 77;
set Last[79] := 33 78;
set Last[80] := 35 80;
set Last[81] := 36 81;
set Last[82] := 37 82;
set Last[83] := 38 83;
set Last[84] := 44 89;
set Last[85] := 2 47;
set Last[86] := 5 50;
set Last[87] := 7 52;
set Last[88] := 15 60;
set Last[89] := 33 78;
set Last[90] := 35 80;
set Last[91] := 37 82;
set Last[92] := 38 83;
set Last[93] := 44 89;
set Last[94] := 5 50;
set Last[95] := 15 60;
set Last[96] := 35 80;
set Last[97] := 37 82;
set Last[98] := 38 83;
set Last[99] := 44 89;
set Last[100] := 1 46;
set Last[101] := 2 47;
set Last[102] := 3 48;
set Last[103] := 4 49;
set Last[104] := 5 50;
set Last[105] := 7 52;
set Last[106] := 9 54;
set Last[107] := 11 56;
set Last[108] := 15 60;
set Last[109] := 16 61;
set Last[110] := 19 64;
set Last[111] := 21 66;
set Last[112] := 23 68;
set Last[113] := 25 70;
set Last[114] := 29 74;
set Last[115] := 30 75;
set Last[116] := 32 77;
set Last[117] := 33 78;
set Last[118] := 34 79;
set Last[119] := 35 80;
set Last[120] := 36 81;
set Last[121] := 37 82;
set Last[122] := 38 83;
set Last[123] := 39 84;
set Last[124] := 42 87;
set Last[125] := 44 89;
set Last[126] := 1 46;
set Last[127] := 2 47;
set Last[128] := 3 48;
set Last[129] := 4 49;
set Last[130] := 5 50;
set Last[131] := 7 52;
set Last[132] := 9 54;
set Last[133] := 11 56;
set Last[134] := 16 61;
set Last[135] := 19 64;
set Last[136] := 21 66;
set Last[137] := 23 68;
set Last[138] := 25 70;
set Last[139] := 29 74;
set Last[140] := 30 75;
set Last[141] := 32 77;
set Last[142] := 33 78;
set Last[143] := 34 79;
set Last[144] := 35 80;
set Last[145] := 36 81;
set Last[146] := 37 82;
set Last[147] := 38 83;
set Last[148] := 44 89;
set Last[149] := 5 50;
set Last[150] := 15 60;
set Last[151] := 35 80;
set Last[152] := 37 82;
set Last[153] := 38 83;
set Last[154] := 2 47;
set Last[155] := 5 50;
set Last[156] := 7 52;
set Last[157] := 15 60;
set Last[158] := 33 78;
set Last[159] := 35 80;
set Last[160] := 37 82;
set Last[161] := 38 83;
set Last[162] := 44 89;
set Last[163] := 1 46;
set Last[164] := 2 47;
set Last[165] := 3 48;
set Last[166] := 4 49;
set Last[167] := 5 50;
set Last[168] := 7 52;
set Last[169] := 9 54;
set Last[170] := 11 56;
set Last[171] := 15 60;
set Last[172] := 21 66;
set Last[173] := 25 70;
set Last[174] := 29 74;
set Last[175] := 30 75;
set Last[176] := 32 77;
set Last[177] := 33 78;
set Last[178] := 34 79;
set Last[179] := 35 80;
set Last[180] := 36 81;
set Last[181] := 37 82;
set Last[182] := 38 83;
set Last[183] := 44 89;
set Last[184] := 1 46;
set Last[185] := 2 47;
set Last[186] := 3 48;
set Last[187] := 5 50;
set Last[188] := 7 52;
set Last[189] := 15 60;
set Last[190] := 21 66;
set Last[191] := 33 78;
set Last[192] := 35 80;
set Last[193] := 37 82;
set Last[194] := 38 83;
set Last[195] := 44 89;
set Last[196] := 1 46;
set Last[197] := 2 47;
set Last[198] := 3 48;
set Last[199] := 4 49;
set Last[200] := 5 50;
set Last[201] := 7 52;
set Last[202] := 9 54;
set Last[203] := 11 56;
set Last[204] := 15 60;
set Last[205] := 16 61;
set Last[206] := 19 64;
set Last[207] := 23 68;
set Last[208] := 25 70;
set Last[209] := 29 74;
set Last[210] := 30 75;
set Last[211] := 32 77;
set Last[212] := 33 78;
set Last[213] := 34 79;
set Last[214] := 35 80;
set Last[215] := 36 81;
set Last[216] := 37 82;
set Last[217] := 38 83;
set Last[218] := 42 87;
set Last[219] := 44 89;
set Last[220] := 1 46;
set Last[221] := 2 47;
set Last[222] := 3 48;
set Last[223] := 4 49;
set Last[224] := 5 50;
set Last[225] := 7 52;
set Last[226] := 9 54;
set Last[227] := 11 56;
set Last[228] := 15 60;
set Last[229] := 16 61;
set Last[230] := 19 64;
set Last[231] := 21 66;
set Last[232] := 23 68;
set Last[233] := 25 70;
set Last[234] := 29 74;
set Last[235] := 30 75;
set Last[236] := 32 77;
set Last[237] := 33 78;
set Last[238] := 34 79;
set Last[239] := 35 80;
set Last[240] := 36 81;
set Last[241] := 37 82;
set Last[242] := 38 83;
set Last[243] := 44 89;
set Last[244] := 1 46;
set Last[245] := 2 47;
set Last[246] := 3 48;
set Last[247] := 5 50;
set Last[248] := 7 52;
set Last[249] := 9 54;
set Last[250] := 11 56;
set Last[251] := 15 60;
set Last[252] := 21 66;
set Last[253] := 25 70;
set Last[254] := 32 77;
set Last[255] := 33 78;
set Last[256] := 35 80;
set Last[257] := 36 81;
set Last[258] := 37 82;
set Last[259] := 38 83;
set Last[260] := 44 89;
set Last[261] := 1 46;
set Last[262] := 2 47;
set Last[263] := 3 48;
set Last[264] := 5 50;
set Last[265] := 7 52;
set Last[266] := 15 60;
set Last[267] := 21 66;
set Last[268] := 33 78;
set Last[269] := 35 80;
set Last[270] := 37 82;
set Last[271] := 38 83;
set Last[272] := 44 89;
set Last[273] := 2 47;
set Last[274] := 5 50;
set Last[275] := 7 52;
set Last[276] := 15 60;
set Last[277] := 21 66;
set Last[278] := 33 78;
set Last[279] := 35 80;
set Last[280] := 37 82;
set Last[281] := 38 83;
set Last[282] := 44 89;
set Last[283] := 1 46;
set Last[284] := 2 47;
set Last[285] := 3 48;
set Last[286] := 5 50;
set Last[287] := 7 52;
set Last[288] := 9 54;
set Last[289] := 11 56;
set Last[290] := 15 60;
set Last[291] := 21 66;
set Last[292] := 25 70;
set Last[293] := 29 74;
set Last[294] := 30 75;
set Last[295] := 32 77;
set Last[296] := 33 78;
set Last[297] := 35 80;
set Last[298] := 36 81;
set Last[299] := 37 82;
set Last[300] := 38 83;
set Last[301] := 44 89;
set Last[302] := 1 46;
set Last[303] := 2 47;
set Last[304] := 3 48;
set Last[305] := 4 49;
set Last[306] := 5 50;
set Last[307] := 7 52;
set Last[308] := 9 54;
set Last[309] := 11 56;
set Last[310] := 15 60;
set Last[311] := 21 66;
set Last[312] := 25 70;
set Last[313] := 29 74;
set Last[314] := 30 75;
set Last[315] := 32 77;
set Last[316] := 33 78;
set Last[317] := 35 80;
set Last[318] := 37 82;
set Last[319] := 38 83;
set Last[320] := 44 89;
set Last[321] := 1 46;
set Last[322] := 2 47;
set Last[323] := 3 48;
set Last[324] := 5 50;
set Last[325] := 7 52;
set Last[326] := 9 54;
set Last[327] := 11 56;
set Last[328] := 15 60;
set Last[329] := 21 66;
set Last[330] := 25 70;
set Last[331] := 29 74;
set Last[332] := 30 75;
set Last[333] := 32 77;
set Last[334] := 33 78;
set Last[335] := 35 80;
set Last[336] := 36 81;
set Last[337] := 38 83;
set Last[338] := 44 89;
set Last[339] := 1 46;
set Last[340] := 2 47;
set Last[341] := 3 48;
set Last[342] := 5 50;
set Last[343] := 7 52;
set Last[344] := 15 60;
set Last[345] := 21 66;
set Last[346] := 33 78;
set Last[347] := 35 80;
set Last[348] := 37 82;
set Last[349] := 38 83;
set Last[350] := 44 89;
set Last[351] := 1 46;
set Last[352] := 2 47;
set Last[353] := 3 48;
set Last[354] := 5 50;
set Last[355] := 7 52;
set Last[356] := 15 60;
set Last[357] := 21 66;
set Last[358] := 33 78;
set Last[359] := 35 80;
set Last[360] := 37 82;
set Last[361] := 38 83;
set Last[362] := 44 89;
set Last[363] := 15 60;
set Last[364] := 38 83;
set Last[365] := 1 46;
set Last[366] := 2 47;
set Last[367] := 3 48;
set Last[368] := 5 50;
set Last[369] := 7 52;
set Last[370] := 15 60;
set Last[371] := 21 66;
set Last[372] := 33 78;
set Last[373] := 35 80;
set Last[374] := 37 82;
set Last[375] := 38 83;
set Last[376] := 44 89;
set Last[377] := 1 46;
set Last[378] := 2 47;
set Last[379] := 3 48;
set Last[380] := 5 50;
set Last[381] := 7 52;
set Last[382] := 15 60;
set Last[383] := 21 66;
set Last[384] := 33 78;
set Last[385] := 35 80;
set Last[386] := 37 82;
set Last[387] := 38 83;
set Last[388] := 2 47;
set Last[389] := 5 50;
set Last[390] := 7 52;
set Last[391] := 15 60;
set Last[392] := 33 78;
set Last[393] := 35 80;
set Last[394] := 37 82;
set Last[395] := 38 83;
set Last[396] := 44 89;

param q := 5;

end;
