data;

set V := 1 2 3 4 5 6 7 8 9 10 11 12 13 14 15 16 17 18 19 21 26 27 28 30 32 34;

set A := 1 2
         1 4
         1 18
         2 1
         2 15
         2 19
         3 4
         3 9
         3 14
         4 1
         4 3
         4 21
         5 12
         5 14
         6 7
         6 13
         7 6
         7 15
         8 11
         8 12
         9 3
         9 12
         9 26
         10 11
         10 27
         11 8
         11 10
         11 17
         11 28
         12 5
         12 8
         12 9
         13 6
         13 14
         13 30
         14 3
         14 5
         14 13
         15 2
         15 7
         15 32
         16 10
         16 17
         17 34
         ;

set S := 1 2 3 4 5 6 7 8 9 10 11 12 13 14 15 16 17 18 19 20 21 22 23 24 25 26 27 28 29 30 31 32 33 34 35 36 37 38 39 40 41 42 43 44 45 46 47 48 49 50 51 52 53 54 55;

set F[1] := 1 4
            4 3
            3 9
            9 12
            12 8
            8 11
            11 28
            ;
set F[2] := 1 2
            2 15
            15 32
            ;
set F[3] := 1 4
            4 3
            3 9
            9 12
            12 8
            8 11
            11 17
            17 34
            ;
set F[4] := 2 1
            1 18
            ;
set F[5] := 2 1
            1 4
            4 21
            ;
set F[6] := 2 1
            1 4
            4 3
            3 9
            9 26
            ;
set F[7] := 2 1
            1 4
            4 3
            3 9
            9 12
            12 8
            8 11
            11 10
            10 27
            ;
set F[8] := 2 1
            1 4
            4 3
            3 9
            9 12
            12 8
            8 11
            11 28
            ;
set F[9] := 2 15
            15 7
            7 6
            6 13
            13 30
            ;
set F[10] := 2 15
             15 32
             ;
set F[11] := 2 1
             1 4
             4 3
             3 9
             9 12
             12 8
             8 11
             11 17
             17 34
             ;
set F[12] := 3 9
             9 12
             12 8
             8 11
             11 28
             ;
set F[13] := 3 4
             4 1
             1 2
             2 15
             15 32
             ;
set F[14] := 3 9
             9 12
             12 8
             8 11
             11 17
             17 34
             ;
set F[15] := 5 12
             12 8
             8 11
             11 28
             ;
set F[16] := 5 14
             14 13
             13 6
             6 7
             7 15
             15 32
             ;
set F[17] := 5 12
             12 8
             8 11
             11 17
             17 34
             ;
set F[18] := 6 13
             13 14
             14 5
             5 12
             12 8
             8 11
             11 28
             ;
set F[19] := 6 7
             7 15
             15 32
             ;
set F[20] := 6 13
             13 14
             14 5
             5 12
             12 8
             8 11
             11 17
             17 34
             ;
set F[21] := 7 15
             15 2
             2 1
             1 4
             4 21
             ;
set F[22] := 7 6
             6 13
             13 14
             14 5
             5 12
             12 8
             8 11
             11 28
             ;
set F[23] := 7 15
             15 32
             ;
set F[24] := 7 6
             6 13
             13 14
             14 5
             5 12
             12 8
             8 11
             11 17
             17 34
             ;
set F[25] := 8 11
             11 28
             ;
set F[26] := 8 12
             12 5
             5 14
             14 13
             13 6
             6 7
             7 15
             15 32
             ;
set F[27] := 8 11
             11 17
             17 34
             ;
set F[28] := 9 3
             3 4
             4 1
             1 18
             ;
set F[29] := 9 3
             3 4
             4 1
             1 2
             2 19
             ;
set F[30] := 9 3
             3 4
             4 21
             ;
set F[31] := 9 12
             12 8
             8 11
             11 10
             10 27
             ;
set F[32] := 9 12
             12 8
             8 11
             11 28
             ;
set F[33] := 9 3
             3 14
             14 13
             13 30
             ;
set F[34] := 9 3
             3 4
             4 1
             1 2
             2 15
             15 32
             ;
set F[35] := 9 12
             12 8
             8 11
             11 17
             17 34
             ;
set F[36] := 13 14
             14 3
             3 4
             4 21
             ;
set F[37] := 13 14
             14 5
             5 12
             12 8
             8 11
             11 28
             ;
set F[38] := 13 6
             6 7
             7 15
             15 32
             ;
set F[39] := 13 14
             14 5
             5 12
             12 8
             8 11
             11 17
             17 34
             ;
set F[40] := 14 5
             5 12
             12 8
             8 11
             11 28
             ;
set F[41] := 15 2
             2 1
             1 18
             ;
set F[42] := 15 2
             2 19
             ;
set F[43] := 15 2
             2 1
             1 4
             4 21
             ;
set F[44] := 15 2
             2 1
             1 4
             4 3
             3 9
             9 26
             ;
set F[45] := 15 2
             2 1
             1 4
             4 3
             3 9
             9 12
             12 8
             8 11
             11 10
             10 27
             ;
set F[46] := 15 2
             2 1
             1 4
             4 3
             3 9
             9 12
             12 8
             8 11
             11 28
             ;
set F[47] := 15 7
             7 6
             6 13
             13 30
             ;
set F[48] := 15 2
             2 1
             1 4
             4 3
             3 9
             9 12
             12 8
             8 11
             11 17
             17 34
             ;
set F[49] := 16 10
             10 11
             11 8
             8 12
             12 9
             9 3
             3 4
             4 1
             1 18
             ;
set F[50] := 16 10
             10 11
             11 8
             8 12
             12 9
             9 3
             3 4
             4 1
             1 2
             2 19
             ;
set F[51] := 16 10
             10 11
             11 8
             8 12
             12 9
             9 3
             3 4
             4 21
             ;
set F[52] := 16 10
             10 11
             11 8
             8 12
             12 9
             9 26
             ;
set F[53] := 16 10
             10 11
             11 28
             ;
set F[54] := 16 10
             10 11
             11 8
             8 12
             12 5
             5 14
             14 13
             13 6
             6 7
             7 15
             15 32
             ;
set F[55] := 16 17
             17 34
             ;
set Last[1] := 11 28;
set Last[2] := 15 32;
set Last[3] := 17 34;
set Last[4] := 1 18;
set Last[5] := 4 21;
set Last[6] := 9 26;
set Last[7] := 10 27;
set Last[8] := 11 28;
set Last[9] := 13 30;
set Last[10] := 15 32;
set Last[11] := 17 34;
set Last[12] := 11 28;
set Last[13] := 15 32;
set Last[14] := 17 34;
set Last[15] := 11 28;
set Last[16] := 15 32;
set Last[17] := 17 34;
set Last[18] := 11 28;
set Last[19] := 15 32;
set Last[20] := 17 34;
set Last[21] := 4 21;
set Last[22] := 11 28;
set Last[23] := 15 32;
set Last[24] := 17 34;
set Last[25] := 11 28;
set Last[26] := 15 32;
set Last[27] := 17 34;
set Last[28] := 1 18;
set Last[29] := 2 19;
set Last[30] := 4 21;
set Last[31] := 10 27;
set Last[32] := 11 28;
set Last[33] := 13 30;
set Last[34] := 15 32;
set Last[35] := 17 34;
set Last[36] := 4 21;
set Last[37] := 11 28;
set Last[38] := 15 32;
set Last[39] := 17 34;
set Last[40] := 11 28;
set Last[41] := 1 18;
set Last[42] := 2 19;
set Last[43] := 4 21;
set Last[44] := 9 26;
set Last[45] := 10 27;
set Last[46] := 11 28;
set Last[47] := 13 30;
set Last[48] := 17 34;
set Last[49] := 1 18;
set Last[50] := 2 19;
set Last[51] := 4 21;
set Last[52] := 9 26;
set Last[53] := 11 28;
set Last[54] := 15 32;
set Last[55] := 17 34;

param q := 5;

end;
