data;

set V := 1 2 3 4 5 6 7 8 9 10 11 12 13 14 15 16 17 18 19 20 21 22 23 24 25 26 27 28 29 30 31 32 33 34 35 36 37 38 39 40 41 42 43 44 45 46 47 48 49 50 51 52 53 54 56 57 58 59 60 61 62 63 64 65 66 67 68 69 70 71 72;

set A := 1 2
         1 4
         1 37
         2 1
         2 7
         2 38
         3 4
         3 22
         3 39
         4 1
         4 3
         4 10
         4 11
         4 12
         4 13
         4 14
         4 15
         4 16
         4 28
         4 40
         5 7
         5 41
         6 9
         6 10
         6 32
         6 34
         6 42
         7 2
         7 5
         7 8
         7 17
         7 18
         7 23
         7 24
         7 31
         7 35
         7 43
         8 7
         8 44
         9 6
         9 45
         10 4
         10 6
         10 25
         10 46
         11 4
         11 47
         12 4
         12 48
         13 49
         14 4
         14 50
         15 4
         15 51
         16 4
         16 52
         17 53
         18 7
         18 54
         19 20
         19 25
         19 26
         20 19
         20 21
         20 56
         21 20
         21 22
         21 57
         22 3
         22 21
         22 58
         23 7
         23 59
         24 7
         24 60
         25 10
         25 19
         25 61
         26 62
         27 28
         27 35
         27 36
         27 63
         28 4
         28 27
         28 64
         29 31
         29 65
         30 31
         30 66
         31 7
         31 29
         31 30
         31 32
         31 33
         31 67
         32 6
         32 31
         32 68
         33 31
         33 34
         33 69
         34 6
         34 33
         34 35
         34 70
         35 7
         35 27
         35 34
         35 71
         36 27
         36 72
         ;

set S := 1 2 3 4 5 6 7 8 9 10 11 12 13 14 15 16 17 18 19 20 21 22 23 24 25 26 27 28 29 30 31 32 33 34 35 36 37 38 39 40 41 42 43 44 45 46 47 48 49 50 51 52 53 54 55 56 57 58 59 60 61 62 63 64 65 66 67 68 69 70 71 72 73 74 75 76 77 78 79 80 81 82 83 84 85 86 87 88 89 90 91 92 93 94 95 96 97 98 99 100 101 102 103 104 105 106 107 108 109 110 111 112 113 114 115 116 117 118 119 120 121 122 123 124 125 126 127 128 129 130 131 132 133 134 135 136 137 138 139 140 141 142 143 144 145 146 147 148 149 150 151 152 153 154 155 156 157 158 159 160 161 162 163 164 165 166 167 168 169 170 171 172 173 174 175 176 177 178 179 180 181 182 183 184 185 186 187 188 189 190 191 192 193 194 195 196 197 198 199 200 201 202 203 204 205 206 207 208 209 210 211 212 213 214 215 216 217 218 219 220 221 222 223 224 225 226 227 228 229 230 231 232 233 234 235 236 237 238 239 240 241 242 243 244 245 246 247 248 249 250 251 252 253 254 255 256 257 258 259 260 261 262 263 264 265 266 267 268 269 270 271 272 273 274 275 276 277 278 279 280 281 282 283 284 285 286 287 288 289 290 291 292 293 294 295 296 297 298 299 300 301 302 303 304 305 306 307 308 309 310 311 312 313 314 315 316 317 318 319 320 321 322 323 324 325 326 327 328 329 330 331 332 333 334 335 336 337 338 339 340 341 342 343 344 345 346 347 348 349 350 351 352 353 354 355 356 357 358 359 360 361 362 363 364 365 366 367 368 369 370 371 372 373 374 375 376 377 378 379 380 381 382 383 384 385 386 387 388 389 390 391 392 393 394 395 396 397 398 399 400 401 402 403 404 405 406 407 408 409 410 411 412 413 414 415 416 417 418 419 420 421 422 423 424 425 426 427 428 429 430 431 432 433 434 435 436 437 438 439 440 441 442 443 444 445 446 447 448 449 450 451 452 453 454 455 456 457 458 459 460 461 462 463 464 465 466 467 468 469 470 471 472 473 474 475 476 477 478 479 480 481 482 483 484 485 486 487 488 489 490 491 492 493 494 495 496 497 498 499 500 501 502 503 504 505 506;

set F[1] := 1 2
            2 7
            7 43
            ;
set F[2] := 1 2
            2 7
            7 8
            8 44
            ;
set F[3] := 1 4
            4 10
            10 6
            6 9
            9 45
            ;
set F[4] := 1 4
            4 11
            11 47
            ;
set F[5] := 1 4
            4 12
            12 48
            ;
set F[6] := 1 4
            4 13
            13 49
            ;
set F[7] := 1 4
            4 15
            15 51
            ;
set F[8] := 1 2
            2 7
            7 18
            18 54
            ;
set F[9] := 1 4
            4 3
            3 22
            22 21
            21 57
            ;
set F[10] := 1 4
             4 3
             3 22
             22 58
             ;
set F[11] := 1 2
             2 7
             7 24
             24 60
             ;
set F[12] := 1 4
             4 10
             10 25
             25 61
             ;
set F[13] := 1 4
             4 10
             10 25
             25 19
             19 26
             26 62
             ;
set F[14] := 1 4
             4 28
             28 27
             27 63
             ;
set F[15] := 1 4
             4 28
             28 64
             ;
set F[16] := 1 2
             2 7
             7 31
             31 30
             30 66
             ;
set F[17] := 1 2
             2 7
             7 31
             31 67
             ;
set F[18] := 1 2
             2 7
             7 31
             31 32
             32 68
             ;
set F[19] := 1 2
             2 7
             7 31
             31 33
             33 69
             ;
set F[20] := 1 2
             2 7
             7 35
             35 34
             34 70
             ;
set F[21] := 1 2
             2 7
             7 35
             35 71
             ;
set F[22] := 2 1
             1 37
             ;
set F[23] := 2 7
             7 43
             ;
set F[24] := 2 7
             7 8
             8 44
             ;
set F[25] := 2 1
             1 4
             4 10
             10 6
             6 9
             9 45
             ;
set F[26] := 2 1
             1 4
             4 12
             12 48
             ;
set F[27] := 2 1
             1 4
             4 13
             13 49
             ;
set F[28] := 2 1
             1 4
             4 15
             15 51
             ;
set F[29] := 2 7
             7 18
             18 54
             ;
set F[30] := 2 1
             1 4
             4 3
             3 22
             22 21
             21 57
             ;
set F[31] := 2 1
             1 4
             4 3
             3 22
             22 58
             ;
set F[32] := 2 1
             1 4
             4 10
             10 25
             25 61
             ;
set F[33] := 2 7
             7 35
             35 27
             27 63
             ;
set F[34] := 2 1
             1 4
             4 28
             28 64
             ;
set F[35] := 2 7
             7 31
             31 30
             30 66
             ;
set F[36] := 2 7
             7 31
             31 67
             ;
set F[37] := 2 7
             7 31
             31 32
             32 68
             ;
set F[38] := 2 7
             7 31
             31 33
             33 69
             ;
set F[39] := 2 7
             7 35
             35 34
             34 70
             ;
set F[40] := 2 7
             7 35
             35 71
             ;
set F[41] := 3 4
             4 1
             1 37
             ;
set F[42] := 3 4
             4 1
             1 2
             2 7
             7 43
             ;
set F[43] := 3 4
             4 1
             1 2
             2 7
             7 8
             8 44
             ;
set F[44] := 3 4
             4 10
             10 6
             6 9
             9 45
             ;
set F[45] := 3 4
             4 12
             12 48
             ;
set F[46] := 3 4
             4 13
             13 49
             ;
set F[47] := 3 4
             4 15
             15 51
             ;
set F[48] := 3 4
             4 1
             1 2
             2 7
             7 18
             18 54
             ;
set F[49] := 3 22
             22 21
             21 57
             ;
set F[50] := 3 22
             22 58
             ;
set F[51] := 3 4
             4 10
             10 25
             25 61
             ;
set F[52] := 3 4
             4 28
             28 27
             27 63
             ;
set F[53] := 3 4
             4 28
             28 64
             ;
set F[54] := 3 4
             4 1
             1 2
             2 7
             7 31
             31 30
             30 66
             ;
set F[55] := 3 4
             4 1
             1 2
             2 7
             7 31
             31 67
             ;
set F[56] := 3 4
             4 10
             10 6
             6 32
             32 68
             ;
set F[57] := 3 4
             4 10
             10 6
             6 34
             34 33
             33 69
             ;
set F[58] := 3 4
             4 10
             10 6
             6 34
             34 70
             ;
set F[59] := 3 4
             4 28
             28 27
             27 35
             35 71
             ;
set F[60] := 4 1
             1 37
             ;
set F[61] := 4 1
             1 2
             2 38
             ;
set F[62] := 4 1
             1 2
             2 7
             7 5
             5 41
             ;
set F[63] := 4 1
             1 2
             2 7
             7 43
             ;
set F[64] := 4 1
             1 2
             2 7
             7 8
             8 44
             ;
set F[65] := 4 10
             10 6
             6 9
             9 45
             ;
set F[66] := 4 10
             10 46
             ;
set F[67] := 4 11
             11 47
             ;
set F[68] := 4 12
             12 48
             ;
set F[69] := 4 13
             13 49
             ;
set F[70] := 4 14
             14 50
             ;
set F[71] := 4 15
             15 51
             ;
set F[72] := 4 1
             1 2
             2 7
             7 17
             17 53
             ;
set F[73] := 4 1
             1 2
             2 7
             7 18
             18 54
             ;
set F[74] := 4 3
             3 22
             22 21
             21 20
             20 56
             ;
set F[75] := 4 3
             3 22
             22 21
             21 57
             ;
set F[76] := 4 3
             3 22
             22 58
             ;
set F[77] := 4 1
             1 2
             2 7
             7 23
             23 59
             ;
set F[78] := 4 1
             1 2
             2 7
             7 24
             24 60
             ;
set F[79] := 4 10
             10 25
             25 61
             ;
set F[80] := 4 10
             10 25
             25 19
             19 26
             26 62
             ;
set F[81] := 4 28
             28 27
             27 63
             ;
set F[82] := 4 28
             28 64
             ;
set F[83] := 4 1
             1 2
             2 7
             7 31
             31 29
             29 65
             ;
set F[84] := 4 1
             1 2
             2 7
             7 31
             31 30
             30 66
             ;
set F[85] := 4 1
             1 2
             2 7
             7 31
             31 67
             ;
set F[86] := 4 10
             10 6
             6 32
             32 68
             ;
set F[87] := 4 10
             10 6
             6 34
             34 33
             33 69
             ;
set F[88] := 4 10
             10 6
             6 34
             34 70
             ;
set F[89] := 4 28
             28 27
             27 35
             35 71
             ;
set F[90] := 4 28
             28 27
             27 36
             36 72
             ;
set F[91] := 5 7
             7 43
             ;
set F[92] := 5 7
             7 2
             2 1
             1 4
             4 3
             3 22
             22 58
             ;
set F[93] := 5 7
             7 35
             35 27
             27 63
             ;
set F[94] := 5 7
             7 35
             35 27
             27 28
             28 64
             ;
set F[95] := 5 7
             7 31
             31 67
             ;
set F[96] := 5 7
             7 31
             31 32
             32 68
             ;
set F[97] := 5 7
             7 35
             35 34
             34 70
             ;
set F[98] := 5 7
             7 35
             35 71
             ;
set F[99] := 6 10
             10 4
             4 1
             1 37
             ;
set F[100] := 6 10
              10 4
              4 1
              1 2
              2 38
              ;
set F[101] := 6 10
              10 4
              4 40
              ;
set F[102] := 6 32
              32 31
              31 7
              7 5
              5 41
              ;
set F[103] := 6 32
              32 31
              31 7
              7 43
              ;
set F[104] := 6 32
              32 31
              31 7
              7 8
              8 44
              ;
set F[105] := 6 9
              9 45
              ;
set F[106] := 6 10
              10 4
              4 11
              11 47
              ;
set F[107] := 6 10
              10 4
              4 12
              12 48
              ;
set F[108] := 6 10
              10 4
              4 13
              13 49
              ;
set F[109] := 6 10
              10 4
              4 14
              14 50
              ;
set F[110] := 6 10
              10 4
              4 15
              15 51
              ;
set F[111] := 6 32
              32 31
              31 7
              7 17
              17 53
              ;
set F[112] := 6 32
              32 31
              31 7
              7 18
              18 54
              ;
set F[113] := 6 10
              10 4
              4 3
              3 22
              22 21
              21 57
              ;
set F[114] := 6 10
              10 4
              4 3
              3 22
              22 58
              ;
set F[115] := 6 32
              32 31
              31 7
              7 23
              23 59
              ;
set F[116] := 6 32
              32 31
              31 7
              7 24
              24 60
              ;
set F[117] := 6 10
              10 25
              25 61
              ;
set F[118] := 6 10
              10 25
              25 19
              19 26
              26 62
              ;
set F[119] := 6 34
              34 35
              35 27
              27 63
              ;
set F[120] := 6 10
              10 4
              4 28
              28 64
              ;
set F[121] := 6 32
              32 31
              31 29
              29 65
              ;
set F[122] := 6 32
              32 31
              31 30
              30 66
              ;
set F[123] := 6 32
              32 31
              31 67
              ;
set F[124] := 6 32
              32 68
              ;
set F[125] := 6 34
              34 33
              33 69
              ;
set F[126] := 6 34
              34 70
              ;
set F[127] := 6 34
              34 35
              35 71
              ;
set F[128] := 7 2
              2 1
              1 37
              ;
set F[129] := 7 2
              2 38
              ;
set F[130] := 7 2
              2 1
              1 4
              4 3
              3 39
              ;
set F[131] := 7 2
              2 1
              1 4
              4 40
              ;
set F[132] := 7 5
              5 41
              ;
set F[133] := 7 35
              35 34
              34 6
              6 42
              ;
set F[134] := 7 8
              8 44
              ;
set F[135] := 7 35
              35 34
              34 6
              6 9
              9 45
              ;
set F[136] := 7 2
              2 1
              1 4
              4 10
              10 46
              ;
set F[137] := 7 2
              2 1
              1 4
              4 11
              11 47
              ;
set F[138] := 7 2
              2 1
              1 4
              4 12
              12 48
              ;
set F[139] := 7 2
              2 1
              1 4
              4 13
              13 49
              ;
set F[140] := 7 2
              2 1
              1 4
              4 14
              14 50
              ;
set F[141] := 7 2
              2 1
              1 4
              4 15
              15 51
              ;
set F[142] := 7 2
              2 1
              1 4
              4 16
              16 52
              ;
set F[143] := 7 17
              17 53
              ;
set F[144] := 7 18
              18 54
              ;
set F[145] := 7 2
              2 1
              1 4
              4 3
              3 22
              22 21
              21 20
              20 56
              ;
set F[146] := 7 2
              2 1
              1 4
              4 3
              3 22
              22 21
              21 57
              ;
set F[147] := 7 2
              2 1
              1 4
              4 3
              3 22
              22 58
              ;
set F[148] := 7 23
              23 59
              ;
set F[149] := 7 24
              24 60
              ;
set F[150] := 7 2
              2 1
              1 4
              4 10
              10 25
              25 61
              ;
set F[151] := 7 2
              2 1
              1 4
              4 10
              10 25
              25 19
              19 26
              26 62
              ;
set F[152] := 7 35
              35 27
              27 63
              ;
set F[153] := 7 35
              35 27
              27 28
              28 64
              ;
set F[154] := 7 31
              31 29
              29 65
              ;
set F[155] := 7 31
              31 30
              30 66
              ;
set F[156] := 7 31
              31 67
              ;
set F[157] := 7 31
              31 32
              32 68
              ;
set F[158] := 7 31
              31 33
              33 69
              ;
set F[159] := 7 35
              35 34
              34 70
              ;
set F[160] := 7 35
              35 71
              ;
set F[161] := 7 35
              35 27
              27 36
              36 72
              ;
set F[162] := 8 7
              7 2
              2 1
              1 37
              ;
set F[163] := 8 7
              7 43
              ;
set F[164] := 8 7
              7 35
              35 34
              34 6
              6 9
              9 45
              ;
set F[165] := 8 7
              7 2
              2 1
              1 4
              4 12
              12 48
              ;
set F[166] := 8 7
              7 2
              2 1
              1 4
              4 13
              13 49
              ;
set F[167] := 8 7
              7 2
              2 1
              1 4
              4 15
              15 51
              ;
set F[168] := 8 7
              7 18
              18 54
              ;
set F[169] := 8 7
              7 2
              2 1
              1 4
              4 3
              3 22
              22 21
              21 57
              ;
set F[170] := 8 7
              7 2
              2 1
              1 4
              4 3
              3 22
              22 58
              ;
set F[171] := 8 7
              7 2
              2 1
              1 4
              4 10
              10 25
              25 61
              ;
set F[172] := 8 7
              7 35
              35 27
              27 63
              ;
set F[173] := 8 7
              7 35
              35 27
              27 28
              28 64
              ;
set F[174] := 8 7
              7 31
              31 30
              30 66
              ;
set F[175] := 8 7
              7 31
              31 67
              ;
set F[176] := 8 7
              7 31
              31 32
              32 68
              ;
set F[177] := 8 7
              7 35
              35 34
              34 70
              ;
set F[178] := 8 7
              7 35
              35 71
              ;
set F[179] := 9 6
              6 32
              32 31
              31 7
              7 43
              ;
set F[180] := 9 6
              6 34
              34 35
              35 27
              27 63
              ;
set F[181] := 9 6
              6 32
              32 31
              31 67
              ;
set F[182] := 9 6
              6 34
              34 70
              ;
set F[183] := 9 6
              6 34
              34 35
              35 71
              ;
set F[184] := 10 4
              4 1
              1 37
              ;
set F[185] := 10 4
              4 1
              1 2
              2 7
              7 43
              ;
set F[186] := 10 4
              4 1
              1 2
              2 7
              7 8
              8 44
              ;
set F[187] := 10 6
              6 9
              9 45
              ;
set F[188] := 10 4
              4 11
              11 47
              ;
set F[189] := 10 4
              4 12
              12 48
              ;
set F[190] := 10 4
              4 13
              13 49
              ;
set F[191] := 10 4
              4 15
              15 51
              ;
set F[192] := 10 4
              4 1
              1 2
              2 7
              7 18
              18 54
              ;
set F[193] := 10 4
              4 3
              3 22
              22 21
              21 57
              ;
set F[194] := 10 4
              4 3
              3 22
              22 58
              ;
set F[195] := 10 4
              4 1
              1 2
              2 7
              7 24
              24 60
              ;
set F[196] := 10 25
              25 61
              ;
set F[197] := 10 25
              25 19
              19 26
              26 62
              ;
set F[198] := 10 4
              4 28
              28 27
              27 63
              ;
set F[199] := 10 4
              4 28
              28 64
              ;
set F[200] := 10 6
              6 32
              32 31
              31 30
              30 66
              ;
set F[201] := 10 6
              6 32
              32 31
              31 67
              ;
set F[202] := 10 6
              6 32
              32 68
              ;
set F[203] := 10 6
              6 34
              34 33
              33 69
              ;
set F[204] := 10 6
              6 34
              34 70
              ;
set F[205] := 10 6
              6 34
              34 35
              35 71
              ;
set F[206] := 11 4
              4 1
              1 2
              2 7
              7 31
              31 67
              ;
set F[207] := 12 4
              4 1
              1 2
              2 7
              7 43
              ;
set F[208] := 12 4
              4 3
              3 22
              22 58
              ;
set F[209] := 12 4
              4 28
              28 27
              27 63
              ;
set F[210] := 12 4
              4 28
              28 64
              ;
set F[211] := 12 4
              4 1
              1 2
              2 7
              7 31
              31 67
              ;
set F[212] := 12 4
              4 10
              10 6
              6 32
              32 68
              ;
set F[213] := 12 4
              4 10
              10 6
              6 34
              34 70
              ;
set F[214] := 12 4
              4 28
              28 27
              27 35
              35 71
              ;
set F[215] := 14 4
              4 1
              1 2
              2 7
              7 43
              ;
set F[216] := 14 4
              4 1
              1 2
              2 7
              7 8
              8 44
              ;
set F[217] := 14 4
              4 1
              1 2
              2 7
              7 18
              18 54
              ;
set F[218] := 14 4
              4 3
              3 22
              22 21
              21 57
              ;
set F[219] := 14 4
              4 3
              3 22
              22 58
              ;
set F[220] := 14 4
              4 10
              10 25
              25 61
              ;
set F[221] := 14 4
              4 28
              28 27
              27 63
              ;
set F[222] := 14 4
              4 28
              28 64
              ;
set F[223] := 14 4
              4 1
              1 2
              2 7
              7 31
              31 67
              ;
set F[224] := 14 4
              4 10
              10 6
              6 32
              32 68
              ;
set F[225] := 14 4
              4 10
              10 6
              6 34
              34 70
              ;
set F[226] := 14 4
              4 28
              28 27
              27 35
              35 71
              ;
set F[227] := 15 4
              4 1
              1 2
              2 7
              7 43
              ;
set F[228] := 15 4
              4 3
              3 22
              22 58
              ;
set F[229] := 15 4
              4 28
              28 27
              27 63
              ;
set F[230] := 15 4
              4 28
              28 64
              ;
set F[231] := 15 4
              4 1
              1 2
              2 7
              7 31
              31 67
              ;
set F[232] := 15 4
              4 10
              10 6
              6 32
              32 68
              ;
set F[233] := 15 4
              4 10
              10 6
              6 34
              34 70
              ;
set F[234] := 15 4
              4 28
              28 27
              27 35
              35 71
              ;
set F[235] := 16 4
              4 1
              1 2
              2 7
              7 43
              ;
set F[236] := 16 4
              4 28
              28 27
              27 63
              ;
set F[237] := 16 4
              4 1
              1 2
              2 7
              7 31
              31 67
              ;
set F[238] := 16 4
              4 10
              10 6
              6 34
              34 70
              ;
set F[239] := 16 4
              4 28
              28 27
              27 35
              35 71
              ;
set F[240] := 18 7
              7 43
              ;
set F[241] := 18 7
              7 2
              2 1
              1 4
              4 3
              3 22
              22 58
              ;
set F[242] := 18 7
              7 35
              35 27
              27 63
              ;
set F[243] := 18 7
              7 35
              35 27
              27 28
              28 64
              ;
set F[244] := 18 7
              7 31
              31 67
              ;
set F[245] := 18 7
              7 31
              31 32
              32 68
              ;
set F[246] := 18 7
              7 35
              35 34
              34 70
              ;
set F[247] := 18 7
              7 35
              35 71
              ;
set F[248] := 19 25
              25 10
              10 6
              6 32
              32 31
              31 67
              ;
set F[249] := 20 19
              19 25
              25 10
              10 4
              4 1
              1 2
              2 7
              7 43
              ;
set F[250] := 20 19
              19 25
              25 10
              10 4
              4 1
              1 2
              2 7
              7 8
              8 44
              ;
set F[251] := 20 19
              19 25
              25 10
              10 4
              4 13
              13 49
              ;
set F[252] := 20 19
              19 25
              25 10
              10 4
              4 1
              1 2
              2 7
              7 18
              18 54
              ;
set F[253] := 20 21
              21 57
              ;
set F[254] := 20 21
              21 22
              22 58
              ;
set F[255] := 20 19
              19 25
              25 61
              ;
set F[256] := 20 19
              19 25
              25 10
              10 4
              4 28
              28 27
              27 63
              ;
set F[257] := 20 19
              19 25
              25 10
              10 4
              4 28
              28 64
              ;
set F[258] := 20 19
              19 25
              25 10
              10 6
              6 32
              32 31
              31 67
              ;
set F[259] := 20 19
              19 25
              25 10
              10 6
              6 32
              32 68
              ;
set F[260] := 20 19
              19 25
              25 10
              10 6
              6 34
              34 70
              ;
set F[261] := 20 19
              19 25
              25 10
              10 6
              6 34
              34 35
              35 71
              ;
set F[262] := 21 22
              22 3
              3 4
              4 1
              1 37
              ;
set F[263] := 21 22
              22 3
              3 4
              4 1
              1 2
              2 7
              7 43
              ;
set F[264] := 21 22
              22 3
              3 4
              4 1
              1 2
              2 7
              7 8
              8 44
              ;
set F[265] := 21 20
              20 19
              19 25
              25 10
              10 6
              6 9
              9 45
              ;
set F[266] := 21 22
              22 3
              3 4
              4 11
              11 47
              ;
set F[267] := 21 22
              22 3
              3 4
              4 12
              12 48
              ;
set F[268] := 21 22
              22 3
              3 4
              4 13
              13 49
              ;
set F[269] := 21 22
              22 3
              3 4
              4 15
              15 51
              ;
set F[270] := 21 22
              22 3
              3 4
              4 1
              1 2
              2 7
              7 18
              18 54
              ;
set F[271] := 21 22
              22 58
              ;
set F[272] := 21 22
              22 3
              3 4
              4 1
              1 2
              2 7
              7 24
              24 60
              ;
set F[273] := 21 20
              20 19
              19 25
              25 61
              ;
set F[274] := 21 20
              20 19
              19 26
              26 62
              ;
set F[275] := 21 22
              22 3
              3 4
              4 28
              28 27
              27 63
              ;
set F[276] := 21 22
              22 3
              3 4
              4 28
              28 64
              ;
set F[277] := 21 20
              20 19
              19 25
              25 10
              10 6
              6 32
              32 31
              31 30
              30 66
              ;
set F[278] := 21 20
              20 19
              19 25
              25 10
              10 6
              6 32
              32 31
              31 67
              ;
set F[279] := 21 20
              20 19
              19 25
              25 10
              10 6
              6 32
              32 68
              ;
set F[280] := 21 20
              20 19
              19 25
              25 10
              10 6
              6 34
              34 33
              33 69
              ;
set F[281] := 21 20
              20 19
              19 25
              25 10
              10 6
              6 34
              34 70
              ;
set F[282] := 21 22
              22 3
              3 4
              4 28
              28 27
              27 35
              35 71
              ;
set F[283] := 22 3
              3 4
              4 1
              1 37
              ;
set F[284] := 22 3
              3 4
              4 1
              1 2
              2 7
              7 43
              ;
set F[285] := 22 3
              3 4
              4 1
              1 2
              2 7
              7 8
              8 44
              ;
set F[286] := 22 3
              3 4
              4 10
              10 6
              6 9
              9 45
              ;
set F[287] := 22 3
              3 4
              4 12
              12 48
              ;
set F[288] := 22 3
              3 4
              4 13
              13 49
              ;
set F[289] := 22 3
              3 4
              4 15
              15 51
              ;
set F[290] := 22 3
              3 4
              4 1
              1 2
              2 7
              7 18
              18 54
              ;
set F[291] := 22 21
              21 57
              ;
set F[292] := 22 3
              3 4
              4 10
              10 25
              25 61
              ;
set F[293] := 22 3
              3 4
              4 28
              28 27
              27 63
              ;
set F[294] := 22 3
              3 4
              4 28
              28 64
              ;
set F[295] := 22 3
              3 4
              4 1
              1 2
              2 7
              7 31
              31 30
              30 66
              ;
set F[296] := 22 3
              3 4
              4 1
              1 2
              2 7
              7 31
              31 67
              ;
set F[297] := 22 3
              3 4
              4 10
              10 6
              6 32
              32 68
              ;
set F[298] := 22 3
              3 4
              4 10
              10 6
              6 34
              34 70
              ;
set F[299] := 22 3
              3 4
              4 28
              28 27
              27 35
              35 71
              ;
set F[300] := 23 7
              7 43
              ;
set F[301] := 23 7
              7 8
              8 44
              ;
set F[302] := 23 7
              7 18
              18 54
              ;
set F[303] := 23 7
              7 2
              2 1
              1 4
              4 3
              3 22
              22 21
              21 57
              ;
set F[304] := 23 7
              7 2
              2 1
              1 4
              4 3
              3 22
              22 58
              ;
set F[305] := 23 7
              7 2
              2 1
              1 4
              4 10
              10 25
              25 61
              ;
set F[306] := 23 7
              7 35
              35 27
              27 63
              ;
set F[307] := 23 7
              7 35
              35 27
              27 28
              28 64
              ;
set F[308] := 23 7
              7 31
              31 67
              ;
set F[309] := 23 7
              7 31
              31 32
              32 68
              ;
set F[310] := 23 7
              7 35
              35 34
              34 70
              ;
set F[311] := 23 7
              7 35
              35 71
              ;
set F[312] := 24 7
              7 43
              ;
set F[313] := 24 7
              7 8
              8 44
              ;
set F[314] := 24 7
              7 18
              18 54
              ;
set F[315] := 24 7
              7 2
              2 1
              1 4
              4 3
              3 22
              22 21
              21 57
              ;
set F[316] := 24 7
              7 2
              2 1
              1 4
              4 3
              3 22
              22 58
              ;
set F[317] := 24 7
              7 2
              2 1
              1 4
              4 10
              10 25
              25 61
              ;
set F[318] := 24 7
              7 35
              35 27
              27 63
              ;
set F[319] := 24 7
              7 35
              35 27
              27 28
              28 64
              ;
set F[320] := 24 7
              7 31
              31 67
              ;
set F[321] := 24 7
              7 31
              31 32
              32 68
              ;
set F[322] := 24 7
              7 35
              35 34
              34 70
              ;
set F[323] := 24 7
              7 35
              35 71
              ;
set F[324] := 25 10
              10 4
              4 1
              1 37
              ;
set F[325] := 25 10
              10 4
              4 40
              ;
set F[326] := 25 10
              10 4
              4 1
              1 2
              2 7
              7 43
              ;
set F[327] := 25 10
              10 4
              4 1
              1 2
              2 7
              7 8
              8 44
              ;
set F[328] := 25 10
              10 6
              6 9
              9 45
              ;
set F[329] := 25 10
              10 4
              4 11
              11 47
              ;
set F[330] := 25 10
              10 4
              4 12
              12 48
              ;
set F[331] := 25 10
              10 4
              4 13
              13 49
              ;
set F[332] := 25 10
              10 4
              4 15
              15 51
              ;
set F[333] := 25 10
              10 4
              4 1
              1 2
              2 7
              7 17
              17 53
              ;
set F[334] := 25 10
              10 4
              4 1
              1 2
              2 7
              7 18
              18 54
              ;
set F[335] := 25 19
              19 20
              20 21
              21 57
              ;
set F[336] := 25 10
              10 4
              4 3
              3 22
              22 58
              ;
set F[337] := 25 10
              10 4
              4 1
              1 2
              2 7
              7 24
              24 60
              ;
set F[338] := 25 19
              19 26
              26 62
              ;
set F[339] := 25 10
              10 4
              4 28
              28 27
              27 63
              ;
set F[340] := 25 10
              10 4
              4 28
              28 64
              ;
set F[341] := 25 10
              10 6
              6 32
              32 31
              31 30
              30 66
              ;
set F[342] := 25 10
              10 6
              6 32
              32 31
              31 67
              ;
set F[343] := 25 10
              10 6
              6 32
              32 68
              ;
set F[344] := 25 10
              10 6
              6 34
              34 33
              33 69
              ;
set F[345] := 25 10
              10 6
              6 34
              34 70
              ;
set F[346] := 25 10
              10 6
              6 34
              34 35
              35 71
              ;
set F[347] := 27 28
              28 4
              4 1
              1 37
              ;
set F[348] := 27 28
              28 4
              4 40
              ;
set F[349] := 27 35
              35 7
              7 43
              ;
set F[350] := 27 35
              35 7
              7 8
              8 44
              ;
set F[351] := 27 35
              35 34
              34 6
              6 9
              9 45
              ;
set F[352] := 27 28
              28 4
              4 11
              11 47
              ;
set F[353] := 27 28
              28 4
              4 12
              12 48
              ;
set F[354] := 27 28
              28 4
              4 13
              13 49
              ;
set F[355] := 27 28
              28 4
              4 14
              14 50
              ;
set F[356] := 27 28
              28 4
              4 15
              15 51
              ;
set F[357] := 27 35
              35 7
              7 17
              17 53
              ;
set F[358] := 27 35
              35 7
              7 18
              18 54
              ;
set F[359] := 27 28
              28 4
              4 3
              3 22
              22 21
              21 57
              ;
set F[360] := 27 28
              28 4
              4 3
              3 22
              22 58
              ;
set F[361] := 27 35
              35 7
              7 23
              23 59
              ;
set F[362] := 27 35
              35 7
              7 24
              24 60
              ;
set F[363] := 27 28
              28 4
              4 10
              10 25
              25 61
              ;
set F[364] := 27 28
              28 4
              4 10
              10 25
              25 19
              19 26
              26 62
              ;
set F[365] := 27 28
              28 64
              ;
set F[366] := 27 35
              35 7
              7 31
              31 29
              29 65
              ;
set F[367] := 27 35
              35 7
              7 31
              31 30
              30 66
              ;
set F[368] := 27 35
              35 7
              7 31
              31 67
              ;
set F[369] := 27 35
              35 7
              7 31
              31 32
              32 68
              ;
set F[370] := 27 35
              35 34
              34 33
              33 69
              ;
set F[371] := 27 35
              35 34
              34 70
              ;
set F[372] := 27 35
              35 71
              ;
set F[373] := 28 4
              4 1
              1 37
              ;
set F[374] := 28 27
              27 35
              35 7
              7 43
              ;
set F[375] := 28 27
              27 35
              35 7
              7 8
              8 44
              ;
set F[376] := 28 4
              4 10
              10 6
              6 9
              9 45
              ;
set F[377] := 28 4
              4 12
              12 48
              ;
set F[378] := 28 4
              4 13
              13 49
              ;
set F[379] := 28 4
              4 15
              15 51
              ;
set F[380] := 28 27
              27 35
              35 7
              7 18
              18 54
              ;
set F[381] := 28 4
              4 3
              3 22
              22 21
              21 57
              ;
set F[382] := 28 4
              4 3
              3 22
              22 58
              ;
set F[383] := 28 4
              4 10
              10 25
              25 61
              ;
set F[384] := 28 27
              27 63
              ;
set F[385] := 28 27
              27 35
              35 7
              7 31
              31 30
              30 66
              ;
set F[386] := 28 27
              27 35
              35 7
              7 31
              31 67
              ;
set F[387] := 28 4
              4 10
              10 6
              6 32
              32 68
              ;
set F[388] := 28 27
              27 35
              35 34
              34 70
              ;
set F[389] := 28 27
              27 35
              35 71
              ;
set F[390] := 29 31
              31 7
              7 43
              ;
set F[391] := 29 31
              31 7
              7 2
              2 1
              1 4
              4 3
              3 22
              22 58
              ;
set F[392] := 29 31
              31 7
              7 35
              35 27
              27 63
              ;
set F[393] := 29 31
              31 7
              7 35
              35 27
              27 28
              28 64
              ;
set F[394] := 29 31
              31 67
              ;
set F[395] := 29 31
              31 32
              32 68
              ;
set F[396] := 29 31
              31 33
              33 34
              34 70
              ;
set F[397] := 29 31
              31 7
              7 35
              35 71
              ;
set F[398] := 30 31
              31 7
              7 43
              ;
set F[399] := 30 31
              31 7
              7 2
              2 1
              1 4
              4 3
              3 22
              22 58
              ;
set F[400] := 30 31
              31 7
              7 35
              35 27
              27 63
              ;
set F[401] := 30 31
              31 7
              7 35
              35 27
              27 28
              28 64
              ;
set F[402] := 30 31
              31 67
              ;
set F[403] := 30 31
              31 32
              32 68
              ;
set F[404] := 30 31
              31 33
              33 34
              34 70
              ;
set F[405] := 30 31
              31 7
              7 35
              35 71
              ;
set F[406] := 31 7
              7 2
              2 1
              1 37
              ;
set F[407] := 31 7
              7 2
              2 38
              ;
set F[408] := 31 7
              7 2
              2 1
              1 4
              4 40
              ;
set F[409] := 31 7
              7 5
              5 41
              ;
set F[410] := 31 7
              7 43
              ;
set F[411] := 31 7
              7 8
              8 44
              ;
set F[412] := 31 32
              32 6
              6 9
              9 45
              ;
set F[413] := 31 32
              32 6
              6 10
              10 46
              ;
set F[414] := 31 7
              7 2
              2 1
              1 4
              4 11
              11 47
              ;
set F[415] := 31 7
              7 2
              2 1
              1 4
              4 12
              12 48
              ;
set F[416] := 31 7
              7 2
              2 1
              1 4
              4 13
              13 49
              ;
set F[417] := 31 7
              7 2
              2 1
              1 4
              4 14
              14 50
              ;
set F[418] := 31 7
              7 2
              2 1
              1 4
              4 15
              15 51
              ;
set F[419] := 31 7
              7 17
              17 53
              ;
set F[420] := 31 7
              7 18
              18 54
              ;
set F[421] := 31 32
              32 6
              6 10
              10 25
              25 19
              19 20
              20 56
              ;
set F[422] := 31 7
              7 2
              2 1
              1 4
              4 3
              3 22
              22 21
              21 57
              ;
set F[423] := 31 7
              7 2
              2 1
              1 4
              4 3
              3 22
              22 58
              ;
set F[424] := 31 7
              7 23
              23 59
              ;
set F[425] := 31 7
              7 24
              24 60
              ;
set F[426] := 31 32
              32 6
              6 10
              10 25
              25 61
              ;
set F[427] := 31 32
              32 6
              6 10
              10 25
              25 19
              19 26
              26 62
              ;
set F[428] := 31 7
              7 35
              35 27
              27 63
              ;
set F[429] := 31 7
              7 35
              35 27
              27 28
              28 64
              ;
set F[430] := 31 29
              29 65
              ;
set F[431] := 31 30
              30 66
              ;
set F[432] := 31 32
              32 68
              ;
set F[433] := 31 33
              33 69
              ;
set F[434] := 31 33
              33 34
              34 70
              ;
set F[435] := 31 7
              7 35
              35 71
              ;
set F[436] := 31 7
              7 35
              35 27
              27 36
              36 72
              ;
set F[437] := 32 31
              31 67
              ;
set F[438] := 33 31
              31 7
              7 2
              2 1
              1 37
              ;
set F[439] := 33 34
              34 6
              6 10
              10 4
              4 40
              ;
set F[440] := 33 31
              31 7
              7 43
              ;
set F[441] := 33 31
              31 7
              7 8
              8 44
              ;
set F[442] := 33 34
              34 6
              6 9
              9 45
              ;
set F[443] := 33 34
              34 6
              6 10
              10 4
              4 11
              11 47
              ;
set F[444] := 33 34
              34 6
              6 10
              10 4
              4 12
              12 48
              ;
set F[445] := 33 34
              34 6
              6 10
              10 4
              4 13
              13 49
              ;
set F[446] := 33 34
              34 6
              6 10
              10 4
              4 15
              15 51
              ;
set F[447] := 33 31
              31 7
              7 17
              17 53
              ;
set F[448] := 33 31
              31 7
              7 18
              18 54
              ;
set F[449] := 33 34
              34 6
              6 10
              10 4
              4 3
              3 22
              22 21
              21 57
              ;
set F[450] := 33 34
              34 6
              6 10
              10 4
              4 3
              3 22
              22 58
              ;
set F[451] := 33 31
              31 7
              7 24
              24 60
              ;
set F[452] := 33 34
              34 6
              6 10
              10 25
              25 61
              ;
set F[453] := 33 34
              34 6
              6 10
              10 25
              25 19
              19 26
              26 62
              ;
set F[454] := 33 34
              34 35
              35 27
              27 63
              ;
set F[455] := 33 34
              34 35
              35 27
              27 28
              28 64
              ;
set F[456] := 33 31
              31 29
              29 65
              ;
set F[457] := 33 31
              31 30
              30 66
              ;
set F[458] := 33 31
              31 67
              ;
set F[459] := 33 31
              31 32
              32 68
              ;
set F[460] := 33 34
              34 70
              ;
set F[461] := 33 34
              34 35
              35 71
              ;
set F[462] := 34 6
              6 10
              10 4
              4 1
              1 37
              ;
set F[463] := 34 35
              35 7
              7 43
              ;
set F[464] := 34 35
              35 7
              7 8
              8 44
              ;
set F[465] := 34 6
              6 9
              9 45
              ;
set F[466] := 34 6
              6 10
              10 4
              4 11
              11 47
              ;
set F[467] := 34 6
              6 10
              10 4
              4 12
              12 48
              ;
set F[468] := 34 6
              6 10
              10 4
              4 13
              13 49
              ;
set F[469] := 34 6
              6 10
              10 4
              4 15
              15 51
              ;
set F[470] := 34 35
              35 7
              7 18
              18 54
              ;
set F[471] := 34 6
              6 10
              10 4
              4 3
              3 22
              22 21
              21 57
              ;
set F[472] := 34 6
              6 10
              10 4
              4 3
              3 22
              22 58
              ;
set F[473] := 34 35
              35 7
              7 24
              24 60
              ;
set F[474] := 34 6
              6 10
              10 25
              25 61
              ;
set F[475] := 34 6
              6 10
              10 25
              25 19
              19 26
              26 62
              ;
set F[476] := 34 35
              35 27
              27 63
              ;
set F[477] := 34 35
              35 27
              27 28
              28 64
              ;
set F[478] := 34 33
              33 31
              31 30
              30 66
              ;
set F[479] := 34 33
              33 31
              31 67
              ;
set F[480] := 34 6
              6 32
              32 68
              ;
set F[481] := 34 33
              33 69
              ;
set F[482] := 34 35
              35 71
              ;
set F[483] := 35 7
              7 2
              2 1
              1 37
              ;
set F[484] := 35 7
              7 43
              ;
set F[485] := 35 7
              7 8
              8 44
              ;
set F[486] := 35 34
              34 6
              6 9
              9 45
              ;
set F[487] := 35 27
              27 28
              28 4
              4 12
              12 48
              ;
set F[488] := 35 27
              27 28
              28 4
              4 13
              13 49
              ;
set F[489] := 35 27
              27 28
              28 4
              4 15
              15 51
              ;
set F[490] := 35 7
              7 18
              18 54
              ;
set F[491] := 35 27
              27 28
              28 4
              4 3
              3 22
              22 21
              21 57
              ;
set F[492] := 35 27
              27 28
              28 4
              4 3
              3 22
              22 58
              ;
set F[493] := 35 7
              7 24
              24 60
              ;
set F[494] := 35 34
              34 6
              6 10
              10 25
              25 61
              ;
set F[495] := 35 27
              27 63
              ;
set F[496] := 35 27
              27 28
              28 64
              ;
set F[497] := 35 7
              7 31
              31 30
              30 66
              ;
set F[498] := 35 7
              7 31
              31 67
              ;
set F[499] := 35 7
              7 31
              31 32
              32 68
              ;
set F[500] := 35 34
              34 33
              33 69
              ;
set F[501] := 35 34
              34 70
              ;
set F[502] := 36 27
              27 35
              35 7
              7 43
              ;
set F[503] := 36 27
              27 63
              ;
set F[504] := 36 27
              27 35
              35 7
              7 31
              31 67
              ;
set F[505] := 36 27
              27 35
              35 34
              34 70
              ;
set F[506] := 36 27
              27 35
              35 71
              ;
set Last[1] := 7 43;
set Last[2] := 8 44;
set Last[3] := 9 45;
set Last[4] := 11 47;
set Last[5] := 12 48;
set Last[6] := 13 49;
set Last[7] := 15 51;
set Last[8] := 18 54;
set Last[9] := 21 57;
set Last[10] := 22 58;
set Last[11] := 24 60;
set Last[12] := 25 61;
set Last[13] := 26 62;
set Last[14] := 27 63;
set Last[15] := 28 64;
set Last[16] := 30 66;
set Last[17] := 31 67;
set Last[18] := 32 68;
set Last[19] := 33 69;
set Last[20] := 34 70;
set Last[21] := 35 71;
set Last[22] := 1 37;
set Last[23] := 7 43;
set Last[24] := 8 44;
set Last[25] := 9 45;
set Last[26] := 12 48;
set Last[27] := 13 49;
set Last[28] := 15 51;
set Last[29] := 18 54;
set Last[30] := 21 57;
set Last[31] := 22 58;
set Last[32] := 25 61;
set Last[33] := 27 63;
set Last[34] := 28 64;
set Last[35] := 30 66;
set Last[36] := 31 67;
set Last[37] := 32 68;
set Last[38] := 33 69;
set Last[39] := 34 70;
set Last[40] := 35 71;
set Last[41] := 1 37;
set Last[42] := 7 43;
set Last[43] := 8 44;
set Last[44] := 9 45;
set Last[45] := 12 48;
set Last[46] := 13 49;
set Last[47] := 15 51;
set Last[48] := 18 54;
set Last[49] := 21 57;
set Last[50] := 22 58;
set Last[51] := 25 61;
set Last[52] := 27 63;
set Last[53] := 28 64;
set Last[54] := 30 66;
set Last[55] := 31 67;
set Last[56] := 32 68;
set Last[57] := 33 69;
set Last[58] := 34 70;
set Last[59] := 35 71;
set Last[60] := 1 37;
set Last[61] := 2 38;
set Last[62] := 5 41;
set Last[63] := 7 43;
set Last[64] := 8 44;
set Last[65] := 9 45;
set Last[66] := 10 46;
set Last[67] := 11 47;
set Last[68] := 12 48;
set Last[69] := 13 49;
set Last[70] := 14 50;
set Last[71] := 15 51;
set Last[72] := 17 53;
set Last[73] := 18 54;
set Last[74] := 20 56;
set Last[75] := 21 57;
set Last[76] := 22 58;
set Last[77] := 23 59;
set Last[78] := 24 60;
set Last[79] := 25 61;
set Last[80] := 26 62;
set Last[81] := 27 63;
set Last[82] := 28 64;
set Last[83] := 29 65;
set Last[84] := 30 66;
set Last[85] := 31 67;
set Last[86] := 32 68;
set Last[87] := 33 69;
set Last[88] := 34 70;
set Last[89] := 35 71;
set Last[90] := 36 72;
set Last[91] := 7 43;
set Last[92] := 22 58;
set Last[93] := 27 63;
set Last[94] := 28 64;
set Last[95] := 31 67;
set Last[96] := 32 68;
set Last[97] := 34 70;
set Last[98] := 35 71;
set Last[99] := 1 37;
set Last[100] := 2 38;
set Last[101] := 4 40;
set Last[102] := 5 41;
set Last[103] := 7 43;
set Last[104] := 8 44;
set Last[105] := 9 45;
set Last[106] := 11 47;
set Last[107] := 12 48;
set Last[108] := 13 49;
set Last[109] := 14 50;
set Last[110] := 15 51;
set Last[111] := 17 53;
set Last[112] := 18 54;
set Last[113] := 21 57;
set Last[114] := 22 58;
set Last[115] := 23 59;
set Last[116] := 24 60;
set Last[117] := 25 61;
set Last[118] := 26 62;
set Last[119] := 27 63;
set Last[120] := 28 64;
set Last[121] := 29 65;
set Last[122] := 30 66;
set Last[123] := 31 67;
set Last[124] := 32 68;
set Last[125] := 33 69;
set Last[126] := 34 70;
set Last[127] := 35 71;
set Last[128] := 1 37;
set Last[129] := 2 38;
set Last[130] := 3 39;
set Last[131] := 4 40;
set Last[132] := 5 41;
set Last[133] := 6 42;
set Last[134] := 8 44;
set Last[135] := 9 45;
set Last[136] := 10 46;
set Last[137] := 11 47;
set Last[138] := 12 48;
set Last[139] := 13 49;
set Last[140] := 14 50;
set Last[141] := 15 51;
set Last[142] := 16 52;
set Last[143] := 17 53;
set Last[144] := 18 54;
set Last[145] := 20 56;
set Last[146] := 21 57;
set Last[147] := 22 58;
set Last[148] := 23 59;
set Last[149] := 24 60;
set Last[150] := 25 61;
set Last[151] := 26 62;
set Last[152] := 27 63;
set Last[153] := 28 64;
set Last[154] := 29 65;
set Last[155] := 30 66;
set Last[156] := 31 67;
set Last[157] := 32 68;
set Last[158] := 33 69;
set Last[159] := 34 70;
set Last[160] := 35 71;
set Last[161] := 36 72;
set Last[162] := 1 37;
set Last[163] := 7 43;
set Last[164] := 9 45;
set Last[165] := 12 48;
set Last[166] := 13 49;
set Last[167] := 15 51;
set Last[168] := 18 54;
set Last[169] := 21 57;
set Last[170] := 22 58;
set Last[171] := 25 61;
set Last[172] := 27 63;
set Last[173] := 28 64;
set Last[174] := 30 66;
set Last[175] := 31 67;
set Last[176] := 32 68;
set Last[177] := 34 70;
set Last[178] := 35 71;
set Last[179] := 7 43;
set Last[180] := 27 63;
set Last[181] := 31 67;
set Last[182] := 34 70;
set Last[183] := 35 71;
set Last[184] := 1 37;
set Last[185] := 7 43;
set Last[186] := 8 44;
set Last[187] := 9 45;
set Last[188] := 11 47;
set Last[189] := 12 48;
set Last[190] := 13 49;
set Last[191] := 15 51;
set Last[192] := 18 54;
set Last[193] := 21 57;
set Last[194] := 22 58;
set Last[195] := 24 60;
set Last[196] := 25 61;
set Last[197] := 26 62;
set Last[198] := 27 63;
set Last[199] := 28 64;
set Last[200] := 30 66;
set Last[201] := 31 67;
set Last[202] := 32 68;
set Last[203] := 33 69;
set Last[204] := 34 70;
set Last[205] := 35 71;
set Last[206] := 31 67;
set Last[207] := 7 43;
set Last[208] := 22 58;
set Last[209] := 27 63;
set Last[210] := 28 64;
set Last[211] := 31 67;
set Last[212] := 32 68;
set Last[213] := 34 70;
set Last[214] := 35 71;
set Last[215] := 7 43;
set Last[216] := 8 44;
set Last[217] := 18 54;
set Last[218] := 21 57;
set Last[219] := 22 58;
set Last[220] := 25 61;
set Last[221] := 27 63;
set Last[222] := 28 64;
set Last[223] := 31 67;
set Last[224] := 32 68;
set Last[225] := 34 70;
set Last[226] := 35 71;
set Last[227] := 7 43;
set Last[228] := 22 58;
set Last[229] := 27 63;
set Last[230] := 28 64;
set Last[231] := 31 67;
set Last[232] := 32 68;
set Last[233] := 34 70;
set Last[234] := 35 71;
set Last[235] := 7 43;
set Last[236] := 27 63;
set Last[237] := 31 67;
set Last[238] := 34 70;
set Last[239] := 35 71;
set Last[240] := 7 43;
set Last[241] := 22 58;
set Last[242] := 27 63;
set Last[243] := 28 64;
set Last[244] := 31 67;
set Last[245] := 32 68;
set Last[246] := 34 70;
set Last[247] := 35 71;
set Last[248] := 31 67;
set Last[249] := 7 43;
set Last[250] := 8 44;
set Last[251] := 13 49;
set Last[252] := 18 54;
set Last[253] := 21 57;
set Last[254] := 22 58;
set Last[255] := 25 61;
set Last[256] := 27 63;
set Last[257] := 28 64;
set Last[258] := 31 67;
set Last[259] := 32 68;
set Last[260] := 34 70;
set Last[261] := 35 71;
set Last[262] := 1 37;
set Last[263] := 7 43;
set Last[264] := 8 44;
set Last[265] := 9 45;
set Last[266] := 11 47;
set Last[267] := 12 48;
set Last[268] := 13 49;
set Last[269] := 15 51;
set Last[270] := 18 54;
set Last[271] := 22 58;
set Last[272] := 24 60;
set Last[273] := 25 61;
set Last[274] := 26 62;
set Last[275] := 27 63;
set Last[276] := 28 64;
set Last[277] := 30 66;
set Last[278] := 31 67;
set Last[279] := 32 68;
set Last[280] := 33 69;
set Last[281] := 34 70;
set Last[282] := 35 71;
set Last[283] := 1 37;
set Last[284] := 7 43;
set Last[285] := 8 44;
set Last[286] := 9 45;
set Last[287] := 12 48;
set Last[288] := 13 49;
set Last[289] := 15 51;
set Last[290] := 18 54;
set Last[291] := 21 57;
set Last[292] := 25 61;
set Last[293] := 27 63;
set Last[294] := 28 64;
set Last[295] := 30 66;
set Last[296] := 31 67;
set Last[297] := 32 68;
set Last[298] := 34 70;
set Last[299] := 35 71;
set Last[300] := 7 43;
set Last[301] := 8 44;
set Last[302] := 18 54;
set Last[303] := 21 57;
set Last[304] := 22 58;
set Last[305] := 25 61;
set Last[306] := 27 63;
set Last[307] := 28 64;
set Last[308] := 31 67;
set Last[309] := 32 68;
set Last[310] := 34 70;
set Last[311] := 35 71;
set Last[312] := 7 43;
set Last[313] := 8 44;
set Last[314] := 18 54;
set Last[315] := 21 57;
set Last[316] := 22 58;
set Last[317] := 25 61;
set Last[318] := 27 63;
set Last[319] := 28 64;
set Last[320] := 31 67;
set Last[321] := 32 68;
set Last[322] := 34 70;
set Last[323] := 35 71;
set Last[324] := 1 37;
set Last[325] := 4 40;
set Last[326] := 7 43;
set Last[327] := 8 44;
set Last[328] := 9 45;
set Last[329] := 11 47;
set Last[330] := 12 48;
set Last[331] := 13 49;
set Last[332] := 15 51;
set Last[333] := 17 53;
set Last[334] := 18 54;
set Last[335] := 21 57;
set Last[336] := 22 58;
set Last[337] := 24 60;
set Last[338] := 26 62;
set Last[339] := 27 63;
set Last[340] := 28 64;
set Last[341] := 30 66;
set Last[342] := 31 67;
set Last[343] := 32 68;
set Last[344] := 33 69;
set Last[345] := 34 70;
set Last[346] := 35 71;
set Last[347] := 1 37;
set Last[348] := 4 40;
set Last[349] := 7 43;
set Last[350] := 8 44;
set Last[351] := 9 45;
set Last[352] := 11 47;
set Last[353] := 12 48;
set Last[354] := 13 49;
set Last[355] := 14 50;
set Last[356] := 15 51;
set Last[357] := 17 53;
set Last[358] := 18 54;
set Last[359] := 21 57;
set Last[360] := 22 58;
set Last[361] := 23 59;
set Last[362] := 24 60;
set Last[363] := 25 61;
set Last[364] := 26 62;
set Last[365] := 28 64;
set Last[366] := 29 65;
set Last[367] := 30 66;
set Last[368] := 31 67;
set Last[369] := 32 68;
set Last[370] := 33 69;
set Last[371] := 34 70;
set Last[372] := 35 71;
set Last[373] := 1 37;
set Last[374] := 7 43;
set Last[375] := 8 44;
set Last[376] := 9 45;
set Last[377] := 12 48;
set Last[378] := 13 49;
set Last[379] := 15 51;
set Last[380] := 18 54;
set Last[381] := 21 57;
set Last[382] := 22 58;
set Last[383] := 25 61;
set Last[384] := 27 63;
set Last[385] := 30 66;
set Last[386] := 31 67;
set Last[387] := 32 68;
set Last[388] := 34 70;
set Last[389] := 35 71;
set Last[390] := 7 43;
set Last[391] := 22 58;
set Last[392] := 27 63;
set Last[393] := 28 64;
set Last[394] := 31 67;
set Last[395] := 32 68;
set Last[396] := 34 70;
set Last[397] := 35 71;
set Last[398] := 7 43;
set Last[399] := 22 58;
set Last[400] := 27 63;
set Last[401] := 28 64;
set Last[402] := 31 67;
set Last[403] := 32 68;
set Last[404] := 34 70;
set Last[405] := 35 71;
set Last[406] := 1 37;
set Last[407] := 2 38;
set Last[408] := 4 40;
set Last[409] := 5 41;
set Last[410] := 7 43;
set Last[411] := 8 44;
set Last[412] := 9 45;
set Last[413] := 10 46;
set Last[414] := 11 47;
set Last[415] := 12 48;
set Last[416] := 13 49;
set Last[417] := 14 50;
set Last[418] := 15 51;
set Last[419] := 17 53;
set Last[420] := 18 54;
set Last[421] := 20 56;
set Last[422] := 21 57;
set Last[423] := 22 58;
set Last[424] := 23 59;
set Last[425] := 24 60;
set Last[426] := 25 61;
set Last[427] := 26 62;
set Last[428] := 27 63;
set Last[429] := 28 64;
set Last[430] := 29 65;
set Last[431] := 30 66;
set Last[432] := 32 68;
set Last[433] := 33 69;
set Last[434] := 34 70;
set Last[435] := 35 71;
set Last[436] := 36 72;
set Last[437] := 31 67;
set Last[438] := 1 37;
set Last[439] := 4 40;
set Last[440] := 7 43;
set Last[441] := 8 44;
set Last[442] := 9 45;
set Last[443] := 11 47;
set Last[444] := 12 48;
set Last[445] := 13 49;
set Last[446] := 15 51;
set Last[447] := 17 53;
set Last[448] := 18 54;
set Last[449] := 21 57;
set Last[450] := 22 58;
set Last[451] := 24 60;
set Last[452] := 25 61;
set Last[453] := 26 62;
set Last[454] := 27 63;
set Last[455] := 28 64;
set Last[456] := 29 65;
set Last[457] := 30 66;
set Last[458] := 31 67;
set Last[459] := 32 68;
set Last[460] := 34 70;
set Last[461] := 35 71;
set Last[462] := 1 37;
set Last[463] := 7 43;
set Last[464] := 8 44;
set Last[465] := 9 45;
set Last[466] := 11 47;
set Last[467] := 12 48;
set Last[468] := 13 49;
set Last[469] := 15 51;
set Last[470] := 18 54;
set Last[471] := 21 57;
set Last[472] := 22 58;
set Last[473] := 24 60;
set Last[474] := 25 61;
set Last[475] := 26 62;
set Last[476] := 27 63;
set Last[477] := 28 64;
set Last[478] := 30 66;
set Last[479] := 31 67;
set Last[480] := 32 68;
set Last[481] := 33 69;
set Last[482] := 35 71;
set Last[483] := 1 37;
set Last[484] := 7 43;
set Last[485] := 8 44;
set Last[486] := 9 45;
set Last[487] := 12 48;
set Last[488] := 13 49;
set Last[489] := 15 51;
set Last[490] := 18 54;
set Last[491] := 21 57;
set Last[492] := 22 58;
set Last[493] := 24 60;
set Last[494] := 25 61;
set Last[495] := 27 63;
set Last[496] := 28 64;
set Last[497] := 30 66;
set Last[498] := 31 67;
set Last[499] := 32 68;
set Last[500] := 33 69;
set Last[501] := 34 70;
set Last[502] := 7 43;
set Last[503] := 27 63;
set Last[504] := 31 67;
set Last[505] := 34 70;
set Last[506] := 35 71;

param q := 5;

end;
