data;

set V := 1 2 3 4 5 6 7 8 9 10 11 12 13 14 15 16 17 18 19 20 21 22 23 24 25 26 27 29 31 32 33 34 35 36 37 38 39 40 41 42 43 44 45 46 47 48 49 50 51 52 53 54 55;

set A := 1 14
         1 29
         2 14
         3 21
         3 31
         4 23
         4 32
         5 15
         5 33
         6 26
         6 34
         7 14
         7 35
         8 21
         8 36
         9 12
         9 37
         10 11
         10 23
         10 38
         11 10
         11 15
         11 39
         12 9
         12 25
         12 40
         13 25
         13 41
         14 1
         14 7
         14 17
         14 21
         14 26
         14 42
         15 5
         15 11
         15 16
         15 21
         15 25
         15 43
         16 15
         16 17
         16 19
         16 21
         16 44
         17 14
         17 16
         17 45
         18 20
         18 46
         19 16
         19 47
         20 18
         20 21
         20 48
         21 3
         21 8
         21 14
         21 15
         21 16
         21 20
         21 24
         21 25
         21 27
         21 49
         22 23
         22 50
         23 4
         23 10
         23 22
         23 51
         24 21
         24 52
         25 12
         25 13
         25 15
         25 21
         25 53
         26 6
         26 14
         26 54
         27 21
         27 55
         ;

set S := 1 2 3 4 5 6 7 8 9 10 11 12 13 14 15 16 17 18 19 20 21 22 23 24 25 26 27 28 29 30 31 32 33 34 35 36 37 38 39 40 41 42 43 44 45 46 47 48 49 50 51 52 53 54 55 56 57 58 59 60 61 62 63 64 65 66 67 68 69 70 71 72 73 74 75 76 77 78 79 80 81 82 83 84 85 86 87 88 89 90 91 92 93 94 95 96 97 98 99 100 101 102 103 104 105 106 107 108 109 110 111 112 113 114 115 116 117 118 119 120 121 122 123 124 125 126 127 128 129 130 131 132 133 134 135 136 137 138 139 140 141 142 143 144 145 146 147 148 149 150 151 152 153 154 155 156 157 158 159 160 161 162 163 164 165 166 167 168 169 170 171 172 173 174 175 176 177 178 179 180 181 182 183 184 185 186 187 188 189 190 191 192 193 194 195 196 197 198 199 200 201 202 203 204 205 206 207 208 209 210 211 212 213 214 215 216 217 218 219 220 221 222 223 224 225 226 227 228 229 230 231 232 233 234 235 236 237 238 239 240 241 242 243 244 245 246 247 248 249 250 251 252 253 254 255 256 257 258 259 260 261 262 263 264 265 266 267 268 269 270 271 272 273 274 275 276 277 278 279 280 281 282 283 284 285 286 287 288 289 290 291 292 293 294 295 296 297 298 299 300 301 302 303 304 305 306 307 308 309 310 311 312 313 314 315 316 317 318 319 320 321 322 323 324 325 326 327 328 329 330 331 332 333 334 335 336 337 338 339 340 341 342 343 344 345 346 347 348 349 350 351 352 353 354 355 356 357 358 359 360 361 362 363 364 365 366 367 368 369 370 371 372 373 374 375 376 377 378 379 380 381 382 383 384 385 386 387 388 389 390 391 392 393 394 395 396 397 398 399 400 401 402 403 404 405 406 407 408 409 410 411 412 413 414 415 416 417 418 419 420 421 422 423 424 425 426 427 428 429 430 431 432 433 434 435 436 437 438 439 440 441 442 443 444 445 446 447 448 449 450 451 452 453 454 455 456 457 458 459 460 461 462 463 464 465 466 467 468 469 470 471 472 473 474 475 476 477 478 479 480 481 482 483 484 485 486 487 488 489 490 491 492 493 494 495 496 497 498 499 500 501 502 503 504 505 506 507 508 509 510 511 512 513 514 515 516 517 518 519 520 521 522 523 524 525 526 527 528 529 530 531 532 533 534 535 536 537 538 539 540 541 542 543 544 545 546 547 548 549 550 551 552 553 554 555 556 557 558 559 560 561 562;

set F[1] := 1 14
            14 21
            21 3
            3 31
            ;
set F[2] := 1 14
            14 21
            21 15
            15 11
            11 10
            10 23
            23 4
            4 32
            ;
set F[3] := 1 14
            14 21
            21 15
            15 5
            5 33
            ;
set F[4] := 1 14
            14 26
            26 6
            6 34
            ;
set F[5] := 1 14
            14 7
            7 35
            ;
set F[6] := 1 14
            14 21
            21 8
            8 36
            ;
set F[7] := 1 14
            14 21
            21 25
            25 12
            12 9
            9 37
            ;
set F[8] := 1 14
            14 21
            21 15
            15 11
            11 10
            10 38
            ;
set F[9] := 1 14
            14 21
            21 15
            15 11
            11 39
            ;
set F[10] := 1 14
             14 21
             21 25
             25 12
             12 40
             ;
set F[11] := 1 14
             14 21
             21 25
             25 13
             13 41
             ;
set F[12] := 1 14
             14 42
             ;
set F[13] := 1 14
             14 21
             21 15
             15 43
             ;
set F[14] := 1 14
             14 17
             17 45
             ;
set F[15] := 1 14
             14 21
             21 20
             20 18
             18 46
             ;
set F[16] := 1 14
             14 17
             17 16
             16 19
             19 47
             ;
set F[17] := 1 14
             14 21
             21 20
             20 48
             ;
set F[18] := 1 14
             14 21
             21 49
             ;
set F[19] := 1 14
             14 21
             21 15
             15 11
             11 10
             10 23
             23 22
             22 50
             ;
set F[20] := 1 14
             14 21
             21 15
             15 11
             11 10
             10 23
             23 51
             ;
set F[21] := 1 14
             14 21
             21 24
             24 52
             ;
set F[22] := 1 14
             14 21
             21 25
             25 53
             ;
set F[23] := 1 14
             14 26
             26 54
             ;
set F[24] := 1 14
             14 21
             21 27
             27 55
             ;
set F[25] := 2 14
             14 21
             21 15
             15 11
             11 10
             10 23
             23 4
             4 32
             ;
set F[26] := 2 14
             14 21
             21 15
             15 11
             11 10
             10 38
             ;
set F[27] := 2 14
             14 42
             ;
set F[28] := 2 14
             14 21
             21 15
             15 43
             ;
set F[29] := 2 14
             14 17
             17 45
             ;
set F[30] := 2 14
             14 21
             21 20
             20 18
             18 46
             ;
set F[31] := 2 14
             14 21
             21 20
             20 48
             ;
set F[32] := 2 14
             14 21
             21 49
             ;
set F[33] := 2 14
             14 21
             21 15
             15 11
             11 10
             10 23
             23 51
             ;
set F[34] := 2 14
             14 21
             21 24
             24 52
             ;
set F[35] := 3 21
             21 14
             14 1
             1 29
             ;
set F[36] := 3 21
             21 15
             15 11
             11 10
             10 23
             23 4
             4 32
             ;
set F[37] := 3 21
             21 15
             15 5
             5 33
             ;
set F[38] := 3 21
             21 14
             14 26
             26 6
             6 34
             ;
set F[39] := 3 21
             21 14
             14 7
             7 35
             ;
set F[40] := 3 21
             21 8
             8 36
             ;
set F[41] := 3 21
             21 25
             25 12
             12 9
             9 37
             ;
set F[42] := 3 21
             21 15
             15 11
             11 10
             10 38
             ;
set F[43] := 3 21
             21 15
             15 11
             11 39
             ;
set F[44] := 3 21
             21 25
             25 12
             12 40
             ;
set F[45] := 3 21
             21 25
             25 13
             13 41
             ;
set F[46] := 3 21
             21 14
             14 42
             ;
set F[47] := 3 21
             21 15
             15 43
             ;
set F[48] := 3 21
             21 14
             14 17
             17 45
             ;
set F[49] := 3 21
             21 20
             20 18
             18 46
             ;
set F[50] := 3 21
             21 16
             16 19
             19 47
             ;
set F[51] := 3 21
             21 20
             20 48
             ;
set F[52] := 3 21
             21 49
             ;
set F[53] := 3 21
             21 15
             15 11
             11 10
             10 23
             23 22
             22 50
             ;
set F[54] := 3 21
             21 15
             15 11
             11 10
             10 23
             23 51
             ;
set F[55] := 3 21
             21 24
             24 52
             ;
set F[56] := 3 21
             21 25
             25 53
             ;
set F[57] := 3 21
             21 14
             14 26
             26 54
             ;
set F[58] := 3 21
             21 27
             27 55
             ;
set F[59] := 4 23
             23 10
             10 11
             11 15
             15 21
             21 14
             14 1
             1 29
             ;
set F[60] := 4 23
             23 10
             10 11
             11 15
             15 21
             21 3
             3 31
             ;
set F[61] := 4 23
             23 10
             10 11
             11 15
             15 5
             5 33
             ;
set F[62] := 4 23
             23 10
             10 11
             11 15
             15 21
             21 14
             14 26
             26 6
             6 34
             ;
set F[63] := 4 23
             23 10
             10 11
             11 15
             15 21
             21 14
             14 7
             7 35
             ;
set F[64] := 4 23
             23 10
             10 11
             11 15
             15 21
             21 8
             8 36
             ;
set F[65] := 4 23
             23 10
             10 11
             11 15
             15 25
             25 12
             12 9
             9 37
             ;
set F[66] := 4 23
             23 10
             10 38
             ;
set F[67] := 4 23
             23 10
             10 11
             11 39
             ;
set F[68] := 4 23
             23 10
             10 11
             11 15
             15 25
             25 12
             12 40
             ;
set F[69] := 4 23
             23 10
             10 11
             11 15
             15 25
             25 13
             13 41
             ;
set F[70] := 4 23
             23 10
             10 11
             11 15
             15 21
             21 14
             14 42
             ;
set F[71] := 4 23
             23 10
             10 11
             11 15
             15 43
             ;
set F[72] := 4 23
             23 10
             10 11
             11 15
             15 16
             16 17
             17 45
             ;
set F[73] := 4 23
             23 10
             10 11
             11 15
             15 21
             21 20
             20 18
             18 46
             ;
set F[74] := 4 23
             23 10
             10 11
             11 15
             15 16
             16 19
             19 47
             ;
set F[75] := 4 23
             23 10
             10 11
             11 15
             15 21
             21 20
             20 48
             ;
set F[76] := 4 23
             23 10
             10 11
             11 15
             15 21
             21 49
             ;
set F[77] := 4 23
             23 22
             22 50
             ;
set F[78] := 4 23
             23 51
             ;
set F[79] := 4 23
             23 10
             10 11
             11 15
             15 21
             21 24
             24 52
             ;
set F[80] := 4 23
             23 10
             10 11
             11 15
             15 25
             25 53
             ;
set F[81] := 4 23
             23 10
             10 11
             11 15
             15 21
             21 14
             14 26
             26 54
             ;
set F[82] := 4 23
             23 10
             10 11
             11 15
             15 21
             21 27
             27 55
             ;
set F[83] := 5 15
             15 21
             21 14
             14 1
             1 29
             ;
set F[84] := 5 15
             15 11
             11 10
             10 23
             23 4
             4 32
             ;
set F[85] := 5 15
             15 21
             21 14
             14 7
             7 35
             ;
set F[86] := 5 15
             15 21
             21 8
             8 36
             ;
set F[87] := 5 15
             15 11
             11 10
             10 38
             ;
set F[88] := 5 15
             15 11
             11 39
             ;
set F[89] := 5 15
             15 25
             25 12
             12 40
             ;
set F[90] := 5 15
             15 25
             25 13
             13 41
             ;
set F[91] := 5 15
             15 21
             21 14
             14 42
             ;
set F[92] := 5 15
             15 43
             ;
set F[93] := 5 15
             15 16
             16 17
             17 45
             ;
set F[94] := 5 15
             15 21
             21 20
             20 18
             18 46
             ;
set F[95] := 5 15
             15 16
             16 19
             19 47
             ;
set F[96] := 5 15
             15 21
             21 20
             20 48
             ;
set F[97] := 5 15
             15 21
             21 49
             ;
set F[98] := 5 15
             15 11
             11 10
             10 23
             23 22
             22 50
             ;
set F[99] := 5 15
             15 11
             11 10
             10 23
             23 51
             ;
set F[100] := 5 15
              15 21
              21 24
              24 52
              ;
set F[101] := 5 15
              15 25
              25 53
              ;
set F[102] := 5 15
              15 21
              21 14
              14 26
              26 54
              ;
set F[103] := 5 15
              15 21
              21 27
              27 55
              ;
set F[104] := 6 26
              26 14
              14 1
              1 29
              ;
set F[105] := 6 26
              26 14
              14 21
              21 3
              3 31
              ;
set F[106] := 6 26
              26 14
              14 21
              21 15
              15 11
              11 10
              10 23
              23 4
              4 32
              ;
set F[107] := 6 26
              26 14
              14 21
              21 15
              15 5
              5 33
              ;
set F[108] := 6 26
              26 14
              14 7
              7 35
              ;
set F[109] := 6 26
              26 14
              14 21
              21 8
              8 36
              ;
set F[110] := 6 26
              26 14
              14 21
              21 25
              25 12
              12 9
              9 37
              ;
set F[111] := 6 26
              26 14
              14 21
              21 15
              15 11
              11 10
              10 38
              ;
set F[112] := 6 26
              26 14
              14 21
              21 15
              15 11
              11 39
              ;
set F[113] := 6 26
              26 14
              14 21
              21 25
              25 12
              12 40
              ;
set F[114] := 6 26
              26 14
              14 21
              21 25
              25 13
              13 41
              ;
set F[115] := 6 26
              26 14
              14 42
              ;
set F[116] := 6 26
              26 14
              14 21
              21 15
              15 43
              ;
set F[117] := 6 26
              26 14
              14 17
              17 45
              ;
set F[118] := 6 26
              26 14
              14 21
              21 20
              20 18
              18 46
              ;
set F[119] := 6 26
              26 14
              14 17
              17 16
              16 19
              19 47
              ;
set F[120] := 6 26
              26 14
              14 21
              21 20
              20 48
              ;
set F[121] := 6 26
              26 14
              14 21
              21 49
              ;
set F[122] := 6 26
              26 14
              14 21
              21 15
              15 11
              11 10
              10 23
              23 22
              22 50
              ;
set F[123] := 6 26
              26 14
              14 21
              21 15
              15 11
              11 10
              10 23
              23 51
              ;
set F[124] := 6 26
              26 14
              14 21
              21 24
              24 52
              ;
set F[125] := 6 26
              26 14
              14 21
              21 25
              25 53
              ;
set F[126] := 6 26
              26 54
              ;
set F[127] := 6 26
              26 14
              14 21
              21 27
              27 55
              ;
set F[128] := 7 14
              14 1
              1 29
              ;
set F[129] := 7 14
              14 21
              21 3
              3 31
              ;
set F[130] := 7 14
              14 21
              21 15
              15 11
              11 10
              10 23
              23 4
              4 32
              ;
set F[131] := 7 14
              14 21
              21 15
              15 5
              5 33
              ;
set F[132] := 7 14
              14 26
              26 6
              6 34
              ;
set F[133] := 7 14
              14 21
              21 8
              8 36
              ;
set F[134] := 7 14
              14 21
              21 25
              25 12
              12 9
              9 37
              ;
set F[135] := 7 14
              14 21
              21 15
              15 11
              11 10
              10 38
              ;
set F[136] := 7 14
              14 21
              21 15
              15 11
              11 39
              ;
set F[137] := 7 14
              14 21
              21 25
              25 12
              12 40
              ;
set F[138] := 7 14
              14 21
              21 25
              25 13
              13 41
              ;
set F[139] := 7 14
              14 42
              ;
set F[140] := 7 14
              14 21
              21 15
              15 43
              ;
set F[141] := 7 14
              14 17
              17 45
              ;
set F[142] := 7 14
              14 21
              21 20
              20 18
              18 46
              ;
set F[143] := 7 14
              14 17
              17 16
              16 19
              19 47
              ;
set F[144] := 7 14
              14 21
              21 20
              20 48
              ;
set F[145] := 7 14
              14 21
              21 49
              ;
set F[146] := 7 14
              14 21
              21 15
              15 11
              11 10
              10 23
              23 22
              22 50
              ;
set F[147] := 7 14
              14 21
              21 15
              15 11
              11 10
              10 23
              23 51
              ;
set F[148] := 7 14
              14 21
              21 24
              24 52
              ;
set F[149] := 7 14
              14 21
              21 25
              25 53
              ;
set F[150] := 7 14
              14 26
              26 54
              ;
set F[151] := 7 14
              14 21
              21 27
              27 55
              ;
set F[152] := 8 21
              21 15
              15 11
              11 10
              10 38
              ;
set F[153] := 8 21
              21 14
              14 42
              ;
set F[154] := 8 21
              21 15
              15 43
              ;
set F[155] := 8 21
              21 14
              14 17
              17 45
              ;
set F[156] := 8 21
              21 20
              20 48
              ;
set F[157] := 8 21
              21 49
              ;
set F[158] := 8 21
              21 15
              15 11
              11 10
              10 23
              23 51
              ;
set F[159] := 8 21
              21 24
              24 52
              ;
set F[160] := 9 12
              12 25
              25 21
              21 14
              14 1
              1 29
              ;
set F[161] := 9 12
              12 25
              25 21
              21 3
              3 31
              ;
set F[162] := 9 12
              12 25
              25 15
              15 11
              11 10
              10 23
              23 4
              4 32
              ;
set F[163] := 9 12
              12 25
              25 15
              15 5
              5 33
              ;
set F[164] := 9 12
              12 25
              25 21
              21 14
              14 26
              26 6
              6 34
              ;
set F[165] := 9 12
              12 25
              25 21
              21 14
              14 7
              7 35
              ;
set F[166] := 9 12
              12 25
              25 21
              21 8
              8 36
              ;
set F[167] := 9 12
              12 25
              25 15
              15 11
              11 10
              10 38
              ;
set F[168] := 9 12
              12 25
              25 15
              15 11
              11 39
              ;
set F[169] := 9 12
              12 40
              ;
set F[170] := 9 12
              12 25
              25 13
              13 41
              ;
set F[171] := 9 12
              12 25
              25 21
              21 14
              14 42
              ;
set F[172] := 9 12
              12 25
              25 15
              15 43
              ;
set F[173] := 9 12
              12 25
              25 15
              15 16
              16 17
              17 45
              ;
set F[174] := 9 12
              12 25
              25 21
              21 20
              20 18
              18 46
              ;
set F[175] := 9 12
              12 25
              25 15
              15 16
              16 19
              19 47
              ;
set F[176] := 9 12
              12 25
              25 21
              21 20
              20 48
              ;
set F[177] := 9 12
              12 25
              25 21
              21 49
              ;
set F[178] := 9 12
              12 25
              25 15
              15 11
              11 10
              10 23
              23 22
              22 50
              ;
set F[179] := 9 12
              12 25
              25 15
              15 11
              11 10
              10 23
              23 51
              ;
set F[180] := 9 12
              12 25
              25 21
              21 24
              24 52
              ;
set F[181] := 9 12
              12 25
              25 53
              ;
set F[182] := 9 12
              12 25
              25 21
              21 14
              14 26
              26 54
              ;
set F[183] := 9 12
              12 25
              25 21
              21 27
              27 55
              ;
set F[184] := 10 11
              11 15
              15 21
              21 14
              14 1
              1 29
              ;
set F[185] := 10 11
              11 15
              15 21
              21 3
              3 31
              ;
set F[186] := 10 23
              23 4
              4 32
              ;
set F[187] := 10 11
              11 15
              15 5
              5 33
              ;
set F[188] := 10 11
              11 15
              15 21
              21 14
              14 26
              26 6
              6 34
              ;
set F[189] := 10 11
              11 15
              15 21
              21 14
              14 7
              7 35
              ;
set F[190] := 10 11
              11 15
              15 21
              21 8
              8 36
              ;
set F[191] := 10 11
              11 15
              15 25
              25 12
              12 9
              9 37
              ;
set F[192] := 10 11
              11 39
              ;
set F[193] := 10 11
              11 15
              15 25
              25 12
              12 40
              ;
set F[194] := 10 11
              11 15
              15 25
              25 13
              13 41
              ;
set F[195] := 10 11
              11 15
              15 21
              21 14
              14 42
              ;
set F[196] := 10 11
              11 15
              15 43
              ;
set F[197] := 10 11
              11 15
              15 16
              16 44
              ;
set F[198] := 10 11
              11 15
              15 16
              16 17
              17 45
              ;
set F[199] := 10 11
              11 15
              15 21
              21 20
              20 18
              18 46
              ;
set F[200] := 10 11
              11 15
              15 16
              16 19
              19 47
              ;
set F[201] := 10 11
              11 15
              15 21
              21 20
              20 48
              ;
set F[202] := 10 11
              11 15
              15 21
              21 49
              ;
set F[203] := 10 23
              23 22
              22 50
              ;
set F[204] := 10 23
              23 51
              ;
set F[205] := 10 11
              11 15
              15 21
              21 24
              24 52
              ;
set F[206] := 10 11
              11 15
              15 25
              25 53
              ;
set F[207] := 10 11
              11 15
              15 21
              21 14
              14 26
              26 54
              ;
set F[208] := 10 11
              11 15
              15 21
              21 27
              27 55
              ;
set F[209] := 11 15
              15 21
              21 14
              14 1
              1 29
              ;
set F[210] := 11 15
              15 21
              21 3
              3 31
              ;
set F[211] := 11 10
              10 23
              23 4
              4 32
              ;
set F[212] := 11 15
              15 5
              5 33
              ;
set F[213] := 11 15
              15 21
              21 14
              14 26
              26 6
              6 34
              ;
set F[214] := 11 15
              15 21
              21 14
              14 7
              7 35
              ;
set F[215] := 11 15
              15 21
              21 8
              8 36
              ;
set F[216] := 11 15
              15 25
              25 12
              12 9
              9 37
              ;
set F[217] := 11 10
              10 38
              ;
set F[218] := 11 15
              15 25
              25 12
              12 40
              ;
set F[219] := 11 15
              15 25
              25 13
              13 41
              ;
set F[220] := 11 15
              15 21
              21 14
              14 42
              ;
set F[221] := 11 15
              15 43
              ;
set F[222] := 11 15
              15 16
              16 44
              ;
set F[223] := 11 15
              15 16
              16 17
              17 45
              ;
set F[224] := 11 15
              15 21
              21 20
              20 18
              18 46
              ;
set F[225] := 11 15
              15 16
              16 19
              19 47
              ;
set F[226] := 11 15
              15 21
              21 20
              20 48
              ;
set F[227] := 11 15
              15 21
              21 49
              ;
set F[228] := 11 10
              10 23
              23 22
              22 50
              ;
set F[229] := 11 10
              10 23
              23 51
              ;
set F[230] := 11 15
              15 21
              21 24
              24 52
              ;
set F[231] := 11 15
              15 25
              25 53
              ;
set F[232] := 11 15
              15 21
              21 14
              14 26
              26 54
              ;
set F[233] := 11 15
              15 21
              21 27
              27 55
              ;
set F[234] := 12 25
              25 21
              21 14
              14 1
              1 29
              ;
set F[235] := 12 25
              25 21
              21 3
              3 31
              ;
set F[236] := 12 25
              25 15
              15 11
              11 10
              10 23
              23 4
              4 32
              ;
set F[237] := 12 25
              25 15
              15 5
              5 33
              ;
set F[238] := 12 25
              25 21
              21 14
              14 26
              26 6
              6 34
              ;
set F[239] := 12 25
              25 21
              21 14
              14 7
              7 35
              ;
set F[240] := 12 25
              25 21
              21 8
              8 36
              ;
set F[241] := 12 9
              9 37
              ;
set F[242] := 12 25
              25 15
              15 11
              11 10
              10 38
              ;
set F[243] := 12 25
              25 15
              15 11
              11 39
              ;
set F[244] := 12 25
              25 13
              13 41
              ;
set F[245] := 12 25
              25 21
              21 14
              14 42
              ;
set F[246] := 12 25
              25 15
              15 43
              ;
set F[247] := 12 25
              25 15
              15 16
              16 17
              17 45
              ;
set F[248] := 12 25
              25 21
              21 20
              20 18
              18 46
              ;
set F[249] := 12 25
              25 15
              15 16
              16 19
              19 47
              ;
set F[250] := 12 25
              25 21
              21 20
              20 48
              ;
set F[251] := 12 25
              25 21
              21 49
              ;
set F[252] := 12 25
              25 15
              15 11
              11 10
              10 23
              23 22
              22 50
              ;
set F[253] := 12 25
              25 15
              15 11
              11 10
              10 23
              23 51
              ;
set F[254] := 12 25
              25 21
              21 24
              24 52
              ;
set F[255] := 12 25
              25 53
              ;
set F[256] := 12 25
              25 21
              21 14
              14 26
              26 54
              ;
set F[257] := 12 25
              25 21
              21 27
              27 55
              ;
set F[258] := 13 25
              25 15
              15 11
              11 10
              10 38
              ;
set F[259] := 13 25
              25 21
              21 14
              14 42
              ;
set F[260] := 13 25
              25 15
              15 43
              ;
set F[261] := 13 25
              25 15
              15 16
              16 17
              17 45
              ;
set F[262] := 13 25
              25 21
              21 20
              20 48
              ;
set F[263] := 13 25
              25 21
              21 49
              ;
set F[264] := 13 25
              25 15
              15 11
              11 10
              10 23
              23 51
              ;
set F[265] := 13 25
              25 21
              21 24
              24 52
              ;
set F[266] := 14 1
              1 29
              ;
set F[267] := 14 21
              21 3
              3 31
              ;
set F[268] := 14 21
              21 15
              15 11
              11 10
              10 23
              23 4
              4 32
              ;
set F[269] := 14 21
              21 15
              15 5
              5 33
              ;
set F[270] := 14 26
              26 6
              6 34
              ;
set F[271] := 14 7
              7 35
              ;
set F[272] := 14 21
              21 8
              8 36
              ;
set F[273] := 14 21
              21 25
              25 12
              12 9
              9 37
              ;
set F[274] := 14 21
              21 15
              15 11
              11 10
              10 38
              ;
set F[275] := 14 21
              21 15
              15 11
              11 39
              ;
set F[276] := 14 21
              21 25
              25 12
              12 40
              ;
set F[277] := 14 21
              21 25
              25 13
              13 41
              ;
set F[278] := 14 21
              21 15
              15 43
              ;
set F[279] := 14 17
              17 16
              16 44
              ;
set F[280] := 14 17
              17 45
              ;
set F[281] := 14 21
              21 20
              20 18
              18 46
              ;
set F[282] := 14 17
              17 16
              16 19
              19 47
              ;
set F[283] := 14 21
              21 20
              20 48
              ;
set F[284] := 14 21
              21 49
              ;
set F[285] := 14 21
              21 15
              15 11
              11 10
              10 23
              23 22
              22 50
              ;
set F[286] := 14 21
              21 15
              15 11
              11 10
              10 23
              23 51
              ;
set F[287] := 14 21
              21 24
              24 52
              ;
set F[288] := 14 21
              21 25
              25 53
              ;
set F[289] := 14 26
              26 54
              ;
set F[290] := 14 21
              21 27
              27 55
              ;
set F[291] := 15 21
              21 14
              14 1
              1 29
              ;
set F[292] := 15 11
              11 10
              10 23
              23 4
              4 32
              ;
set F[293] := 15 21
              21 14
              14 7
              7 35
              ;
set F[294] := 15 21
              21 8
              8 36
              ;
set F[295] := 15 11
              11 10
              10 38
              ;
set F[296] := 15 11
              11 39
              ;
set F[297] := 15 25
              25 13
              13 41
              ;
set F[298] := 15 21
              21 14
              14 42
              ;
set F[299] := 15 16
              16 17
              17 45
              ;
set F[300] := 15 21
              21 20
              20 18
              18 46
              ;
set F[301] := 15 16
              16 19
              19 47
              ;
set F[302] := 15 21
              21 20
              20 48
              ;
set F[303] := 15 21
              21 49
              ;
set F[304] := 15 11
              11 10
              10 23
              23 22
              22 50
              ;
set F[305] := 15 11
              11 10
              10 23
              23 51
              ;
set F[306] := 15 21
              21 24
              24 52
              ;
set F[307] := 15 21
              21 14
              14 26
              26 54
              ;
set F[308] := 16 17
              17 14
              14 1
              1 29
              ;
set F[309] := 16 21
              21 3
              3 31
              ;
set F[310] := 16 15
              15 11
              11 10
              10 23
              23 4
              4 32
              ;
set F[311] := 16 15
              15 5
              5 33
              ;
set F[312] := 16 17
              17 14
              14 26
              26 6
              6 34
              ;
set F[313] := 16 17
              17 14
              14 7
              7 35
              ;
set F[314] := 16 21
              21 8
              8 36
              ;
set F[315] := 16 15
              15 25
              25 12
              12 9
              9 37
              ;
set F[316] := 16 15
              15 11
              11 10
              10 38
              ;
set F[317] := 16 15
              15 11
              11 39
              ;
set F[318] := 16 15
              15 25
              25 12
              12 40
              ;
set F[319] := 16 15
              15 25
              25 13
              13 41
              ;
set F[320] := 16 17
              17 14
              14 42
              ;
set F[321] := 16 15
              15 43
              ;
set F[322] := 16 17
              17 45
              ;
set F[323] := 16 21
              21 20
              20 18
              18 46
              ;
set F[324] := 16 19
              19 47
              ;
set F[325] := 16 21
              21 20
              20 48
              ;
set F[326] := 16 21
              21 49
              ;
set F[327] := 16 15
              15 11
              11 10
              10 23
              23 22
              22 50
              ;
set F[328] := 16 15
              15 11
              11 10
              10 23
              23 51
              ;
set F[329] := 16 21
              21 24
              24 52
              ;
set F[330] := 16 15
              15 25
              25 53
              ;
set F[331] := 16 17
              17 14
              14 26
              26 54
              ;
set F[332] := 16 21
              21 27
              27 55
              ;
set F[333] := 17 14
              14 1
              1 29
              ;
set F[334] := 17 14
              14 21
              21 3
              3 31
              ;
set F[335] := 17 16
              16 15
              15 11
              11 10
              10 23
              23 4
              4 32
              ;
set F[336] := 17 16
              16 15
              15 5
              5 33
              ;
set F[337] := 17 14
              14 26
              26 6
              6 34
              ;
set F[338] := 17 14
              14 7
              7 35
              ;
set F[339] := 17 14
              14 21
              21 8
              8 36
              ;
set F[340] := 17 14
              14 21
              21 25
              25 12
              12 9
              9 37
              ;
set F[341] := 17 16
              16 15
              15 11
              11 10
              10 38
              ;
set F[342] := 17 16
              16 15
              15 11
              11 39
              ;
set F[343] := 17 14
              14 21
              21 25
              25 12
              12 40
              ;
set F[344] := 17 14
              14 21
              21 25
              25 13
              13 41
              ;
set F[345] := 17 14
              14 42
              ;
set F[346] := 17 16
              16 15
              15 43
              ;
set F[347] := 17 14
              14 21
              21 20
              20 18
              18 46
              ;
set F[348] := 17 16
              16 19
              19 47
              ;
set F[349] := 17 14
              14 21
              21 20
              20 48
              ;
set F[350] := 17 14
              14 21
              21 49
              ;
set F[351] := 17 16
              16 15
              15 11
              11 10
              10 23
              23 22
              22 50
              ;
set F[352] := 17 16
              16 15
              15 11
              11 10
              10 23
              23 51
              ;
set F[353] := 17 14
              14 21
              21 24
              24 52
              ;
set F[354] := 17 14
              14 21
              21 25
              25 53
              ;
set F[355] := 17 14
              14 26
              26 54
              ;
set F[356] := 17 14
              14 21
              21 27
              27 55
              ;
set F[357] := 18 20
              20 21
              21 14
              14 1
              1 29
              ;
set F[358] := 18 20
              20 21
              21 3
              3 31
              ;
set F[359] := 18 20
              20 21
              21 15
              15 11
              11 10
              10 23
              23 4
              4 32
              ;
set F[360] := 18 20
              20 21
              21 15
              15 5
              5 33
              ;
set F[361] := 18 20
              20 21
              21 14
              14 26
              26 6
              6 34
              ;
set F[362] := 18 20
              20 21
              21 14
              14 7
              7 35
              ;
set F[363] := 18 20
              20 21
              21 8
              8 36
              ;
set F[364] := 18 20
              20 21
              21 25
              25 12
              12 9
              9 37
              ;
set F[365] := 18 20
              20 21
              21 15
              15 11
              11 10
              10 38
              ;
set F[366] := 18 20
              20 21
              21 15
              15 11
              11 39
              ;
set F[367] := 18 20
              20 21
              21 25
              25 12
              12 40
              ;
set F[368] := 18 20
              20 21
              21 25
              25 13
              13 41
              ;
set F[369] := 18 20
              20 21
              21 14
              14 42
              ;
set F[370] := 18 20
              20 21
              21 15
              15 43
              ;
set F[371] := 18 20
              20 21
              21 14
              14 17
              17 45
              ;
set F[372] := 18 20
              20 21
              21 16
              16 19
              19 47
              ;
set F[373] := 18 20
              20 48
              ;
set F[374] := 18 20
              20 21
              21 49
              ;
set F[375] := 18 20
              20 21
              21 15
              15 11
              11 10
              10 23
              23 22
              22 50
              ;
set F[376] := 18 20
              20 21
              21 15
              15 11
              11 10
              10 23
              23 51
              ;
set F[377] := 18 20
              20 21
              21 24
              24 52
              ;
set F[378] := 18 20
              20 21
              21 25
              25 53
              ;
set F[379] := 18 20
              20 21
              21 14
              14 26
              26 54
              ;
set F[380] := 18 20
              20 21
              21 27
              27 55
              ;
set F[381] := 19 16
              16 15
              15 11
              11 10
              10 38
              ;
set F[382] := 19 16
              16 17
              17 14
              14 42
              ;
set F[383] := 19 16
              16 15
              15 43
              ;
set F[384] := 19 16
              16 17
              17 45
              ;
set F[385] := 19 16
              16 21
              21 20
              20 48
              ;
set F[386] := 19 16
              16 21
              21 49
              ;
set F[387] := 19 16
              16 15
              15 11
              11 10
              10 23
              23 51
              ;
set F[388] := 19 16
              16 21
              21 24
              24 52
              ;
set F[389] := 20 21
              21 14
              14 1
              1 29
              ;
set F[390] := 20 21
              21 3
              3 31
              ;
set F[391] := 20 21
              21 15
              15 11
              11 10
              10 23
              23 4
              4 32
              ;
set F[392] := 20 21
              21 15
              15 5
              5 33
              ;
set F[393] := 20 21
              21 14
              14 26
              26 6
              6 34
              ;
set F[394] := 20 21
              21 14
              14 7
              7 35
              ;
set F[395] := 20 21
              21 8
              8 36
              ;
set F[396] := 20 21
              21 25
              25 12
              12 9
              9 37
              ;
set F[397] := 20 21
              21 15
              15 11
              11 10
              10 38
              ;
set F[398] := 20 21
              21 15
              15 11
              11 39
              ;
set F[399] := 20 21
              21 25
              25 12
              12 40
              ;
set F[400] := 20 21
              21 25
              25 13
              13 41
              ;
set F[401] := 20 21
              21 14
              14 42
              ;
set F[402] := 20 21
              21 15
              15 43
              ;
set F[403] := 20 21
              21 16
              16 44
              ;
set F[404] := 20 21
              21 14
              14 17
              17 45
              ;
set F[405] := 20 18
              18 46
              ;
set F[406] := 20 21
              21 16
              16 19
              19 47
              ;
set F[407] := 20 21
              21 49
              ;
set F[408] := 20 21
              21 15
              15 11
              11 10
              10 23
              23 22
              22 50
              ;
set F[409] := 20 21
              21 15
              15 11
              11 10
              10 23
              23 51
              ;
set F[410] := 20 21
              21 24
              24 52
              ;
set F[411] := 20 21
              21 25
              25 53
              ;
set F[412] := 20 21
              21 14
              14 26
              26 54
              ;
set F[413] := 20 21
              21 27
              27 55
              ;
set F[414] := 21 14
              14 1
              1 29
              ;
set F[415] := 21 3
              3 31
              ;
set F[416] := 21 15
              15 11
              11 10
              10 23
              23 4
              4 32
              ;
set F[417] := 21 15
              15 5
              5 33
              ;
set F[418] := 21 14
              14 26
              26 6
              6 34
              ;
set F[419] := 21 14
              14 7
              7 35
              ;
set F[420] := 21 8
              8 36
              ;
set F[421] := 21 25
              25 12
              12 9
              9 37
              ;
set F[422] := 21 15
              15 11
              11 10
              10 38
              ;
set F[423] := 21 15
              15 11
              11 39
              ;
set F[424] := 21 25
              25 12
              12 40
              ;
set F[425] := 21 25
              25 13
              13 41
              ;
set F[426] := 21 14
              14 42
              ;
set F[427] := 21 15
              15 43
              ;
set F[428] := 21 16
              16 44
              ;
set F[429] := 21 14
              14 17
              17 45
              ;
set F[430] := 21 20
              20 18
              18 46
              ;
set F[431] := 21 16
              16 19
              19 47
              ;
set F[432] := 21 20
              20 48
              ;
set F[433] := 21 15
              15 11
              11 10
              10 23
              23 22
              22 50
              ;
set F[434] := 21 15
              15 11
              11 10
              10 23
              23 51
              ;
set F[435] := 21 24
              24 52
              ;
set F[436] := 21 25
              25 53
              ;
set F[437] := 21 14
              14 26
              26 54
              ;
set F[438] := 21 27
              27 55
              ;
set F[439] := 22 23
              23 10
              10 11
              11 15
              15 21
              21 14
              14 1
              1 29
              ;
set F[440] := 22 23
              23 10
              10 11
              11 15
              15 21
              21 3
              3 31
              ;
set F[441] := 22 23
              23 4
              4 32
              ;
set F[442] := 22 23
              23 10
              10 11
              11 15
              15 5
              5 33
              ;
set F[443] := 22 23
              23 10
              10 11
              11 15
              15 21
              21 14
              14 26
              26 6
              6 34
              ;
set F[444] := 22 23
              23 10
              10 11
              11 15
              15 21
              21 14
              14 7
              7 35
              ;
set F[445] := 22 23
              23 10
              10 11
              11 15
              15 21
              21 8
              8 36
              ;
set F[446] := 22 23
              23 10
              10 11
              11 15
              15 25
              25 12
              12 9
              9 37
              ;
set F[447] := 22 23
              23 10
              10 38
              ;
set F[448] := 22 23
              23 10
              10 11
              11 39
              ;
set F[449] := 22 23
              23 10
              10 11
              11 15
              15 25
              25 12
              12 40
              ;
set F[450] := 22 23
              23 10
              10 11
              11 15
              15 25
              25 13
              13 41
              ;
set F[451] := 22 23
              23 10
              10 11
              11 15
              15 21
              21 14
              14 42
              ;
set F[452] := 22 23
              23 10
              10 11
              11 15
              15 43
              ;
set F[453] := 22 23
              23 10
              10 11
              11 15
              15 16
              16 17
              17 45
              ;
set F[454] := 22 23
              23 10
              10 11
              11 15
              15 21
              21 20
              20 18
              18 46
              ;
set F[455] := 22 23
              23 10
              10 11
              11 15
              15 16
              16 19
              19 47
              ;
set F[456] := 22 23
              23 10
              10 11
              11 15
              15 21
              21 20
              20 48
              ;
set F[457] := 22 23
              23 10
              10 11
              11 15
              15 21
              21 49
              ;
set F[458] := 22 23
              23 51
              ;
set F[459] := 22 23
              23 10
              10 11
              11 15
              15 21
              21 24
              24 52
              ;
set F[460] := 22 23
              23 10
              10 11
              11 15
              15 25
              25 53
              ;
set F[461] := 22 23
              23 10
              10 11
              11 15
              15 21
              21 14
              14 26
              26 54
              ;
set F[462] := 22 23
              23 10
              10 11
              11 15
              15 21
              21 27
              27 55
              ;
set F[463] := 23 10
              10 11
              11 15
              15 21
              21 14
              14 1
              1 29
              ;
set F[464] := 23 10
              10 11
              11 15
              15 21
              21 3
              3 31
              ;
set F[465] := 23 4
              4 32
              ;
set F[466] := 23 10
              10 11
              11 15
              15 5
              5 33
              ;
set F[467] := 23 10
              10 11
              11 15
              15 21
              21 14
              14 26
              26 6
              6 34
              ;
set F[468] := 23 10
              10 11
              11 15
              15 21
              21 14
              14 7
              7 35
              ;
set F[469] := 23 10
              10 11
              11 15
              15 21
              21 8
              8 36
              ;
set F[470] := 23 10
              10 11
              11 15
              15 25
              25 12
              12 9
              9 37
              ;
set F[471] := 23 10
              10 38
              ;
set F[472] := 23 10
              10 11
              11 39
              ;
set F[473] := 23 10
              10 11
              11 15
              15 25
              25 12
              12 40
              ;
set F[474] := 23 10
              10 11
              11 15
              15 25
              25 13
              13 41
              ;
set F[475] := 23 10
              10 11
              11 15
              15 21
              21 14
              14 42
              ;
set F[476] := 23 10
              10 11
              11 15
              15 43
              ;
set F[477] := 23 10
              10 11
              11 15
              15 16
              16 44
              ;
set F[478] := 23 10
              10 11
              11 15
              15 16
              16 17
              17 45
              ;
set F[479] := 23 10
              10 11
              11 15
              15 21
              21 20
              20 18
              18 46
              ;
set F[480] := 23 10
              10 11
              11 15
              15 16
              16 19
              19 47
              ;
set F[481] := 23 10
              10 11
              11 15
              15 21
              21 20
              20 48
              ;
set F[482] := 23 10
              10 11
              11 15
              15 21
              21 49
              ;
set F[483] := 23 22
              22 50
              ;
set F[484] := 23 10
              10 11
              11 15
              15 21
              21 24
              24 52
              ;
set F[485] := 23 10
              10 11
              11 15
              15 25
              25 53
              ;
set F[486] := 23 10
              10 11
              11 15
              15 21
              21 14
              14 26
              26 54
              ;
set F[487] := 23 10
              10 11
              11 15
              15 21
              21 27
              27 55
              ;
set F[488] := 24 21
              21 14
              14 42
              ;
set F[489] := 24 21
              21 49
              ;
set F[490] := 25 21
              21 14
              14 1
              1 29
              ;
set F[491] := 25 21
              21 3
              3 31
              ;
set F[492] := 25 15
              15 11
              11 10
              10 23
              23 4
              4 32
              ;
set F[493] := 25 15
              15 5
              5 33
              ;
set F[494] := 25 21
              21 14
              14 26
              26 6
              6 34
              ;
set F[495] := 25 21
              21 14
              14 7
              7 35
              ;
set F[496] := 25 21
              21 8
              8 36
              ;
set F[497] := 25 12
              12 9
              9 37
              ;
set F[498] := 25 15
              15 11
              11 10
              10 38
              ;
set F[499] := 25 15
              15 11
              11 39
              ;
set F[500] := 25 12
              12 40
              ;
set F[501] := 25 13
              13 41
              ;
set F[502] := 25 21
              21 14
              14 42
              ;
set F[503] := 25 15
              15 43
              ;
set F[504] := 25 15
              15 16
              16 17
              17 45
              ;
set F[505] := 25 21
              21 20
              20 18
              18 46
              ;
set F[506] := 25 15
              15 16
              16 19
              19 47
              ;
set F[507] := 25 21
              21 20
              20 48
              ;
set F[508] := 25 21
              21 49
              ;
set F[509] := 25 15
              15 11
              11 10
              10 23
              23 22
              22 50
              ;
set F[510] := 25 15
              15 11
              11 10
              10 23
              23 51
              ;
set F[511] := 25 21
              21 24
              24 52
              ;
set F[512] := 25 21
              21 14
              14 26
              26 54
              ;
set F[513] := 25 21
              21 27
              27 55
              ;
set F[514] := 26 14
              14 1
              1 29
              ;
set F[515] := 26 14
              14 21
              21 3
              3 31
              ;
set F[516] := 26 14
              14 21
              21 15
              15 11
              11 10
              10 23
              23 4
              4 32
              ;
set F[517] := 26 14
              14 21
              21 15
              15 5
              5 33
              ;
set F[518] := 26 6
              6 34
              ;
set F[519] := 26 14
              14 7
              7 35
              ;
set F[520] := 26 14
              14 21
              21 8
              8 36
              ;
set F[521] := 26 14
              14 21
              21 25
              25 12
              12 9
              9 37
              ;
set F[522] := 26 14
              14 21
              21 15
              15 11
              11 10
              10 38
              ;
set F[523] := 26 14
              14 21
              21 15
              15 11
              11 39
              ;
set F[524] := 26 14
              14 21
              21 25
              25 12
              12 40
              ;
set F[525] := 26 14
              14 21
              21 25
              25 13
              13 41
              ;
set F[526] := 26 14
              14 42
              ;
set F[527] := 26 14
              14 21
              21 15
              15 43
              ;
set F[528] := 26 14
              14 17
              17 16
              16 44
              ;
set F[529] := 26 14
              14 17
              17 45
              ;
set F[530] := 26 14
              14 21
              21 20
              20 18
              18 46
              ;
set F[531] := 26 14
              14 17
              17 16
              16 19
              19 47
              ;
set F[532] := 26 14
              14 21
              21 20
              20 48
              ;
set F[533] := 26 14
              14 21
              21 49
              ;
set F[534] := 26 14
              14 21
              21 15
              15 11
              11 10
              10 23
              23 22
              22 50
              ;
set F[535] := 26 14
              14 21
              21 15
              15 11
              11 10
              10 23
              23 51
              ;
set F[536] := 26 14
              14 21
              21 24
              24 52
              ;
set F[537] := 26 14
              14 21
              21 25
              25 53
              ;
set F[538] := 26 14
              14 21
              21 27
              27 55
              ;
set F[539] := 27 21
              21 14
              14 1
              1 29
              ;
set F[540] := 27 21
              21 3
              3 31
              ;
set F[541] := 27 21
              21 15
              15 11
              11 10
              10 23
              23 4
              4 32
              ;
set F[542] := 27 21
              21 15
              15 5
              5 33
              ;
set F[543] := 27 21
              21 14
              14 26
              26 6
              6 34
              ;
set F[544] := 27 21
              21 14
              14 7
              7 35
              ;
set F[545] := 27 21
              21 8
              8 36
              ;
set F[546] := 27 21
              21 25
              25 12
              12 9
              9 37
              ;
set F[547] := 27 21
              21 15
              15 11
              11 10
              10 38
              ;
set F[548] := 27 21
              21 15
              15 11
              11 39
              ;
set F[549] := 27 21
              21 25
              25 12
              12 40
              ;
set F[550] := 27 21
              21 25
              25 13
              13 41
              ;
set F[551] := 27 21
              21 14
              14 42
              ;
set F[552] := 27 21
              21 15
              15 43
              ;
set F[553] := 27 21
              21 14
              14 17
              17 45
              ;
set F[554] := 27 21
              21 20
              20 18
              18 46
              ;
set F[555] := 27 21
              21 16
              16 19
              19 47
              ;
set F[556] := 27 21
              21 20
              20 48
              ;
set F[557] := 27 21
              21 49
              ;
set F[558] := 27 21
              21 15
              15 11
              11 10
              10 23
              23 22
              22 50
              ;
set F[559] := 27 21
              21 15
              15 11
              11 10
              10 23
              23 51
              ;
set F[560] := 27 21
              21 24
              24 52
              ;
set F[561] := 27 21
              21 25
              25 53
              ;
set F[562] := 27 21
              21 14
              14 26
              26 54
              ;
set Last[1] := 3 31;
set Last[2] := 4 32;
set Last[3] := 5 33;
set Last[4] := 6 34;
set Last[5] := 7 35;
set Last[6] := 8 36;
set Last[7] := 9 37;
set Last[8] := 10 38;
set Last[9] := 11 39;
set Last[10] := 12 40;
set Last[11] := 13 41;
set Last[12] := 14 42;
set Last[13] := 15 43;
set Last[14] := 17 45;
set Last[15] := 18 46;
set Last[16] := 19 47;
set Last[17] := 20 48;
set Last[18] := 21 49;
set Last[19] := 22 50;
set Last[20] := 23 51;
set Last[21] := 24 52;
set Last[22] := 25 53;
set Last[23] := 26 54;
set Last[24] := 27 55;
set Last[25] := 4 32;
set Last[26] := 10 38;
set Last[27] := 14 42;
set Last[28] := 15 43;
set Last[29] := 17 45;
set Last[30] := 18 46;
set Last[31] := 20 48;
set Last[32] := 21 49;
set Last[33] := 23 51;
set Last[34] := 24 52;
set Last[35] := 1 29;
set Last[36] := 4 32;
set Last[37] := 5 33;
set Last[38] := 6 34;
set Last[39] := 7 35;
set Last[40] := 8 36;
set Last[41] := 9 37;
set Last[42] := 10 38;
set Last[43] := 11 39;
set Last[44] := 12 40;
set Last[45] := 13 41;
set Last[46] := 14 42;
set Last[47] := 15 43;
set Last[48] := 17 45;
set Last[49] := 18 46;
set Last[50] := 19 47;
set Last[51] := 20 48;
set Last[52] := 21 49;
set Last[53] := 22 50;
set Last[54] := 23 51;
set Last[55] := 24 52;
set Last[56] := 25 53;
set Last[57] := 26 54;
set Last[58] := 27 55;
set Last[59] := 1 29;
set Last[60] := 3 31;
set Last[61] := 5 33;
set Last[62] := 6 34;
set Last[63] := 7 35;
set Last[64] := 8 36;
set Last[65] := 9 37;
set Last[66] := 10 38;
set Last[67] := 11 39;
set Last[68] := 12 40;
set Last[69] := 13 41;
set Last[70] := 14 42;
set Last[71] := 15 43;
set Last[72] := 17 45;
set Last[73] := 18 46;
set Last[74] := 19 47;
set Last[75] := 20 48;
set Last[76] := 21 49;
set Last[77] := 22 50;
set Last[78] := 23 51;
set Last[79] := 24 52;
set Last[80] := 25 53;
set Last[81] := 26 54;
set Last[82] := 27 55;
set Last[83] := 1 29;
set Last[84] := 4 32;
set Last[85] := 7 35;
set Last[86] := 8 36;
set Last[87] := 10 38;
set Last[88] := 11 39;
set Last[89] := 12 40;
set Last[90] := 13 41;
set Last[91] := 14 42;
set Last[92] := 15 43;
set Last[93] := 17 45;
set Last[94] := 18 46;
set Last[95] := 19 47;
set Last[96] := 20 48;
set Last[97] := 21 49;
set Last[98] := 22 50;
set Last[99] := 23 51;
set Last[100] := 24 52;
set Last[101] := 25 53;
set Last[102] := 26 54;
set Last[103] := 27 55;
set Last[104] := 1 29;
set Last[105] := 3 31;
set Last[106] := 4 32;
set Last[107] := 5 33;
set Last[108] := 7 35;
set Last[109] := 8 36;
set Last[110] := 9 37;
set Last[111] := 10 38;
set Last[112] := 11 39;
set Last[113] := 12 40;
set Last[114] := 13 41;
set Last[115] := 14 42;
set Last[116] := 15 43;
set Last[117] := 17 45;
set Last[118] := 18 46;
set Last[119] := 19 47;
set Last[120] := 20 48;
set Last[121] := 21 49;
set Last[122] := 22 50;
set Last[123] := 23 51;
set Last[124] := 24 52;
set Last[125] := 25 53;
set Last[126] := 26 54;
set Last[127] := 27 55;
set Last[128] := 1 29;
set Last[129] := 3 31;
set Last[130] := 4 32;
set Last[131] := 5 33;
set Last[132] := 6 34;
set Last[133] := 8 36;
set Last[134] := 9 37;
set Last[135] := 10 38;
set Last[136] := 11 39;
set Last[137] := 12 40;
set Last[138] := 13 41;
set Last[139] := 14 42;
set Last[140] := 15 43;
set Last[141] := 17 45;
set Last[142] := 18 46;
set Last[143] := 19 47;
set Last[144] := 20 48;
set Last[145] := 21 49;
set Last[146] := 22 50;
set Last[147] := 23 51;
set Last[148] := 24 52;
set Last[149] := 25 53;
set Last[150] := 26 54;
set Last[151] := 27 55;
set Last[152] := 10 38;
set Last[153] := 14 42;
set Last[154] := 15 43;
set Last[155] := 17 45;
set Last[156] := 20 48;
set Last[157] := 21 49;
set Last[158] := 23 51;
set Last[159] := 24 52;
set Last[160] := 1 29;
set Last[161] := 3 31;
set Last[162] := 4 32;
set Last[163] := 5 33;
set Last[164] := 6 34;
set Last[165] := 7 35;
set Last[166] := 8 36;
set Last[167] := 10 38;
set Last[168] := 11 39;
set Last[169] := 12 40;
set Last[170] := 13 41;
set Last[171] := 14 42;
set Last[172] := 15 43;
set Last[173] := 17 45;
set Last[174] := 18 46;
set Last[175] := 19 47;
set Last[176] := 20 48;
set Last[177] := 21 49;
set Last[178] := 22 50;
set Last[179] := 23 51;
set Last[180] := 24 52;
set Last[181] := 25 53;
set Last[182] := 26 54;
set Last[183] := 27 55;
set Last[184] := 1 29;
set Last[185] := 3 31;
set Last[186] := 4 32;
set Last[187] := 5 33;
set Last[188] := 6 34;
set Last[189] := 7 35;
set Last[190] := 8 36;
set Last[191] := 9 37;
set Last[192] := 11 39;
set Last[193] := 12 40;
set Last[194] := 13 41;
set Last[195] := 14 42;
set Last[196] := 15 43;
set Last[197] := 16 44;
set Last[198] := 17 45;
set Last[199] := 18 46;
set Last[200] := 19 47;
set Last[201] := 20 48;
set Last[202] := 21 49;
set Last[203] := 22 50;
set Last[204] := 23 51;
set Last[205] := 24 52;
set Last[206] := 25 53;
set Last[207] := 26 54;
set Last[208] := 27 55;
set Last[209] := 1 29;
set Last[210] := 3 31;
set Last[211] := 4 32;
set Last[212] := 5 33;
set Last[213] := 6 34;
set Last[214] := 7 35;
set Last[215] := 8 36;
set Last[216] := 9 37;
set Last[217] := 10 38;
set Last[218] := 12 40;
set Last[219] := 13 41;
set Last[220] := 14 42;
set Last[221] := 15 43;
set Last[222] := 16 44;
set Last[223] := 17 45;
set Last[224] := 18 46;
set Last[225] := 19 47;
set Last[226] := 20 48;
set Last[227] := 21 49;
set Last[228] := 22 50;
set Last[229] := 23 51;
set Last[230] := 24 52;
set Last[231] := 25 53;
set Last[232] := 26 54;
set Last[233] := 27 55;
set Last[234] := 1 29;
set Last[235] := 3 31;
set Last[236] := 4 32;
set Last[237] := 5 33;
set Last[238] := 6 34;
set Last[239] := 7 35;
set Last[240] := 8 36;
set Last[241] := 9 37;
set Last[242] := 10 38;
set Last[243] := 11 39;
set Last[244] := 13 41;
set Last[245] := 14 42;
set Last[246] := 15 43;
set Last[247] := 17 45;
set Last[248] := 18 46;
set Last[249] := 19 47;
set Last[250] := 20 48;
set Last[251] := 21 49;
set Last[252] := 22 50;
set Last[253] := 23 51;
set Last[254] := 24 52;
set Last[255] := 25 53;
set Last[256] := 26 54;
set Last[257] := 27 55;
set Last[258] := 10 38;
set Last[259] := 14 42;
set Last[260] := 15 43;
set Last[261] := 17 45;
set Last[262] := 20 48;
set Last[263] := 21 49;
set Last[264] := 23 51;
set Last[265] := 24 52;
set Last[266] := 1 29;
set Last[267] := 3 31;
set Last[268] := 4 32;
set Last[269] := 5 33;
set Last[270] := 6 34;
set Last[271] := 7 35;
set Last[272] := 8 36;
set Last[273] := 9 37;
set Last[274] := 10 38;
set Last[275] := 11 39;
set Last[276] := 12 40;
set Last[277] := 13 41;
set Last[278] := 15 43;
set Last[279] := 16 44;
set Last[280] := 17 45;
set Last[281] := 18 46;
set Last[282] := 19 47;
set Last[283] := 20 48;
set Last[284] := 21 49;
set Last[285] := 22 50;
set Last[286] := 23 51;
set Last[287] := 24 52;
set Last[288] := 25 53;
set Last[289] := 26 54;
set Last[290] := 27 55;
set Last[291] := 1 29;
set Last[292] := 4 32;
set Last[293] := 7 35;
set Last[294] := 8 36;
set Last[295] := 10 38;
set Last[296] := 11 39;
set Last[297] := 13 41;
set Last[298] := 14 42;
set Last[299] := 17 45;
set Last[300] := 18 46;
set Last[301] := 19 47;
set Last[302] := 20 48;
set Last[303] := 21 49;
set Last[304] := 22 50;
set Last[305] := 23 51;
set Last[306] := 24 52;
set Last[307] := 26 54;
set Last[308] := 1 29;
set Last[309] := 3 31;
set Last[310] := 4 32;
set Last[311] := 5 33;
set Last[312] := 6 34;
set Last[313] := 7 35;
set Last[314] := 8 36;
set Last[315] := 9 37;
set Last[316] := 10 38;
set Last[317] := 11 39;
set Last[318] := 12 40;
set Last[319] := 13 41;
set Last[320] := 14 42;
set Last[321] := 15 43;
set Last[322] := 17 45;
set Last[323] := 18 46;
set Last[324] := 19 47;
set Last[325] := 20 48;
set Last[326] := 21 49;
set Last[327] := 22 50;
set Last[328] := 23 51;
set Last[329] := 24 52;
set Last[330] := 25 53;
set Last[331] := 26 54;
set Last[332] := 27 55;
set Last[333] := 1 29;
set Last[334] := 3 31;
set Last[335] := 4 32;
set Last[336] := 5 33;
set Last[337] := 6 34;
set Last[338] := 7 35;
set Last[339] := 8 36;
set Last[340] := 9 37;
set Last[341] := 10 38;
set Last[342] := 11 39;
set Last[343] := 12 40;
set Last[344] := 13 41;
set Last[345] := 14 42;
set Last[346] := 15 43;
set Last[347] := 18 46;
set Last[348] := 19 47;
set Last[349] := 20 48;
set Last[350] := 21 49;
set Last[351] := 22 50;
set Last[352] := 23 51;
set Last[353] := 24 52;
set Last[354] := 25 53;
set Last[355] := 26 54;
set Last[356] := 27 55;
set Last[357] := 1 29;
set Last[358] := 3 31;
set Last[359] := 4 32;
set Last[360] := 5 33;
set Last[361] := 6 34;
set Last[362] := 7 35;
set Last[363] := 8 36;
set Last[364] := 9 37;
set Last[365] := 10 38;
set Last[366] := 11 39;
set Last[367] := 12 40;
set Last[368] := 13 41;
set Last[369] := 14 42;
set Last[370] := 15 43;
set Last[371] := 17 45;
set Last[372] := 19 47;
set Last[373] := 20 48;
set Last[374] := 21 49;
set Last[375] := 22 50;
set Last[376] := 23 51;
set Last[377] := 24 52;
set Last[378] := 25 53;
set Last[379] := 26 54;
set Last[380] := 27 55;
set Last[381] := 10 38;
set Last[382] := 14 42;
set Last[383] := 15 43;
set Last[384] := 17 45;
set Last[385] := 20 48;
set Last[386] := 21 49;
set Last[387] := 23 51;
set Last[388] := 24 52;
set Last[389] := 1 29;
set Last[390] := 3 31;
set Last[391] := 4 32;
set Last[392] := 5 33;
set Last[393] := 6 34;
set Last[394] := 7 35;
set Last[395] := 8 36;
set Last[396] := 9 37;
set Last[397] := 10 38;
set Last[398] := 11 39;
set Last[399] := 12 40;
set Last[400] := 13 41;
set Last[401] := 14 42;
set Last[402] := 15 43;
set Last[403] := 16 44;
set Last[404] := 17 45;
set Last[405] := 18 46;
set Last[406] := 19 47;
set Last[407] := 21 49;
set Last[408] := 22 50;
set Last[409] := 23 51;
set Last[410] := 24 52;
set Last[411] := 25 53;
set Last[412] := 26 54;
set Last[413] := 27 55;
set Last[414] := 1 29;
set Last[415] := 3 31;
set Last[416] := 4 32;
set Last[417] := 5 33;
set Last[418] := 6 34;
set Last[419] := 7 35;
set Last[420] := 8 36;
set Last[421] := 9 37;
set Last[422] := 10 38;
set Last[423] := 11 39;
set Last[424] := 12 40;
set Last[425] := 13 41;
set Last[426] := 14 42;
set Last[427] := 15 43;
set Last[428] := 16 44;
set Last[429] := 17 45;
set Last[430] := 18 46;
set Last[431] := 19 47;
set Last[432] := 20 48;
set Last[433] := 22 50;
set Last[434] := 23 51;
set Last[435] := 24 52;
set Last[436] := 25 53;
set Last[437] := 26 54;
set Last[438] := 27 55;
set Last[439] := 1 29;
set Last[440] := 3 31;
set Last[441] := 4 32;
set Last[442] := 5 33;
set Last[443] := 6 34;
set Last[444] := 7 35;
set Last[445] := 8 36;
set Last[446] := 9 37;
set Last[447] := 10 38;
set Last[448] := 11 39;
set Last[449] := 12 40;
set Last[450] := 13 41;
set Last[451] := 14 42;
set Last[452] := 15 43;
set Last[453] := 17 45;
set Last[454] := 18 46;
set Last[455] := 19 47;
set Last[456] := 20 48;
set Last[457] := 21 49;
set Last[458] := 23 51;
set Last[459] := 24 52;
set Last[460] := 25 53;
set Last[461] := 26 54;
set Last[462] := 27 55;
set Last[463] := 1 29;
set Last[464] := 3 31;
set Last[465] := 4 32;
set Last[466] := 5 33;
set Last[467] := 6 34;
set Last[468] := 7 35;
set Last[469] := 8 36;
set Last[470] := 9 37;
set Last[471] := 10 38;
set Last[472] := 11 39;
set Last[473] := 12 40;
set Last[474] := 13 41;
set Last[475] := 14 42;
set Last[476] := 15 43;
set Last[477] := 16 44;
set Last[478] := 17 45;
set Last[479] := 18 46;
set Last[480] := 19 47;
set Last[481] := 20 48;
set Last[482] := 21 49;
set Last[483] := 22 50;
set Last[484] := 24 52;
set Last[485] := 25 53;
set Last[486] := 26 54;
set Last[487] := 27 55;
set Last[488] := 14 42;
set Last[489] := 21 49;
set Last[490] := 1 29;
set Last[491] := 3 31;
set Last[492] := 4 32;
set Last[493] := 5 33;
set Last[494] := 6 34;
set Last[495] := 7 35;
set Last[496] := 8 36;
set Last[497] := 9 37;
set Last[498] := 10 38;
set Last[499] := 11 39;
set Last[500] := 12 40;
set Last[501] := 13 41;
set Last[502] := 14 42;
set Last[503] := 15 43;
set Last[504] := 17 45;
set Last[505] := 18 46;
set Last[506] := 19 47;
set Last[507] := 20 48;
set Last[508] := 21 49;
set Last[509] := 22 50;
set Last[510] := 23 51;
set Last[511] := 24 52;
set Last[512] := 26 54;
set Last[513] := 27 55;
set Last[514] := 1 29;
set Last[515] := 3 31;
set Last[516] := 4 32;
set Last[517] := 5 33;
set Last[518] := 6 34;
set Last[519] := 7 35;
set Last[520] := 8 36;
set Last[521] := 9 37;
set Last[522] := 10 38;
set Last[523] := 11 39;
set Last[524] := 12 40;
set Last[525] := 13 41;
set Last[526] := 14 42;
set Last[527] := 15 43;
set Last[528] := 16 44;
set Last[529] := 17 45;
set Last[530] := 18 46;
set Last[531] := 19 47;
set Last[532] := 20 48;
set Last[533] := 21 49;
set Last[534] := 22 50;
set Last[535] := 23 51;
set Last[536] := 24 52;
set Last[537] := 25 53;
set Last[538] := 27 55;
set Last[539] := 1 29;
set Last[540] := 3 31;
set Last[541] := 4 32;
set Last[542] := 5 33;
set Last[543] := 6 34;
set Last[544] := 7 35;
set Last[545] := 8 36;
set Last[546] := 9 37;
set Last[547] := 10 38;
set Last[548] := 11 39;
set Last[549] := 12 40;
set Last[550] := 13 41;
set Last[551] := 14 42;
set Last[552] := 15 43;
set Last[553] := 17 45;
set Last[554] := 18 46;
set Last[555] := 19 47;
set Last[556] := 20 48;
set Last[557] := 21 49;
set Last[558] := 22 50;
set Last[559] := 23 51;
set Last[560] := 24 52;
set Last[561] := 25 53;
set Last[562] := 26 54;

param q := 5;

end;
