data;

set V := 1 2 3 4 5 6 7 8 9 10 11 12 13 14 15 16 17 18 19 20 21 22 23 25 26 27 28 29 30 31 32 33 34 35 36 37 38 39 41 42 43 44 45 46 47 49 50 51 52 53 54 55 56 58 59 60 61 62 63 64 65 66 67 68 69 70 74 75 76 78 79 80 81 82 83 85 87 89 91 92 93 94 95;

set A := 1 3
         1 4
         1 6
         1 8
         1 49
         2 4
         2 7
         2 50
         3 1
         3 38
         3 39
         3 51
         4 1
         4 2
         4 52
         5 6
         5 8
         5 26
         5 53
         6 1
         6 5
         6 12
         6 23
         6 54
         7 2
         7 46
         7 55
         8 1
         8 5
         8 46
         8 56
         9 10
         9 11
         9 25
         10 9
         10 33
         10 39
         10 58
         11 9
         11 12
         11 19
         11 20
         11 59
         12 6
         12 11
         12 22
         12 60
         13 14
         13 28
         13 61
         14 13
         14 15
         14 17
         14 62
         15 14
         15 63
         16 15
         16 17
         16 64
         17 14
         17 16
         17 18
         17 65
         18 17
         18 19
         18 20
         18 66
         19 11
         19 18
         19 67
         20 11
         20 18
         20 68
         21 22
         21 23
         21 69
         22 12
         22 21
         22 70
         23 6
         23 21
         23 26
         25 39
         26 5
         26 23
         26 74
         27 75
         28 13
         28 76
         29 28
         30 43
         30 78
         31 32
         31 34
         31 79
         32 31
         32 33
         32 80
         33 10
         33 32
         33 81
         34 27
         34 31
         34 37
         34 82
         35 36
         35 83
         36 35
         36 37
         37 27
         37 34
         37 36
         37 44
         37 85
         38 3
         38 39
         38 47
         39 3
         39 10
         39 38
         39 87
         41 42
         41 45
         41 89
         42 41
         42 43
         42 44
         43 30
         43 42
         43 91
         44 37
         44 42
         44 92
         45 41
         45 46
         45 93
         46 7
         46 8
         46 45
         46 47
         46 94
         47 38
         47 46
         47 95
         ;

set S := 1 2 3 4 5 6 7 8 9 10 11 12 13 14 15 16 17 18 19 20 21 22 23 24 25 26 27 28 29 30 31 32 33 34 35 36 37 38 39 40 41 42 43 44 45 46 47 48 49 50 51 52 53 54 55 56 57 58 59 60 61 62 63 64 65 66 67 68 69 70 71 72 73 74 75 76 77 78 79 80 81 82 83 84 85 86 87 88 89 90 91 92 93 94 95 96 97 98 99 100 101 102 103 104 105 106 107 108 109 110 111 112 113 114 115 116 117 118 119 120 121 122 123 124 125 126 127 128 129 130 131 132 133 134 135 136 137 138 139 140 141 142 143 144 145 146 147 148 149 150 151 152 153 154 155 156 157 158 159 160 161 162 163 164 165 166 167 168 169 170 171 172 173 174 175 176 177 178 179 180 181 182 183 184 185 186 187 188 189 190 191 192 193 194 195 196 197 198 199 200 201 202 203 204 205 206 207 208 209 210 211 212 213 214 215 216 217 218 219 220 221 222 223 224 225 226 227 228 229 230 231 232 233 234 235 236 237 238 239 240 241 242 243 244 245 246 247 248 249 250 251 252 253 254 255 256 257 258 259 260 261 262 263 264 265 266 267 268 269 270 271 272 273 274 275 276 277 278 279 280 281 282 283 284 285 286 287 288 289 290 291 292 293 294 295 296 297 298 299 300 301 302 303 304 305 306 307 308 309 310 311 312 313 314 315 316 317 318 319 320 321 322 323 324 325 326 327 328 329 330 331 332 333 334 335 336 337 338 339 340 341 342 343 344 345 346 347 348 349 350 351 352 353 354 355 356 357 358 359 360 361 362 363 364 365 366 367 368 369 370 371 372 373 374 375 376 377 378 379 380 381 382 383 384 385 386 387 388 389 390 391 392 393 394 395 396 397 398 399 400 401 402 403 404 405 406 407 408 409 410 411 412 413 414 415 416 417 418 419 420 421 422 423 424 425 426 427 428 429 430 431 432 433;

set F[1] := 1 4
            4 2
            2 50
            ;
set F[2] := 1 3
            3 51
            ;
set F[3] := 1 4
            4 52
            ;
set F[4] := 1 6
            6 5
            5 53
            ;
set F[5] := 1 6
            6 54
            ;
set F[6] := 1 4
            4 2
            2 7
            7 55
            ;
set F[7] := 1 8
            8 56
            ;
set F[8] := 1 3
            3 39
            39 10
            10 58
            ;
set F[9] := 1 6
            6 12
            12 11
            11 59
            ;
set F[10] := 1 6
             6 12
             12 60
             ;
set F[11] := 1 6
             6 12
             12 11
             11 19
             19 18
             18 17
             17 14
             14 13
             13 61
             ;
set F[12] := 1 6
             6 12
             12 11
             11 19
             19 18
             18 17
             17 14
             14 62
             ;
set F[13] := 1 6
             6 12
             12 11
             11 19
             19 18
             18 17
             17 14
             14 15
             15 63
             ;
set F[14] := 1 6
             6 12
             12 11
             11 19
             19 18
             18 17
             17 16
             16 64
             ;
set F[15] := 1 6
             6 12
             12 11
             11 19
             19 18
             18 17
             17 65
             ;
set F[16] := 1 6
             6 12
             12 11
             11 19
             19 18
             18 66
             ;
set F[17] := 1 6
             6 12
             12 11
             11 19
             19 67
             ;
set F[18] := 1 6
             6 12
             12 11
             11 20
             20 68
             ;
set F[19] := 1 6
             6 23
             23 21
             21 69
             ;
set F[20] := 1 6
             6 12
             12 22
             22 70
             ;
set F[21] := 1 6
             6 5
             5 26
             26 74
             ;
set F[22] := 1 3
             3 39
             39 10
             10 33
             33 32
             32 31
             31 34
             34 27
             27 75
             ;
set F[23] := 1 6
             6 12
             12 11
             11 19
             19 18
             18 17
             17 14
             14 13
             13 28
             28 76
             ;
set F[24] := 1 8
             8 46
             46 45
             45 41
             41 42
             42 43
             43 30
             30 78
             ;
set F[25] := 1 3
             3 39
             39 10
             10 33
             33 32
             32 31
             31 79
             ;
set F[26] := 1 3
             3 39
             39 10
             10 33
             33 32
             32 80
             ;
set F[27] := 1 3
             3 39
             39 10
             10 33
             33 81
             ;
set F[28] := 1 3
             3 39
             39 10
             10 33
             33 32
             32 31
             31 34
             34 82
             ;
set F[29] := 1 8
             8 46
             46 45
             45 41
             41 42
             42 44
             44 37
             37 36
             36 35
             35 83
             ;
set F[30] := 1 8
             8 46
             46 45
             45 41
             41 42
             42 44
             44 37
             37 85
             ;
set F[31] := 1 3
             3 39
             39 87
             ;
set F[32] := 1 8
             8 46
             46 45
             45 41
             41 89
             ;
set F[33] := 1 8
             8 46
             46 45
             45 41
             41 42
             42 43
             43 91
             ;
set F[34] := 1 8
             8 46
             46 45
             45 41
             41 42
             42 44
             44 92
             ;
set F[35] := 1 8
             8 46
             46 45
             45 93
             ;
set F[36] := 1 8
             8 46
             46 94
             ;
set F[37] := 1 3
             3 38
             38 47
             47 95
             ;
set F[38] := 2 4
             4 1
             1 3
             3 39
             39 10
             10 58
             ;
set F[39] := 2 4
             4 1
             1 6
             6 12
             12 60
             ;
set F[40] := 2 4
             4 1
             1 6
             6 12
             12 11
             11 19
             19 18
             18 17
             17 14
             14 62
             ;
set F[41] := 2 4
             4 1
             1 3
             3 39
             39 10
             10 33
             33 81
             ;
set F[42] := 2 7
             7 46
             46 45
             45 41
             41 42
             42 44
             44 37
             37 85
             ;
set F[43] := 3 1
             1 6
             6 5
             5 53
             ;
set F[44] := 3 1
             1 6
             6 54
             ;
set F[45] := 3 1
             1 8
             8 56
             ;
set F[46] := 3 39
             39 10
             10 58
             ;
set F[47] := 3 1
             1 6
             6 12
             12 60
             ;
set F[48] := 3 1
             1 6
             6 12
             12 11
             11 19
             19 18
             18 17
             17 14
             14 62
             ;
set F[49] := 3 39
             39 10
             10 33
             33 32
             32 80
             ;
set F[50] := 3 39
             39 10
             10 33
             33 81
             ;
set F[51] := 3 39
             39 10
             10 33
             33 32
             32 31
             31 34
             34 82
             ;
set F[52] := 3 39
             39 10
             10 33
             33 32
             32 31
             31 34
             34 37
             37 85
             ;
set F[53] := 3 1
             1 8
             8 46
             46 94
             ;
set F[54] := 4 1
             1 6
             6 5
             5 53
             ;
set F[55] := 4 1
             1 6
             6 54
             ;
set F[56] := 4 1
             1 8
             8 56
             ;
set F[57] := 4 1
             1 3
             3 39
             39 10
             10 58
             ;
set F[58] := 4 1
             1 6
             6 12
             12 60
             ;
set F[59] := 4 1
             1 6
             6 12
             12 11
             11 19
             19 18
             18 17
             17 14
             14 62
             ;
set F[60] := 4 1
             1 6
             6 12
             12 11
             11 20
             20 68
             ;
set F[61] := 4 1
             1 3
             3 39
             39 10
             10 33
             33 32
             32 31
             31 34
             34 27
             27 75
             ;
set F[62] := 4 1
             1 3
             3 39
             39 10
             10 33
             33 32
             32 80
             ;
set F[63] := 4 1
             1 3
             3 39
             39 10
             10 33
             33 81
             ;
set F[64] := 4 1
             1 3
             3 39
             39 10
             10 33
             33 32
             32 31
             31 34
             34 82
             ;
set F[65] := 4 1
             1 8
             8 46
             46 45
             45 41
             41 42
             42 44
             44 37
             37 85
             ;
set F[66] := 4 1
             1 8
             8 46
             46 94
             ;
set F[67] := 5 6
             6 1
             1 4
             4 52
             ;
set F[68] := 5 6
             6 54
             ;
set F[69] := 5 8
             8 56
             ;
set F[70] := 5 6
             6 1
             1 3
             3 39
             39 10
             10 58
             ;
set F[71] := 5 6
             6 12
             12 11
             11 59
             ;
set F[72] := 5 6
             6 12
             12 60
             ;
set F[73] := 5 6
             6 12
             12 11
             11 19
             19 18
             18 17
             17 14
             14 62
             ;
set F[74] := 5 6
             6 12
             12 11
             11 19
             19 18
             18 17
             17 14
             14 15
             15 63
             ;
set F[75] := 5 6
             6 12
             12 11
             11 19
             19 18
             18 17
             17 16
             16 64
             ;
set F[76] := 5 6
             6 12
             12 11
             11 19
             19 18
             18 17
             17 65
             ;
set F[77] := 5 6
             6 12
             12 11
             11 19
             19 67
             ;
set F[78] := 5 6
             6 12
             12 11
             11 20
             20 68
             ;
set F[79] := 5 26
             26 23
             23 21
             21 69
             ;
set F[80] := 5 6
             6 12
             12 22
             22 70
             ;
set F[81] := 5 8
             8 46
             46 45
             45 41
             41 42
             42 44
             44 37
             37 27
             27 75
             ;
set F[82] := 5 6
             6 1
             1 3
             3 39
             39 10
             10 33
             33 32
             32 31
             31 79
             ;
set F[83] := 5 6
             6 1
             1 3
             3 39
             39 10
             10 33
             33 32
             32 80
             ;
set F[84] := 5 6
             6 1
             1 3
             3 39
             39 10
             10 33
             33 81
             ;
set F[85] := 5 8
             8 46
             46 45
             45 41
             41 42
             42 44
             44 37
             37 34
             34 82
             ;
set F[86] := 5 8
             8 46
             46 45
             45 41
             41 42
             42 44
             44 37
             37 85
             ;
set F[87] := 5 6
             6 1
             1 3
             3 39
             39 87
             ;
set F[88] := 5 8
             8 46
             46 45
             45 41
             41 42
             42 44
             44 92
             ;
set F[89] := 5 8
             8 46
             46 45
             45 93
             ;
set F[90] := 5 8
             8 46
             46 94
             ;
set F[91] := 6 1
             1 8
             8 46
             46 45
             45 41
             41 42
             42 44
             44 37
             37 85
             ;
set F[92] := 7 46
             46 47
             47 38
             38 39
             39 10
             10 58
             ;
set F[93] := 7 46
             46 45
             45 41
             41 42
             42 44
             44 37
             37 85
             ;
set F[94] := 8 1
             1 4
             4 52
             ;
set F[95] := 8 5
             5 53
             ;
set F[96] := 8 1
             1 6
             6 54
             ;
set F[97] := 8 1
             1 3
             3 39
             39 10
             10 58
             ;
set F[98] := 8 1
             1 6
             6 12
             12 11
             11 59
             ;
set F[99] := 8 1
             1 6
             6 12
             12 60
             ;
set F[100] := 8 1
              1 6
              6 12
              12 11
              11 19
              19 18
              18 17
              17 14
              14 62
              ;
set F[101] := 8 1
              1 6
              6 12
              12 11
              11 19
              19 18
              18 17
              17 16
              16 64
              ;
set F[102] := 8 1
              1 6
              6 12
              12 11
              11 19
              19 67
              ;
set F[103] := 8 1
              1 6
              6 12
              12 11
              11 20
              20 68
              ;
set F[104] := 8 46
              46 45
              45 41
              41 42
              42 44
              44 37
              37 27
              27 75
              ;
set F[105] := 8 1
              1 3
              3 39
              39 10
              10 33
              33 32
              32 80
              ;
set F[106] := 8 1
              1 3
              3 39
              39 10
              10 33
              33 81
              ;
set F[107] := 8 46
              46 45
              45 41
              41 42
              42 44
              44 37
              37 34
              34 82
              ;
set F[108] := 8 46
              46 45
              45 41
              41 42
              42 44
              44 37
              37 85
              ;
set F[109] := 8 1
              1 3
              3 39
              39 87
              ;
set F[110] := 8 46
              46 45
              45 93
              ;
set F[111] := 8 46
              46 94
              ;
set F[112] := 9 25
              25 39
              39 3
              3 1
              1 4
              4 52
              ;
set F[113] := 9 11
              11 12
              12 6
              6 5
              5 53
              ;
set F[114] := 9 11
              11 12
              12 6
              6 54
              ;
set F[115] := 9 25
              25 39
              39 3
              3 1
              1 8
              8 56
              ;
set F[116] := 9 10
              10 58
              ;
set F[117] := 9 11
              11 59
              ;
set F[118] := 9 11
              11 12
              12 60
              ;
set F[119] := 9 11
              11 19
              19 18
              18 17
              17 14
              14 13
              13 61
              ;
set F[120] := 9 11
              11 19
              19 18
              18 17
              17 14
              14 62
              ;
set F[121] := 9 11
              11 19
              19 18
              18 17
              17 14
              14 15
              15 63
              ;
set F[122] := 9 11
              11 19
              19 18
              18 17
              17 16
              16 64
              ;
set F[123] := 9 11
              11 19
              19 18
              18 17
              17 65
              ;
set F[124] := 9 11
              11 19
              19 18
              18 66
              ;
set F[125] := 9 11
              11 19
              19 67
              ;
set F[126] := 9 11
              11 20
              20 68
              ;
set F[127] := 9 11
              11 12
              12 22
              22 21
              21 69
              ;
set F[128] := 9 11
              11 12
              12 22
              22 70
              ;
set F[129] := 9 11
              11 12
              12 6
              6 5
              5 26
              26 74
              ;
set F[130] := 9 10
              10 33
              33 32
              32 31
              31 34
              34 27
              27 75
              ;
set F[131] := 9 11
              11 19
              19 18
              18 17
              17 14
              14 13
              13 28
              28 76
              ;
set F[132] := 9 25
              25 39
              39 38
              38 47
              47 46
              46 45
              45 41
              41 42
              42 43
              43 30
              30 78
              ;
set F[133] := 9 10
              10 33
              33 32
              32 31
              31 79
              ;
set F[134] := 9 10
              10 33
              33 32
              32 80
              ;
set F[135] := 9 10
              10 33
              33 81
              ;
set F[136] := 9 10
              10 33
              33 32
              32 31
              31 34
              34 82
              ;
set F[137] := 9 10
              10 33
              33 32
              32 31
              31 34
              34 37
              37 85
              ;
set F[138] := 9 25
              25 39
              39 87
              ;
set F[139] := 9 10
              10 33
              33 32
              32 31
              31 34
              34 37
              37 44
              44 92
              ;
set F[140] := 9 25
              25 39
              39 38
              38 47
              47 46
              46 45
              45 93
              ;
set F[141] := 9 25
              25 39
              39 38
              38 47
              47 46
              46 94
              ;
set F[142] := 10 39
              39 3
              3 1
              1 4
              4 52
              ;
set F[143] := 10 9
              9 11
              11 12
              12 6
              6 5
              5 53
              ;
set F[144] := 10 9
              9 11
              11 12
              12 6
              6 54
              ;
set F[145] := 10 39
              39 3
              3 1
              1 8
              8 56
              ;
set F[146] := 10 9
              9 11
              11 12
              12 60
              ;
set F[147] := 10 9
              9 11
              11 19
              19 18
              18 17
              17 14
              14 62
              ;
set F[148] := 10 33
              33 32
              32 31
              31 34
              34 27
              27 75
              ;
set F[149] := 10 33
              33 32
              32 80
              ;
set F[150] := 10 33
              33 81
              ;
set F[151] := 10 33
              33 32
              32 31
              31 34
              34 82
              ;
set F[152] := 10 33
              33 32
              32 31
              31 34
              34 37
              37 85
              ;
set F[153] := 10 39
              39 38
              38 47
              47 46
              46 94
              ;
set F[154] := 11 9
              9 10
              10 33
              33 32
              32 31
              31 34
              34 37
              37 85
              ;
set F[155] := 13 14
              14 17
              17 18
              18 19
              19 11
              11 12
              12 6
              6 1
              1 4
              4 52
              ;
set F[156] := 13 14
              14 17
              17 18
              18 19
              19 11
              11 12
              12 6
              6 5
              5 53
              ;
set F[157] := 13 14
              14 17
              17 18
              18 19
              19 11
              11 12
              12 6
              6 54
              ;
set F[158] := 13 14
              14 17
              17 18
              18 19
              19 11
              11 12
              12 6
              6 1
              1 8
              8 56
              ;
set F[159] := 13 14
              14 17
              17 18
              18 19
              19 11
              11 9
              9 10
              10 58
              ;
set F[160] := 13 14
              14 17
              17 18
              18 19
              19 11
              11 12
              12 60
              ;
set F[161] := 13 14
              14 62
              ;
set F[162] := 13 14
              14 17
              17 18
              18 19
              19 11
              11 9
              9 10
              10 33
              33 32
              32 80
              ;
set F[163] := 13 14
              14 17
              17 18
              18 19
              19 11
              11 9
              9 10
              10 33
              33 81
              ;
set F[164] := 13 14
              14 17
              17 18
              18 19
              19 11
              11 9
              9 10
              10 33
              33 32
              32 31
              31 34
              34 82
              ;
set F[165] := 13 14
              14 17
              17 18
              18 19
              19 11
              11 9
              9 10
              10 33
              33 32
              32 31
              31 34
              34 37
              37 85
              ;
set F[166] := 13 14
              14 17
              17 18
              18 19
              19 11
              11 12
              12 6
              6 1
              1 8
              8 46
              46 94
              ;
set F[167] := 14 17
              17 18
              18 19
              19 11
              11 12
              12 6
              6 1
              1 8
              8 56
              ;
set F[168] := 14 17
              17 18
              18 19
              19 11
              11 9
              9 10
              10 58
              ;
set F[169] := 14 17
              17 18
              18 19
              19 11
              11 12
              12 60
              ;
set F[170] := 14 17
              17 18
              18 19
              19 11
              11 9
              9 10
              10 33
              33 81
              ;
set F[171] := 14 17
              17 18
              18 19
              19 11
              11 9
              9 10
              10 33
              33 32
              32 31
              31 34
              34 37
              37 85
              ;
set F[172] := 14 17
              17 18
              18 19
              19 11
              11 12
              12 6
              6 1
              1 8
              8 46
              46 94
              ;
set F[173] := 15 14
              14 17
              17 18
              18 19
              19 11
              11 9
              9 10
              10 58
              ;
set F[174] := 15 14
              14 17
              17 18
              18 19
              19 11
              11 12
              12 60
              ;
set F[175] := 15 14
              14 62
              ;
set F[176] := 15 14
              14 17
              17 18
              18 19
              19 11
              11 9
              9 10
              10 33
              33 81
              ;
set F[177] := 15 14
              14 17
              17 18
              18 19
              19 11
              11 9
              9 10
              10 33
              33 32
              32 31
              31 34
              34 37
              37 85
              ;
set F[178] := 16 17
              17 18
              18 19
              19 11
              11 12
              12 6
              6 1
              1 4
              4 52
              ;
set F[179] := 16 17
              17 18
              18 19
              19 11
              11 12
              12 6
              6 5
              5 53
              ;
set F[180] := 16 17
              17 18
              18 19
              19 11
              11 12
              12 6
              6 54
              ;
set F[181] := 16 17
              17 18
              18 19
              19 11
              11 12
              12 6
              6 1
              1 8
              8 56
              ;
set F[182] := 16 17
              17 18
              18 19
              19 11
              11 9
              9 10
              10 58
              ;
set F[183] := 16 17
              17 18
              18 19
              19 11
              11 12
              12 60
              ;
set F[184] := 16 15
              15 14
              14 62
              ;
set F[185] := 16 17
              17 18
              18 19
              19 11
              11 9
              9 10
              10 33
              33 32
              32 80
              ;
set F[186] := 16 17
              17 18
              18 19
              19 11
              11 9
              9 10
              10 33
              33 81
              ;
set F[187] := 16 17
              17 18
              18 19
              19 11
              11 9
              9 10
              10 33
              33 32
              32 31
              31 34
              34 82
              ;
set F[188] := 16 17
              17 18
              18 19
              19 11
              11 9
              9 10
              10 33
              33 32
              32 31
              31 34
              34 37
              37 85
              ;
set F[189] := 16 17
              17 18
              18 19
              19 11
              11 12
              12 6
              6 1
              1 8
              8 46
              46 94
              ;
set F[190] := 17 18
              18 19
              19 11
              11 9
              9 10
              10 58
              ;
set F[191] := 17 18
              18 19
              19 11
              11 12
              12 60
              ;
set F[192] := 17 14
              14 62
              ;
set F[193] := 17 18
              18 19
              19 11
              11 9
              9 10
              10 33
              33 81
              ;
set F[194] := 17 18
              18 19
              19 11
              11 9
              9 10
              10 33
              33 32
              32 31
              31 34
              34 37
              37 85
              ;
set F[195] := 19 11
              11 9
              9 10
              10 58
              ;
set F[196] := 19 11
              11 9
              9 10
              10 33
              33 32
              32 31
              31 34
              34 37
              37 85
              ;
set F[197] := 20 11
              11 12
              12 6
              6 1
              1 4
              4 52
              ;
set F[198] := 20 11
              11 12
              12 6
              6 5
              5 53
              ;
set F[199] := 20 11
              11 12
              12 6
              6 54
              ;
set F[200] := 20 11
              11 12
              12 6
              6 1
              1 8
              8 56
              ;
set F[201] := 20 11
              11 9
              9 10
              10 58
              ;
set F[202] := 20 11
              11 59
              ;
set F[203] := 20 11
              11 12
              12 60
              ;
set F[204] := 20 18
              18 17
              17 14
              14 62
              ;
set F[205] := 20 11
              11 9
              9 10
              10 33
              33 32
              32 31
              31 34
              34 27
              27 75
              ;
set F[206] := 20 11
              11 9
              9 10
              10 33
              33 32
              32 80
              ;
set F[207] := 20 11
              11 9
              9 10
              10 33
              33 81
              ;
set F[208] := 20 11
              11 9
              9 10
              10 33
              33 32
              32 31
              31 34
              34 82
              ;
set F[209] := 20 11
              11 9
              9 10
              10 33
              33 32
              32 31
              31 34
              34 37
              37 85
              ;
set F[210] := 20 11
              11 9
              9 25
              25 39
              39 87
              ;
set F[211] := 20 11
              11 12
              12 6
              6 1
              1 8
              8 46
              46 94
              ;
set F[212] := 21 23
              23 6
              6 1
              1 4
              4 52
              ;
set F[213] := 21 23
              23 6
              6 5
              5 53
              ;
set F[214] := 21 23
              23 6
              6 54
              ;
set F[215] := 21 23
              23 6
              6 1
              1 8
              8 56
              ;
set F[216] := 21 22
              22 12
              12 11
              11 9
              9 10
              10 58
              ;
set F[217] := 21 22
              22 12
              12 60
              ;
set F[218] := 21 22
              22 12
              12 11
              11 19
              19 18
              18 17
              17 14
              14 62
              ;
set F[219] := 21 22
              22 12
              12 11
              11 9
              9 10
              10 33
              33 32
              32 80
              ;
set F[220] := 21 22
              22 12
              12 11
              11 9
              9 10
              10 33
              33 81
              ;
set F[221] := 21 22
              22 12
              12 11
              11 9
              9 10
              10 33
              33 32
              32 31
              31 34
              34 82
              ;
set F[222] := 21 22
              22 12
              12 11
              11 9
              9 10
              10 33
              33 32
              32 31
              31 34
              34 37
              37 85
              ;
set F[223] := 21 23
              23 6
              6 1
              1 8
              8 46
              46 94
              ;
set F[224] := 23 6
              6 1
              1 3
              3 51
              ;
set F[225] := 23 6
              6 1
              1 4
              4 52
              ;
set F[226] := 23 6
              6 5
              5 53
              ;
set F[227] := 23 6
              6 54
              ;
set F[228] := 23 6
              6 1
              1 8
              8 56
              ;
set F[229] := 23 6
              6 1
              1 3
              3 39
              39 10
              10 58
              ;
set F[230] := 23 6
              6 12
              12 11
              11 59
              ;
set F[231] := 23 6
              6 12
              12 60
              ;
set F[232] := 23 6
              6 12
              12 11
              11 19
              19 18
              18 17
              17 14
              14 13
              13 61
              ;
set F[233] := 23 6
              6 12
              12 11
              11 19
              19 18
              18 17
              17 14
              14 62
              ;
set F[234] := 23 6
              6 12
              12 11
              11 19
              19 18
              18 17
              17 14
              14 15
              15 63
              ;
set F[235] := 23 6
              6 12
              12 11
              11 19
              19 18
              18 17
              17 16
              16 64
              ;
set F[236] := 23 6
              6 12
              12 11
              11 19
              19 18
              18 17
              17 65
              ;
set F[237] := 23 6
              6 12
              12 11
              11 19
              19 18
              18 66
              ;
set F[238] := 23 6
              6 12
              12 11
              11 19
              19 67
              ;
set F[239] := 23 6
              6 12
              12 11
              11 20
              20 68
              ;
set F[240] := 23 21
              21 69
              ;
set F[241] := 23 21
              21 22
              22 70
              ;
set F[242] := 23 26
              26 74
              ;
set F[243] := 23 6
              6 1
              1 3
              3 39
              39 10
              10 33
              33 32
              32 31
              31 34
              34 27
              27 75
              ;
set F[244] := 23 6
              6 12
              12 11
              11 19
              19 18
              18 17
              17 14
              14 13
              13 28
              28 76
              ;
set F[245] := 23 6
              6 1
              1 8
              8 46
              46 45
              45 41
              41 42
              42 43
              43 30
              30 78
              ;
set F[246] := 23 6
              6 1
              1 3
              3 39
              39 10
              10 33
              33 32
              32 31
              31 79
              ;
set F[247] := 23 6
              6 1
              1 3
              3 39
              39 10
              10 33
              33 32
              32 80
              ;
set F[248] := 23 6
              6 1
              1 3
              3 39
              39 10
              10 33
              33 81
              ;
set F[249] := 23 6
              6 1
              1 3
              3 39
              39 10
              10 33
              33 32
              32 31
              31 34
              34 82
              ;
set F[250] := 23 6
              6 1
              1 8
              8 46
              46 45
              45 41
              41 42
              42 44
              44 37
              37 85
              ;
set F[251] := 23 6
              6 1
              1 3
              3 39
              39 87
              ;
set F[252] := 23 6
              6 1
              1 8
              8 46
              46 45
              45 41
              41 42
              42 44
              44 92
              ;
set F[253] := 23 6
              6 1
              1 8
              8 46
              46 45
              45 93
              ;
set F[254] := 23 6
              6 1
              1 8
              8 46
              46 94
              ;
set F[255] := 26 5
              5 8
              8 56
              ;
set F[256] := 26 5
              5 6
              6 1
              1 3
              3 39
              39 10
              10 58
              ;
set F[257] := 26 5
              5 6
              6 12
              12 60
              ;
set F[258] := 26 5
              5 6
              6 12
              12 11
              11 19
              19 18
              18 17
              17 14
              14 62
              ;
set F[259] := 26 5
              5 6
              6 1
              1 3
              3 39
              39 10
              10 33
              33 81
              ;
set F[260] := 26 5
              5 8
              8 46
              46 45
              45 41
              41 42
              42 44
              44 37
              37 85
              ;
set F[261] := 26 5
              5 8
              8 46
              46 94
              ;
set F[262] := 28 13
              13 14
              14 17
              17 18
              18 19
              19 11
              11 12
              12 6
              6 1
              1 4
              4 52
              ;
set F[263] := 28 13
              13 14
              14 17
              17 18
              18 19
              19 11
              11 12
              12 6
              6 5
              5 53
              ;
set F[264] := 28 13
              13 14
              14 17
              17 18
              18 19
              19 11
              11 12
              12 6
              6 54
              ;
set F[265] := 28 13
              13 14
              14 17
              17 18
              18 19
              19 11
              11 12
              12 6
              6 1
              1 8
              8 56
              ;
set F[266] := 28 13
              13 14
              14 17
              17 18
              18 19
              19 11
              11 9
              9 10
              10 58
              ;
set F[267] := 28 13
              13 14
              14 17
              17 18
              18 19
              19 11
              11 59
              ;
set F[268] := 28 13
              13 14
              14 17
              17 18
              18 19
              19 11
              11 12
              12 60
              ;
set F[269] := 28 13
              13 14
              14 62
              ;
set F[270] := 28 13
              13 14
              14 17
              17 18
              18 20
              20 68
              ;
set F[271] := 28 13
              13 14
              14 17
              17 18
              18 19
              19 11
              11 9
              9 10
              10 33
              33 32
              32 31
              31 34
              34 27
              27 75
              ;
set F[272] := 28 13
              13 14
              14 17
              17 18
              18 19
              19 11
              11 9
              9 10
              10 33
              33 32
              32 80
              ;
set F[273] := 28 13
              13 14
              14 17
              17 18
              18 19
              19 11
              11 9
              9 10
              10 33
              33 81
              ;
set F[274] := 28 13
              13 14
              14 17
              17 18
              18 19
              19 11
              11 9
              9 10
              10 33
              33 32
              32 31
              31 34
              34 82
              ;
set F[275] := 28 13
              13 14
              14 17
              17 18
              18 19
              19 11
              11 9
              9 10
              10 33
              33 32
              32 31
              31 34
              34 37
              37 85
              ;
set F[276] := 28 13
              13 14
              14 17
              17 18
              18 19
              19 11
              11 9
              9 25
              25 39
              39 87
              ;
set F[277] := 28 13
              13 14
              14 17
              17 18
              18 19
              19 11
              11 12
              12 6
              6 1
              1 8
              8 46
              46 94
              ;
set F[278] := 29 28
              28 13
              13 14
              14 17
              17 18
              18 19
              19 11
              11 9
              9 10
              10 33
              33 32
              32 31
              31 34
              34 37
              37 85
              ;
set F[279] := 30 43
              43 42
              42 41
              41 45
              45 46
              46 47
              47 38
              38 39
              39 10
              10 58
              ;
set F[280] := 30 43
              43 42
              42 41
              41 45
              45 46
              46 8
              8 1
              1 6
              6 12
              12 60
              ;
set F[281] := 30 43
              43 42
              42 41
              41 45
              45 46
              46 8
              8 1
              1 6
              6 12
              12 11
              11 19
              19 18
              18 17
              17 14
              14 62
              ;
set F[282] := 30 43
              43 42
              42 44
              44 37
              37 34
              34 31
              31 32
              32 33
              33 81
              ;
set F[283] := 30 43
              43 42
              42 44
              44 37
              37 85
              ;
set F[284] := 32 31
              31 34
              34 37
              37 85
              ;
set F[285] := 33 10
              10 39
              39 3
              3 1
              1 4
              4 52
              ;
set F[286] := 33 10
              10 9
              9 11
              11 12
              12 6
              6 5
              5 53
              ;
set F[287] := 33 10
              10 9
              9 11
              11 12
              12 6
              6 54
              ;
set F[288] := 33 10
              10 39
              39 3
              3 1
              1 8
              8 56
              ;
set F[289] := 33 10
              10 58
              ;
set F[290] := 33 10
              10 9
              9 11
              11 59
              ;
set F[291] := 33 10
              10 9
              9 11
              11 12
              12 60
              ;
set F[292] := 33 10
              10 9
              9 11
              11 19
              19 18
              18 17
              17 14
              14 62
              ;
set F[293] := 33 10
              10 9
              9 11
              11 19
              19 18
              18 17
              17 16
              16 64
              ;
set F[294] := 33 10
              10 9
              9 11
              11 19
              19 18
              18 17
              17 65
              ;
set F[295] := 33 10
              10 9
              9 11
              11 19
              19 67
              ;
set F[296] := 33 10
              10 9
              9 11
              11 20
              20 68
              ;
set F[297] := 33 10
              10 9
              9 11
              11 12
              12 22
              22 70
              ;
set F[298] := 33 32
              32 31
              31 34
              34 27
              27 75
              ;
set F[299] := 33 32
              32 31
              31 79
              ;
set F[300] := 33 32
              32 80
              ;
set F[301] := 33 32
              32 31
              31 34
              34 82
              ;
set F[302] := 33 32
              32 31
              31 34
              34 37
              37 85
              ;
set F[303] := 33 10
              10 39
              39 87
              ;
set F[304] := 33 32
              32 31
              31 34
              34 37
              37 44
              44 92
              ;
set F[305] := 33 10
              10 39
              39 38
              38 47
              47 46
              46 45
              45 93
              ;
set F[306] := 33 10
              10 39
              39 38
              38 47
              47 46
              46 94
              ;
set F[307] := 34 31
              31 32
              32 33
              33 10
              10 58
              ;
set F[308] := 34 37
              37 85
              ;
set F[309] := 35 36
              36 37
              37 44
              44 42
              42 41
              41 45
              45 46
              46 8
              8 1
              1 6
              6 54
              ;
set F[310] := 35 36
              36 37
              37 44
              44 42
              42 41
              41 45
              45 46
              46 8
              8 56
              ;
set F[311] := 35 36
              36 37
              37 34
              34 31
              31 32
              32 33
              33 10
              10 58
              ;
set F[312] := 35 36
              36 37
              37 34
              34 31
              31 32
              32 33
              33 10
              10 9
              9 11
              11 12
              12 60
              ;
set F[313] := 35 36
              36 37
              37 34
              34 31
              31 32
              32 33
              33 10
              10 9
              9 11
              11 19
              19 18
              18 17
              17 14
              14 62
              ;
set F[314] := 35 36
              36 37
              37 34
              34 31
              31 32
              32 80
              ;
set F[315] := 35 36
              36 37
              37 34
              34 31
              31 32
              32 33
              33 81
              ;
set F[316] := 35 36
              36 37
              37 34
              34 82
              ;
set F[317] := 35 36
              36 37
              37 85
              ;
set F[318] := 35 36
              36 37
              37 44
              44 42
              42 41
              41 45
              45 46
              46 94
              ;
set F[319] := 36 37
              37 85
              ;
set F[320] := 39 3
              3 51
              ;
set F[321] := 39 3
              3 1
              1 4
              4 52
              ;
set F[322] := 39 3
              3 1
              1 6
              6 5
              5 53
              ;
set F[323] := 39 3
              3 1
              1 6
              6 54
              ;
set F[324] := 39 3
              3 1
              1 8
              8 56
              ;
set F[325] := 39 10
              10 58
              ;
set F[326] := 39 10
              10 9
              9 11
              11 59
              ;
set F[327] := 39 3
              3 1
              1 6
              6 12
              12 60
              ;
set F[328] := 39 10
              10 9
              9 11
              11 19
              19 18
              18 17
              17 14
              14 13
              13 61
              ;
set F[329] := 39 10
              10 9
              9 11
              11 19
              19 18
              18 17
              17 14
              14 62
              ;
set F[330] := 39 10
              10 9
              9 11
              11 19
              19 18
              18 17
              17 14
              14 15
              15 63
              ;
set F[331] := 39 10
              10 9
              9 11
              11 19
              19 18
              18 17
              17 16
              16 64
              ;
set F[332] := 39 10
              10 9
              9 11
              11 19
              19 18
              18 17
              17 65
              ;
set F[333] := 39 10
              10 9
              9 11
              11 19
              19 18
              18 66
              ;
set F[334] := 39 10
              10 9
              9 11
              11 19
              19 67
              ;
set F[335] := 39 10
              10 9
              9 11
              11 20
              20 68
              ;
set F[336] := 39 3
              3 1
              1 6
              6 23
              23 21
              21 69
              ;
set F[337] := 39 3
              3 1
              1 6
              6 12
              12 22
              22 70
              ;
set F[338] := 39 3
              3 1
              1 6
              6 5
              5 26
              26 74
              ;
set F[339] := 39 10
              10 33
              33 32
              32 31
              31 34
              34 27
              27 75
              ;
set F[340] := 39 10
              10 9
              9 11
              11 19
              19 18
              18 17
              17 14
              14 13
              13 28
              28 76
              ;
set F[341] := 39 38
              38 47
              47 46
              46 45
              45 41
              41 42
              42 43
              43 30
              30 78
              ;
set F[342] := 39 10
              10 33
              33 32
              32 31
              31 79
              ;
set F[343] := 39 10
              10 33
              33 32
              32 80
              ;
set F[344] := 39 10
              10 33
              33 81
              ;
set F[345] := 39 10
              10 33
              33 32
              32 31
              31 34
              34 82
              ;
set F[346] := 39 10
              10 33
              33 32
              32 31
              31 34
              34 37
              37 36
              36 35
              35 83
              ;
set F[347] := 39 10
              10 33
              33 32
              32 31
              31 34
              34 37
              37 85
              ;
set F[348] := 39 38
              38 47
              47 46
              46 45
              45 41
              41 42
              42 43
              43 91
              ;
set F[349] := 39 10
              10 33
              33 32
              32 31
              31 34
              34 37
              37 44
              44 92
              ;
set F[350] := 39 38
              38 47
              47 46
              46 45
              45 93
              ;
set F[351] := 39 38
              38 47
              47 46
              46 94
              ;
set F[352] := 39 38
              38 47
              47 95
              ;
set F[353] := 42 44
              44 37
              37 85
              ;
set F[354] := 43 42
              42 44
              44 37
              37 85
              ;
set F[355] := 44 42
              42 41
              41 45
              45 46
              46 7
              7 2
              2 4
              4 52
              ;
set F[356] := 44 42
              42 41
              41 45
              45 46
              46 8
              8 5
              5 53
              ;
set F[357] := 44 42
              42 41
              41 45
              45 46
              46 8
              8 1
              1 6
              6 54
              ;
set F[358] := 44 42
              42 41
              41 45
              45 46
              46 8
              8 56
              ;
set F[359] := 44 37
              37 34
              34 31
              31 32
              32 33
              33 10
              10 58
              ;
set F[360] := 44 37
              37 34
              34 31
              31 32
              32 33
              33 10
              10 9
              9 11
              11 59
              ;
set F[361] := 44 42
              42 41
              41 45
              45 46
              46 8
              8 1
              1 6
              6 12
              12 60
              ;
set F[362] := 44 37
              37 34
              34 31
              31 32
              32 33
              33 10
              10 9
              9 11
              11 19
              19 18
              18 17
              17 14
              14 62
              ;
set F[363] := 44 37
              37 34
              34 31
              31 32
              32 33
              33 10
              10 9
              9 11
              11 19
              19 18
              18 17
              17 16
              16 64
              ;
set F[364] := 44 37
              37 34
              34 31
              31 32
              32 33
              33 10
              10 9
              9 11
              11 19
              19 67
              ;
set F[365] := 44 37
              37 34
              34 31
              31 32
              32 33
              33 10
              10 9
              9 11
              11 20
              20 68
              ;
set F[366] := 44 37
              37 27
              27 75
              ;
set F[367] := 44 37
              37 34
              34 31
              31 32
              32 80
              ;
set F[368] := 44 37
              37 34
              34 31
              31 32
              32 33
              33 81
              ;
set F[369] := 44 37
              37 34
              34 82
              ;
set F[370] := 44 37
              37 85
              ;
set F[371] := 44 37
              37 34
              34 31
              31 32
              32 33
              33 10
              10 39
              39 87
              ;
set F[372] := 44 42
              42 41
              41 45
              45 93
              ;
set F[373] := 44 42
              42 41
              41 45
              45 46
              46 94
              ;
set F[374] := 45 46
              46 7
              7 2
              2 4
              4 52
              ;
set F[375] := 45 46
              46 8
              8 5
              5 53
              ;
set F[376] := 45 46
              46 8
              8 1
              1 6
              6 54
              ;
set F[377] := 45 46
              46 8
              8 56
              ;
set F[378] := 45 46
              46 47
              47 38
              38 39
              39 10
              10 58
              ;
set F[379] := 45 46
              46 8
              8 1
              1 6
              6 12
              12 60
              ;
set F[380] := 45 46
              46 8
              8 1
              1 6
              6 12
              12 11
              11 19
              19 18
              18 17
              17 14
              14 62
              ;
set F[381] := 45 41
              41 42
              42 44
              44 37
              37 27
              27 75
              ;
set F[382] := 45 41
              41 42
              42 44
              44 37
              37 34
              34 31
              31 32
              32 80
              ;
set F[383] := 45 46
              46 47
              47 38
              38 39
              39 10
              10 33
              33 81
              ;
set F[384] := 45 41
              41 42
              42 44
              44 37
              37 34
              34 82
              ;
set F[385] := 45 41
              41 42
              42 44
              44 37
              37 85
              ;
set F[386] := 45 46
              46 94
              ;
set F[387] := 46 8
              8 1
              1 49
              ;
set F[388] := 46 7
              7 2
              2 50
              ;
set F[389] := 46 8
              8 1
              1 3
              3 51
              ;
set F[390] := 46 7
              7 2
              2 4
              4 52
              ;
set F[391] := 46 8
              8 5
              5 53
              ;
set F[392] := 46 8
              8 1
              1 6
              6 54
              ;
set F[393] := 46 7
              7 55
              ;
set F[394] := 46 8
              8 56
              ;
set F[395] := 46 47
              47 38
              38 39
              39 10
              10 58
              ;
set F[396] := 46 8
              8 1
              1 6
              6 12
              12 11
              11 59
              ;
set F[397] := 46 8
              8 1
              1 6
              6 12
              12 60
              ;
set F[398] := 46 8
              8 1
              1 6
              6 12
              12 11
              11 19
              19 18
              18 17
              17 14
              14 13
              13 61
              ;
set F[399] := 46 8
              8 1
              1 6
              6 12
              12 11
              11 19
              19 18
              18 17
              17 14
              14 62
              ;
set F[400] := 46 8
              8 1
              1 6
              6 12
              12 11
              11 19
              19 18
              18 17
              17 14
              14 15
              15 63
              ;
set F[401] := 46 8
              8 1
              1 6
              6 12
              12 11
              11 19
              19 18
              18 17
              17 16
              16 64
              ;
set F[402] := 46 8
              8 1
              1 6
              6 12
              12 11
              11 19
              19 18
              18 17
              17 65
              ;
set F[403] := 46 8
              8 1
              1 6
              6 12
              12 11
              11 19
              19 18
              18 66
              ;
set F[404] := 46 8
              8 1
              1 6
              6 12
              12 11
              11 19
              19 67
              ;
set F[405] := 46 8
              8 1
              1 6
              6 12
              12 11
              11 20
              20 68
              ;
set F[406] := 46 8
              8 1
              1 6
              6 23
              23 21
              21 69
              ;
set F[407] := 46 8
              8 1
              1 6
              6 12
              12 22
              22 70
              ;
set F[408] := 46 8
              8 5
              5 26
              26 74
              ;
set F[409] := 46 45
              45 41
              41 42
              42 44
              44 37
              37 27
              27 75
              ;
set F[410] := 46 8
              8 1
              1 6
              6 12
              12 11
              11 19
              19 18
              18 17
              17 14
              14 13
              13 28
              28 76
              ;
set F[411] := 46 45
              45 41
              41 42
              42 43
              43 30
              30 78
              ;
set F[412] := 46 45
              45 41
              41 42
              42 44
              44 37
              37 34
              34 31
              31 79
              ;
set F[413] := 46 47
              47 38
              38 39
              39 10
              10 33
              33 32
              32 80
              ;
set F[414] := 46 47
              47 38
              38 39
              39 10
              10 33
              33 81
              ;
set F[415] := 46 45
              45 41
              41 42
              42 44
              44 37
              37 34
              34 82
              ;
set F[416] := 46 45
              45 41
              41 42
              42 44
              44 37
              37 36
              36 35
              35 83
              ;
set F[417] := 46 45
              45 41
              41 42
              42 44
              44 37
              37 85
              ;
set F[418] := 46 47
              47 38
              38 39
              39 87
              ;
set F[419] := 46 45
              45 41
              41 89
              ;
set F[420] := 46 45
              45 41
              41 42
              42 43
              43 91
              ;
set F[421] := 46 45
              45 41
              41 42
              42 44
              44 92
              ;
set F[422] := 46 45
              45 93
              ;
set F[423] := 46 47
              47 95
              ;
set F[424] := 47 38
              38 3
              3 1
              1 6
              6 54
              ;
set F[425] := 47 46
              46 8
              8 56
              ;
set F[426] := 47 38
              38 39
              39 10
              10 58
              ;
set F[427] := 47 38
              38 3
              3 1
              1 6
              6 12
              12 60
              ;
set F[428] := 47 38
              38 39
              39 10
              10 9
              9 11
              11 19
              19 18
              18 17
              17 14
              14 62
              ;
set F[429] := 47 38
              38 39
              39 10
              10 33
              33 32
              32 80
              ;
set F[430] := 47 38
              38 39
              39 10
              10 33
              33 81
              ;
set F[431] := 47 38
              38 39
              39 10
              10 33
              33 32
              32 31
              31 34
              34 82
              ;
set F[432] := 47 46
              46 45
              45 41
              41 42
              42 44
              44 37
              37 85
              ;
set F[433] := 47 46
              46 94
              ;
set Last[1] := 2 50;
set Last[2] := 3 51;
set Last[3] := 4 52;
set Last[4] := 5 53;
set Last[5] := 6 54;
set Last[6] := 7 55;
set Last[7] := 8 56;
set Last[8] := 10 58;
set Last[9] := 11 59;
set Last[10] := 12 60;
set Last[11] := 13 61;
set Last[12] := 14 62;
set Last[13] := 15 63;
set Last[14] := 16 64;
set Last[15] := 17 65;
set Last[16] := 18 66;
set Last[17] := 19 67;
set Last[18] := 20 68;
set Last[19] := 21 69;
set Last[20] := 22 70;
set Last[21] := 26 74;
set Last[22] := 27 75;
set Last[23] := 28 76;
set Last[24] := 30 78;
set Last[25] := 31 79;
set Last[26] := 32 80;
set Last[27] := 33 81;
set Last[28] := 34 82;
set Last[29] := 35 83;
set Last[30] := 37 85;
set Last[31] := 39 87;
set Last[32] := 41 89;
set Last[33] := 43 91;
set Last[34] := 44 92;
set Last[35] := 45 93;
set Last[36] := 46 94;
set Last[37] := 47 95;
set Last[38] := 10 58;
set Last[39] := 12 60;
set Last[40] := 14 62;
set Last[41] := 33 81;
set Last[42] := 37 85;
set Last[43] := 5 53;
set Last[44] := 6 54;
set Last[45] := 8 56;
set Last[46] := 10 58;
set Last[47] := 12 60;
set Last[48] := 14 62;
set Last[49] := 32 80;
set Last[50] := 33 81;
set Last[51] := 34 82;
set Last[52] := 37 85;
set Last[53] := 46 94;
set Last[54] := 5 53;
set Last[55] := 6 54;
set Last[56] := 8 56;
set Last[57] := 10 58;
set Last[58] := 12 60;
set Last[59] := 14 62;
set Last[60] := 20 68;
set Last[61] := 27 75;
set Last[62] := 32 80;
set Last[63] := 33 81;
set Last[64] := 34 82;
set Last[65] := 37 85;
set Last[66] := 46 94;
set Last[67] := 4 52;
set Last[68] := 6 54;
set Last[69] := 8 56;
set Last[70] := 10 58;
set Last[71] := 11 59;
set Last[72] := 12 60;
set Last[73] := 14 62;
set Last[74] := 15 63;
set Last[75] := 16 64;
set Last[76] := 17 65;
set Last[77] := 19 67;
set Last[78] := 20 68;
set Last[79] := 21 69;
set Last[80] := 22 70;
set Last[81] := 27 75;
set Last[82] := 31 79;
set Last[83] := 32 80;
set Last[84] := 33 81;
set Last[85] := 34 82;
set Last[86] := 37 85;
set Last[87] := 39 87;
set Last[88] := 44 92;
set Last[89] := 45 93;
set Last[90] := 46 94;
set Last[91] := 37 85;
set Last[92] := 10 58;
set Last[93] := 37 85;
set Last[94] := 4 52;
set Last[95] := 5 53;
set Last[96] := 6 54;
set Last[97] := 10 58;
set Last[98] := 11 59;
set Last[99] := 12 60;
set Last[100] := 14 62;
set Last[101] := 16 64;
set Last[102] := 19 67;
set Last[103] := 20 68;
set Last[104] := 27 75;
set Last[105] := 32 80;
set Last[106] := 33 81;
set Last[107] := 34 82;
set Last[108] := 37 85;
set Last[109] := 39 87;
set Last[110] := 45 93;
set Last[111] := 46 94;
set Last[112] := 4 52;
set Last[113] := 5 53;
set Last[114] := 6 54;
set Last[115] := 8 56;
set Last[116] := 10 58;
set Last[117] := 11 59;
set Last[118] := 12 60;
set Last[119] := 13 61;
set Last[120] := 14 62;
set Last[121] := 15 63;
set Last[122] := 16 64;
set Last[123] := 17 65;
set Last[124] := 18 66;
set Last[125] := 19 67;
set Last[126] := 20 68;
set Last[127] := 21 69;
set Last[128] := 22 70;
set Last[129] := 26 74;
set Last[130] := 27 75;
set Last[131] := 28 76;
set Last[132] := 30 78;
set Last[133] := 31 79;
set Last[134] := 32 80;
set Last[135] := 33 81;
set Last[136] := 34 82;
set Last[137] := 37 85;
set Last[138] := 39 87;
set Last[139] := 44 92;
set Last[140] := 45 93;
set Last[141] := 46 94;
set Last[142] := 4 52;
set Last[143] := 5 53;
set Last[144] := 6 54;
set Last[145] := 8 56;
set Last[146] := 12 60;
set Last[147] := 14 62;
set Last[148] := 27 75;
set Last[149] := 32 80;
set Last[150] := 33 81;
set Last[151] := 34 82;
set Last[152] := 37 85;
set Last[153] := 46 94;
set Last[154] := 37 85;
set Last[155] := 4 52;
set Last[156] := 5 53;
set Last[157] := 6 54;
set Last[158] := 8 56;
set Last[159] := 10 58;
set Last[160] := 12 60;
set Last[161] := 14 62;
set Last[162] := 32 80;
set Last[163] := 33 81;
set Last[164] := 34 82;
set Last[165] := 37 85;
set Last[166] := 46 94;
set Last[167] := 8 56;
set Last[168] := 10 58;
set Last[169] := 12 60;
set Last[170] := 33 81;
set Last[171] := 37 85;
set Last[172] := 46 94;
set Last[173] := 10 58;
set Last[174] := 12 60;
set Last[175] := 14 62;
set Last[176] := 33 81;
set Last[177] := 37 85;
set Last[178] := 4 52;
set Last[179] := 5 53;
set Last[180] := 6 54;
set Last[181] := 8 56;
set Last[182] := 10 58;
set Last[183] := 12 60;
set Last[184] := 14 62;
set Last[185] := 32 80;
set Last[186] := 33 81;
set Last[187] := 34 82;
set Last[188] := 37 85;
set Last[189] := 46 94;
set Last[190] := 10 58;
set Last[191] := 12 60;
set Last[192] := 14 62;
set Last[193] := 33 81;
set Last[194] := 37 85;
set Last[195] := 10 58;
set Last[196] := 37 85;
set Last[197] := 4 52;
set Last[198] := 5 53;
set Last[199] := 6 54;
set Last[200] := 8 56;
set Last[201] := 10 58;
set Last[202] := 11 59;
set Last[203] := 12 60;
set Last[204] := 14 62;
set Last[205] := 27 75;
set Last[206] := 32 80;
set Last[207] := 33 81;
set Last[208] := 34 82;
set Last[209] := 37 85;
set Last[210] := 39 87;
set Last[211] := 46 94;
set Last[212] := 4 52;
set Last[213] := 5 53;
set Last[214] := 6 54;
set Last[215] := 8 56;
set Last[216] := 10 58;
set Last[217] := 12 60;
set Last[218] := 14 62;
set Last[219] := 32 80;
set Last[220] := 33 81;
set Last[221] := 34 82;
set Last[222] := 37 85;
set Last[223] := 46 94;
set Last[224] := 3 51;
set Last[225] := 4 52;
set Last[226] := 5 53;
set Last[227] := 6 54;
set Last[228] := 8 56;
set Last[229] := 10 58;
set Last[230] := 11 59;
set Last[231] := 12 60;
set Last[232] := 13 61;
set Last[233] := 14 62;
set Last[234] := 15 63;
set Last[235] := 16 64;
set Last[236] := 17 65;
set Last[237] := 18 66;
set Last[238] := 19 67;
set Last[239] := 20 68;
set Last[240] := 21 69;
set Last[241] := 22 70;
set Last[242] := 26 74;
set Last[243] := 27 75;
set Last[244] := 28 76;
set Last[245] := 30 78;
set Last[246] := 31 79;
set Last[247] := 32 80;
set Last[248] := 33 81;
set Last[249] := 34 82;
set Last[250] := 37 85;
set Last[251] := 39 87;
set Last[252] := 44 92;
set Last[253] := 45 93;
set Last[254] := 46 94;
set Last[255] := 8 56;
set Last[256] := 10 58;
set Last[257] := 12 60;
set Last[258] := 14 62;
set Last[259] := 33 81;
set Last[260] := 37 85;
set Last[261] := 46 94;
set Last[262] := 4 52;
set Last[263] := 5 53;
set Last[264] := 6 54;
set Last[265] := 8 56;
set Last[266] := 10 58;
set Last[267] := 11 59;
set Last[268] := 12 60;
set Last[269] := 14 62;
set Last[270] := 20 68;
set Last[271] := 27 75;
set Last[272] := 32 80;
set Last[273] := 33 81;
set Last[274] := 34 82;
set Last[275] := 37 85;
set Last[276] := 39 87;
set Last[277] := 46 94;
set Last[278] := 37 85;
set Last[279] := 10 58;
set Last[280] := 12 60;
set Last[281] := 14 62;
set Last[282] := 33 81;
set Last[283] := 37 85;
set Last[284] := 37 85;
set Last[285] := 4 52;
set Last[286] := 5 53;
set Last[287] := 6 54;
set Last[288] := 8 56;
set Last[289] := 10 58;
set Last[290] := 11 59;
set Last[291] := 12 60;
set Last[292] := 14 62;
set Last[293] := 16 64;
set Last[294] := 17 65;
set Last[295] := 19 67;
set Last[296] := 20 68;
set Last[297] := 22 70;
set Last[298] := 27 75;
set Last[299] := 31 79;
set Last[300] := 32 80;
set Last[301] := 34 82;
set Last[302] := 37 85;
set Last[303] := 39 87;
set Last[304] := 44 92;
set Last[305] := 45 93;
set Last[306] := 46 94;
set Last[307] := 10 58;
set Last[308] := 37 85;
set Last[309] := 6 54;
set Last[310] := 8 56;
set Last[311] := 10 58;
set Last[312] := 12 60;
set Last[313] := 14 62;
set Last[314] := 32 80;
set Last[315] := 33 81;
set Last[316] := 34 82;
set Last[317] := 37 85;
set Last[318] := 46 94;
set Last[319] := 37 85;
set Last[320] := 3 51;
set Last[321] := 4 52;
set Last[322] := 5 53;
set Last[323] := 6 54;
set Last[324] := 8 56;
set Last[325] := 10 58;
set Last[326] := 11 59;
set Last[327] := 12 60;
set Last[328] := 13 61;
set Last[329] := 14 62;
set Last[330] := 15 63;
set Last[331] := 16 64;
set Last[332] := 17 65;
set Last[333] := 18 66;
set Last[334] := 19 67;
set Last[335] := 20 68;
set Last[336] := 21 69;
set Last[337] := 22 70;
set Last[338] := 26 74;
set Last[339] := 27 75;
set Last[340] := 28 76;
set Last[341] := 30 78;
set Last[342] := 31 79;
set Last[343] := 32 80;
set Last[344] := 33 81;
set Last[345] := 34 82;
set Last[346] := 35 83;
set Last[347] := 37 85;
set Last[348] := 43 91;
set Last[349] := 44 92;
set Last[350] := 45 93;
set Last[351] := 46 94;
set Last[352] := 47 95;
set Last[353] := 37 85;
set Last[354] := 37 85;
set Last[355] := 4 52;
set Last[356] := 5 53;
set Last[357] := 6 54;
set Last[358] := 8 56;
set Last[359] := 10 58;
set Last[360] := 11 59;
set Last[361] := 12 60;
set Last[362] := 14 62;
set Last[363] := 16 64;
set Last[364] := 19 67;
set Last[365] := 20 68;
set Last[366] := 27 75;
set Last[367] := 32 80;
set Last[368] := 33 81;
set Last[369] := 34 82;
set Last[370] := 37 85;
set Last[371] := 39 87;
set Last[372] := 45 93;
set Last[373] := 46 94;
set Last[374] := 4 52;
set Last[375] := 5 53;
set Last[376] := 6 54;
set Last[377] := 8 56;
set Last[378] := 10 58;
set Last[379] := 12 60;
set Last[380] := 14 62;
set Last[381] := 27 75;
set Last[382] := 32 80;
set Last[383] := 33 81;
set Last[384] := 34 82;
set Last[385] := 37 85;
set Last[386] := 46 94;
set Last[387] := 1 49;
set Last[388] := 2 50;
set Last[389] := 3 51;
set Last[390] := 4 52;
set Last[391] := 5 53;
set Last[392] := 6 54;
set Last[393] := 7 55;
set Last[394] := 8 56;
set Last[395] := 10 58;
set Last[396] := 11 59;
set Last[397] := 12 60;
set Last[398] := 13 61;
set Last[399] := 14 62;
set Last[400] := 15 63;
set Last[401] := 16 64;
set Last[402] := 17 65;
set Last[403] := 18 66;
set Last[404] := 19 67;
set Last[405] := 20 68;
set Last[406] := 21 69;
set Last[407] := 22 70;
set Last[408] := 26 74;
set Last[409] := 27 75;
set Last[410] := 28 76;
set Last[411] := 30 78;
set Last[412] := 31 79;
set Last[413] := 32 80;
set Last[414] := 33 81;
set Last[415] := 34 82;
set Last[416] := 35 83;
set Last[417] := 37 85;
set Last[418] := 39 87;
set Last[419] := 41 89;
set Last[420] := 43 91;
set Last[421] := 44 92;
set Last[422] := 45 93;
set Last[423] := 47 95;
set Last[424] := 6 54;
set Last[425] := 8 56;
set Last[426] := 10 58;
set Last[427] := 12 60;
set Last[428] := 14 62;
set Last[429] := 32 80;
set Last[430] := 33 81;
set Last[431] := 34 82;
set Last[432] := 37 85;
set Last[433] := 46 94;

param q := 5;

end;
