data;

set V := 1 2 3 4 5 6 7 8 9 10 11 12 13 14 15 16 17 18 19 21 22 23 24 25 26 28 29 30 31 32 33 34 35 36 37 38;

set A := 1 2
         1 4
         2 1
         2 7
         2 21
         3 4
         3 11
         3 22
         4 1
         4 3
         4 23
         5 6
         5 8
         5 24
         6 5
         6 9
         6 25
         7 2
         7 8
         7 26
         8 5
         8 7
         9 6
         9 15
         9 19
         9 28
         10 19
         10 29
         11 3
         11 19
         11 30
         12 13
         12 16
         12 31
         13 12
         13 14
         13 15
         13 32
         14 13
         14 33
         15 9
         15 13
         15 34
         16 12
         16 17
         16 35
         17 16
         17 18
         17 36
         18 17
         18 19
         18 37
         19 9
         19 10
         19 11
         19 18
         19 38
         ;

set S := 1 2 3 4 5 6 7 8 9 10 11 12 13 14 15 16 17 18 19 20 21 22 23 24 25 26 27 28 29 30 31 32 33 34 35 36 37 38 39 40 41 42 43 44 45 46 47 48 49 50 51 52 53 54 55 56 57 58 59 60 61 62 63 64 65 66 67 68 69 70 71 72 73 74 75 76 77 78 79 80 81 82 83 84 85 86 87 88 89 90 91 92 93 94 95 96 97 98 99 100 101 102 103 104 105 106 107 108 109 110 111 112 113 114 115 116 117 118 119 120 121 122 123 124 125 126 127 128 129 130 131 132 133 134 135 136 137 138 139 140 141 142 143 144 145 146 147 148 149 150 151 152 153 154 155 156 157 158 159 160 161 162 163 164 165 166 167 168 169 170 171 172 173 174 175 176 177 178 179 180 181 182 183 184 185 186 187 188 189 190 191 192 193 194 195 196 197 198 199 200 201 202 203 204 205;

set F[1] := 1 2
            2 21
            ;
set F[2] := 1 4
            4 3
            3 22
            ;
set F[3] := 1 4
            4 23
            ;
set F[4] := 1 2
            2 7
            7 8
            8 5
            5 24
            ;
set F[5] := 1 2
            2 7
            7 8
            8 5
            5 6
            6 25
            ;
set F[6] := 1 2
            2 7
            7 26
            ;
set F[7] := 1 4
            4 3
            3 11
            11 19
            19 9
            9 28
            ;
set F[8] := 1 4
            4 3
            3 11
            11 19
            19 10
            10 29
            ;
set F[9] := 1 4
            4 3
            3 11
            11 30
            ;
set F[10] := 1 4
             4 3
             3 11
             11 19
             19 9
             9 15
             15 13
             13 12
             12 31
             ;
set F[11] := 1 4
             4 3
             3 11
             11 19
             19 9
             9 15
             15 13
             13 32
             ;
set F[12] := 1 4
             4 3
             3 11
             11 19
             19 9
             9 15
             15 13
             13 14
             14 33
             ;
set F[13] := 1 4
             4 3
             3 11
             11 19
             19 9
             9 15
             15 34
             ;
set F[14] := 1 4
             4 3
             3 11
             11 19
             19 18
             18 17
             17 16
             16 35
             ;
set F[15] := 1 4
             4 3
             3 11
             11 19
             19 18
             18 17
             17 36
             ;
set F[16] := 1 4
             4 3
             3 11
             11 19
             19 18
             18 37
             ;
set F[17] := 1 4
             4 3
             3 11
             11 19
             19 38
             ;
set F[18] := 2 1
             1 4
             4 23
             ;
set F[19] := 2 7
             7 8
             8 5
             5 24
             ;
set F[20] := 2 7
             7 8
             8 5
             5 6
             6 25
             ;
set F[21] := 2 7
             7 8
             8 5
             5 6
             6 9
             9 28
             ;
set F[22] := 2 1
             1 4
             4 3
             3 11
             11 30
             ;
set F[23] := 2 7
             7 8
             8 5
             5 6
             6 9
             9 15
             15 13
             13 12
             12 31
             ;
set F[24] := 2 7
             7 8
             8 5
             5 6
             6 9
             9 15
             15 13
             13 32
             ;
set F[25] := 2 1
             1 4
             4 3
             3 11
             11 19
             19 18
             18 17
             17 16
             16 35
             ;
set F[26] := 2 1
             1 4
             4 3
             3 11
             11 19
             19 18
             18 17
             17 36
             ;
set F[27] := 2 1
             1 4
             4 3
             3 11
             11 19
             19 18
             18 37
             ;
set F[28] := 2 1
             1 4
             4 3
             3 11
             11 19
             19 38
             ;
set F[29] := 3 11
             11 19
             19 9
             9 6
             6 25
             ;
set F[30] := 3 11
             11 19
             19 9
             9 15
             15 13
             13 32
             ;
set F[31] := 3 11
             11 19
             19 18
             18 17
             17 16
             16 35
             ;
set F[32] := 3 11
             11 19
             19 18
             18 17
             17 36
             ;
set F[33] := 3 11
             11 19
             19 38
             ;
set F[34] := 4 3
             3 11
             11 19
             19 9
             9 6
             6 25
             ;
set F[35] := 4 3
             3 11
             11 30
             ;
set F[36] := 4 3
             3 11
             11 19
             19 9
             9 15
             15 13
             13 32
             ;
set F[37] := 4 3
             3 11
             11 19
             19 18
             18 17
             17 16
             16 35
             ;
set F[38] := 4 3
             3 11
             11 19
             19 18
             18 17
             17 36
             ;
set F[39] := 4 3
             3 11
             11 19
             19 38
             ;
set F[40] := 5 8
             8 7
             7 2
             2 21
             ;
set F[41] := 5 8
             8 7
             7 2
             2 1
             1 4
             4 23
             ;
set F[42] := 5 6
             6 25
             ;
set F[43] := 5 8
             8 7
             7 26
             ;
set F[44] := 5 6
             6 9
             9 28
             ;
set F[45] := 5 6
             6 9
             9 19
             19 11
             11 30
             ;
set F[46] := 5 6
             6 9
             9 15
             15 13
             13 12
             12 31
             ;
set F[47] := 5 6
             6 9
             9 15
             15 13
             13 32
             ;
set F[48] := 5 6
             6 9
             9 19
             19 18
             18 17
             17 16
             16 35
             ;
set F[49] := 5 6
             6 9
             9 19
             19 18
             18 17
             17 36
             ;
set F[50] := 5 6
             6 9
             9 19
             19 18
             18 37
             ;
set F[51] := 5 6
             6 9
             9 19
             19 38
             ;
set F[52] := 6 9
             9 15
             15 13
             13 32
             ;
set F[53] := 6 9
             9 19
             19 18
             18 17
             17 16
             16 35
             ;
set F[54] := 6 9
             9 19
             19 18
             18 17
             17 36
             ;
set F[55] := 6 9
             9 19
             19 38
             ;
set F[56] := 7 2
             2 21
             ;
set F[57] := 7 2
             2 1
             1 4
             4 3
             3 22
             ;
set F[58] := 7 2
             2 1
             1 4
             4 23
             ;
set F[59] := 7 8
             8 5
             5 24
             ;
set F[60] := 7 8
             8 5
             5 6
             6 25
             ;
set F[61] := 7 8
             8 5
             5 6
             6 9
             9 28
             ;
set F[62] := 7 2
             2 1
             1 4
             4 3
             3 11
             11 30
             ;
set F[63] := 7 8
             8 5
             5 6
             6 9
             9 15
             15 13
             13 12
             12 31
             ;
set F[64] := 7 8
             8 5
             5 6
             6 9
             9 15
             15 13
             13 32
             ;
set F[65] := 7 8
             8 5
             5 6
             6 9
             9 15
             15 13
             13 14
             14 33
             ;
set F[66] := 7 8
             8 5
             5 6
             6 9
             9 15
             15 34
             ;
set F[67] := 7 8
             8 5
             5 6
             6 9
             9 19
             19 18
             18 17
             17 16
             16 35
             ;
set F[68] := 7 8
             8 5
             5 6
             6 9
             9 19
             19 18
             18 17
             17 36
             ;
set F[69] := 7 8
             8 5
             5 6
             6 9
             9 19
             19 18
             18 37
             ;
set F[70] := 7 8
             8 5
             5 6
             6 9
             9 19
             19 38
             ;
set F[71] := 8 7
             7 2
             2 21
             ;
set F[72] := 8 7
             7 2
             2 1
             1 4
             4 23
             ;
set F[73] := 8 5
             5 24
             ;
set F[74] := 8 5
             5 6
             6 25
             ;
set F[75] := 8 7
             7 26
             ;
set F[76] := 8 5
             5 6
             6 9
             9 28
             ;
set F[77] := 8 5
             5 6
             6 9
             9 19
             19 11
             11 30
             ;
set F[78] := 8 5
             5 6
             6 9
             9 15
             15 13
             13 12
             12 31
             ;
set F[79] := 8 5
             5 6
             6 9
             9 15
             15 13
             13 32
             ;
set F[80] := 8 5
             5 6
             6 9
             9 19
             19 18
             18 17
             17 16
             16 35
             ;
set F[81] := 8 5
             5 6
             6 9
             9 19
             19 18
             18 17
             17 36
             ;
set F[82] := 8 5
             5 6
             6 9
             9 19
             19 18
             18 37
             ;
set F[83] := 8 5
             5 6
             6 9
             9 19
             19 38
             ;
set F[84] := 9 6
             6 5
             5 8
             8 7
             7 2
             2 21
             ;
set F[85] := 9 19
             19 11
             11 3
             3 22
             ;
set F[86] := 9 19
             19 11
             11 3
             3 4
             4 23
             ;
set F[87] := 9 6
             6 5
             5 24
             ;
set F[88] := 9 6
             6 25
             ;
set F[89] := 9 6
             6 5
             5 8
             8 7
             7 26
             ;
set F[90] := 9 19
             19 10
             10 29
             ;
set F[91] := 9 19
             19 11
             11 30
             ;
set F[92] := 9 15
             15 13
             13 12
             12 31
             ;
set F[93] := 9 15
             15 13
             13 32
             ;
set F[94] := 9 15
             15 13
             13 14
             14 33
             ;
set F[95] := 9 15
             15 34
             ;
set F[96] := 9 19
             19 18
             18 17
             17 16
             16 35
             ;
set F[97] := 9 19
             19 18
             18 17
             17 36
             ;
set F[98] := 9 19
             19 18
             18 37
             ;
set F[99] := 9 19
             19 38
             ;
set F[100] := 10 19
              19 11
              11 3
              3 4
              4 1
              1 2
              2 21
              ;
set F[101] := 10 19
              19 11
              11 3
              3 4
              4 23
              ;
set F[102] := 10 19
              19 9
              9 6
              6 5
              5 24
              ;
set F[103] := 10 19
              19 9
              9 6
              6 25
              ;
set F[104] := 10 19
              19 9
              9 6
              6 5
              5 8
              8 7
              7 26
              ;
set F[105] := 10 19
              19 9
              9 28
              ;
set F[106] := 10 19
              19 11
              11 30
              ;
set F[107] := 10 19
              19 9
              9 15
              15 13
              13 12
              12 31
              ;
set F[108] := 10 19
              19 9
              9 15
              15 13
              13 32
              ;
set F[109] := 10 19
              19 18
              18 17
              17 16
              16 35
              ;
set F[110] := 10 19
              19 18
              18 17
              17 36
              ;
set F[111] := 10 19
              19 18
              18 37
              ;
set F[112] := 10 19
              19 38
              ;
set F[113] := 12 13
              13 15
              15 9
              9 6
              6 5
              5 8
              8 7
              7 2
              2 21
              ;
set F[114] := 12 13
              13 15
              15 9
              9 19
              19 11
              11 3
              3 22
              ;
set F[115] := 12 13
              13 15
              15 9
              9 19
              19 11
              11 3
              3 4
              4 23
              ;
set F[116] := 12 13
              13 15
              15 9
              9 6
              6 5
              5 24
              ;
set F[117] := 12 13
              13 15
              15 9
              9 6
              6 25
              ;
set F[118] := 12 13
              13 15
              15 9
              9 6
              6 5
              5 8
              8 7
              7 26
              ;
set F[119] := 12 13
              13 15
              15 9
              9 28
              ;
set F[120] := 12 13
              13 15
              15 9
              9 19
              19 11
              11 30
              ;
set F[121] := 12 13
              13 32
              ;
set F[122] := 12 13
              13 15
              15 34
              ;
set F[123] := 12 16
              16 35
              ;
set F[124] := 12 16
              16 17
              17 36
              ;
set F[125] := 12 16
              16 17
              17 18
              18 37
              ;
set F[126] := 12 13
              13 15
              15 9
              9 19
              19 38
              ;
set F[127] := 13 15
              15 9
              9 6
              6 5
              5 8
              8 7
              7 2
              2 21
              ;
set F[128] := 13 15
              15 9
              9 19
              19 11
              11 3
              3 4
              4 23
              ;
set F[129] := 13 15
              15 9
              9 6
              6 5
              5 24
              ;
set F[130] := 13 15
              15 9
              9 6
              6 25
              ;
set F[131] := 13 15
              15 9
              9 28
              ;
set F[132] := 13 15
              15 9
              9 19
              19 11
              11 30
              ;
set F[133] := 13 12
              12 31
              ;
set F[134] := 13 12
              12 16
              16 35
              ;
set F[135] := 13 12
              12 16
              16 17
              17 36
              ;
set F[136] := 13 12
              12 16
              16 17
              17 18
              18 37
              ;
set F[137] := 13 15
              15 9
              9 19
              19 38
              ;
set F[138] := 14 13
              13 15
              15 9
              9 6
              6 5
              5 8
              8 7
              7 2
              2 21
              ;
set F[139] := 14 13
              13 15
              15 9
              9 19
              19 11
              11 3
              3 4
              4 23
              ;
set F[140] := 14 13
              13 15
              15 9
              9 6
              6 5
              5 24
              ;
set F[141] := 14 13
              13 15
              15 9
              9 6
              6 25
              ;
set F[142] := 14 13
              13 15
              15 9
              9 6
              6 5
              5 8
              8 7
              7 26
              ;
set F[143] := 14 13
              13 15
              15 9
              9 28
              ;
set F[144] := 14 13
              13 15
              15 9
              9 19
              19 11
              11 30
              ;
set F[145] := 14 13
              13 12
              12 31
              ;
set F[146] := 14 13
              13 32
              ;
set F[147] := 14 13
              13 12
              12 16
              16 35
              ;
set F[148] := 14 13
              13 12
              12 16
              16 17
              17 36
              ;
set F[149] := 14 13
              13 12
              12 16
              16 17
              17 18
              18 37
              ;
set F[150] := 14 13
              13 15
              15 9
              9 19
              19 38
              ;
set F[151] := 15 9
              9 6
              6 5
              5 8
              8 7
              7 2
              2 21
              ;
set F[152] := 15 9
              9 19
              19 11
              11 3
              3 4
              4 23
              ;
set F[153] := 15 9
              9 6
              6 5
              5 24
              ;
set F[154] := 15 9
              9 6
              6 25
              ;
set F[155] := 15 9
              9 28
              ;
set F[156] := 15 9
              9 19
              19 11
              11 30
              ;
set F[157] := 15 13
              13 32
              ;
set F[158] := 15 13
              13 12
              12 16
              16 35
              ;
set F[159] := 15 9
              9 19
              19 18
              18 17
              17 36
              ;
set F[160] := 15 9
              9 19
              19 18
              18 37
              ;
set F[161] := 15 9
              9 19
              19 38
              ;
set F[162] := 16 17
              17 18
              18 19
              19 11
              11 3
              3 4
              4 23
              ;
set F[163] := 16 12
              12 13
              13 15
              15 9
              9 6
              6 5
              5 24
              ;
set F[164] := 16 12
              12 13
              13 15
              15 9
              9 6
              6 25
              ;
set F[165] := 16 12
              12 13
              13 15
              15 9
              9 28
              ;
set F[166] := 16 17
              17 18
              18 19
              19 11
              11 30
              ;
set F[167] := 16 12
              12 13
              13 32
              ;
set F[168] := 16 17
              17 36
              ;
set F[169] := 16 17
              17 18
              18 37
              ;
set F[170] := 16 17
              17 18
              18 19
              19 38
              ;
set F[171] := 17 18
              18 19
              19 11
              11 3
              3 4
              4 1
              1 2
              2 21
              ;
set F[172] := 17 18
              18 19
              19 11
              11 3
              3 22
              ;
set F[173] := 17 18
              18 19
              19 11
              11 3
              3 4
              4 23
              ;
set F[174] := 17 18
              18 19
              19 9
              9 6
              6 5
              5 24
              ;
set F[175] := 17 18
              18 19
              19 9
              9 6
              6 25
              ;
set F[176] := 17 18
              18 19
              19 9
              9 6
              6 5
              5 8
              8 7
              7 26
              ;
set F[177] := 17 18
              18 19
              19 9
              9 28
              ;
set F[178] := 17 18
              18 19
              19 11
              11 30
              ;
set F[179] := 17 16
              16 12
              12 31
              ;
set F[180] := 17 16
              16 12
              12 13
              13 32
              ;
set F[181] := 17 16
              16 12
              12 13
              13 14
              14 33
              ;
set F[182] := 17 16
              16 12
              12 13
              13 15
              15 34
              ;
set F[183] := 17 16
              16 35
              ;
set F[184] := 17 18
              18 37
              ;
set F[185] := 17 18
              18 19
              19 38
              ;
set F[186] := 18 19
              19 11
              11 3
              3 4
              4 1
              1 2
              2 21
              ;
set F[187] := 18 19
              19 11
              11 3
              3 4
              4 23
              ;
set F[188] := 18 19
              19 9
              9 6
              6 5
              5 24
              ;
set F[189] := 18 19
              19 9
              9 6
              6 25
              ;
set F[190] := 18 19
              19 9
              9 28
              ;
set F[191] := 18 19
              19 11
              11 30
              ;
set F[192] := 18 17
              17 16
              16 12
              12 31
              ;
set F[193] := 18 17
              17 16
              16 12
              12 13
              13 32
              ;
set F[194] := 18 17
              17 16
              16 35
              ;
set F[195] := 18 17
              17 36
              ;
set F[196] := 18 19
              19 38
              ;
set F[197] := 19 11
              11 3
              3 4
              4 23
              ;
set F[198] := 19 9
              9 6
              6 5
              5 24
              ;
set F[199] := 19 9
              9 6
              6 25
              ;
set F[200] := 19 9
              9 28
              ;
set F[201] := 19 11
              11 30
              ;
set F[202] := 19 9
              9 15
              15 13
              13 32
              ;
set F[203] := 19 18
              18 17
              17 16
              16 35
              ;
set F[204] := 19 18
              18 17
              17 36
              ;
set F[205] := 19 18
              18 37
              ;
set Last[1] := 2 21;
set Last[2] := 3 22;
set Last[3] := 4 23;
set Last[4] := 5 24;
set Last[5] := 6 25;
set Last[6] := 7 26;
set Last[7] := 9 28;
set Last[8] := 10 29;
set Last[9] := 11 30;
set Last[10] := 12 31;
set Last[11] := 13 32;
set Last[12] := 14 33;
set Last[13] := 15 34;
set Last[14] := 16 35;
set Last[15] := 17 36;
set Last[16] := 18 37;
set Last[17] := 19 38;
set Last[18] := 4 23;
set Last[19] := 5 24;
set Last[20] := 6 25;
set Last[21] := 9 28;
set Last[22] := 11 30;
set Last[23] := 12 31;
set Last[24] := 13 32;
set Last[25] := 16 35;
set Last[26] := 17 36;
set Last[27] := 18 37;
set Last[28] := 19 38;
set Last[29] := 6 25;
set Last[30] := 13 32;
set Last[31] := 16 35;
set Last[32] := 17 36;
set Last[33] := 19 38;
set Last[34] := 6 25;
set Last[35] := 11 30;
set Last[36] := 13 32;
set Last[37] := 16 35;
set Last[38] := 17 36;
set Last[39] := 19 38;
set Last[40] := 2 21;
set Last[41] := 4 23;
set Last[42] := 6 25;
set Last[43] := 7 26;
set Last[44] := 9 28;
set Last[45] := 11 30;
set Last[46] := 12 31;
set Last[47] := 13 32;
set Last[48] := 16 35;
set Last[49] := 17 36;
set Last[50] := 18 37;
set Last[51] := 19 38;
set Last[52] := 13 32;
set Last[53] := 16 35;
set Last[54] := 17 36;
set Last[55] := 19 38;
set Last[56] := 2 21;
set Last[57] := 3 22;
set Last[58] := 4 23;
set Last[59] := 5 24;
set Last[60] := 6 25;
set Last[61] := 9 28;
set Last[62] := 11 30;
set Last[63] := 12 31;
set Last[64] := 13 32;
set Last[65] := 14 33;
set Last[66] := 15 34;
set Last[67] := 16 35;
set Last[68] := 17 36;
set Last[69] := 18 37;
set Last[70] := 19 38;
set Last[71] := 2 21;
set Last[72] := 4 23;
set Last[73] := 5 24;
set Last[74] := 6 25;
set Last[75] := 7 26;
set Last[76] := 9 28;
set Last[77] := 11 30;
set Last[78] := 12 31;
set Last[79] := 13 32;
set Last[80] := 16 35;
set Last[81] := 17 36;
set Last[82] := 18 37;
set Last[83] := 19 38;
set Last[84] := 2 21;
set Last[85] := 3 22;
set Last[86] := 4 23;
set Last[87] := 5 24;
set Last[88] := 6 25;
set Last[89] := 7 26;
set Last[90] := 10 29;
set Last[91] := 11 30;
set Last[92] := 12 31;
set Last[93] := 13 32;
set Last[94] := 14 33;
set Last[95] := 15 34;
set Last[96] := 16 35;
set Last[97] := 17 36;
set Last[98] := 18 37;
set Last[99] := 19 38;
set Last[100] := 2 21;
set Last[101] := 4 23;
set Last[102] := 5 24;
set Last[103] := 6 25;
set Last[104] := 7 26;
set Last[105] := 9 28;
set Last[106] := 11 30;
set Last[107] := 12 31;
set Last[108] := 13 32;
set Last[109] := 16 35;
set Last[110] := 17 36;
set Last[111] := 18 37;
set Last[112] := 19 38;
set Last[113] := 2 21;
set Last[114] := 3 22;
set Last[115] := 4 23;
set Last[116] := 5 24;
set Last[117] := 6 25;
set Last[118] := 7 26;
set Last[119] := 9 28;
set Last[120] := 11 30;
set Last[121] := 13 32;
set Last[122] := 15 34;
set Last[123] := 16 35;
set Last[124] := 17 36;
set Last[125] := 18 37;
set Last[126] := 19 38;
set Last[127] := 2 21;
set Last[128] := 4 23;
set Last[129] := 5 24;
set Last[130] := 6 25;
set Last[131] := 9 28;
set Last[132] := 11 30;
set Last[133] := 12 31;
set Last[134] := 16 35;
set Last[135] := 17 36;
set Last[136] := 18 37;
set Last[137] := 19 38;
set Last[138] := 2 21;
set Last[139] := 4 23;
set Last[140] := 5 24;
set Last[141] := 6 25;
set Last[142] := 7 26;
set Last[143] := 9 28;
set Last[144] := 11 30;
set Last[145] := 12 31;
set Last[146] := 13 32;
set Last[147] := 16 35;
set Last[148] := 17 36;
set Last[149] := 18 37;
set Last[150] := 19 38;
set Last[151] := 2 21;
set Last[152] := 4 23;
set Last[153] := 5 24;
set Last[154] := 6 25;
set Last[155] := 9 28;
set Last[156] := 11 30;
set Last[157] := 13 32;
set Last[158] := 16 35;
set Last[159] := 17 36;
set Last[160] := 18 37;
set Last[161] := 19 38;
set Last[162] := 4 23;
set Last[163] := 5 24;
set Last[164] := 6 25;
set Last[165] := 9 28;
set Last[166] := 11 30;
set Last[167] := 13 32;
set Last[168] := 17 36;
set Last[169] := 18 37;
set Last[170] := 19 38;
set Last[171] := 2 21;
set Last[172] := 3 22;
set Last[173] := 4 23;
set Last[174] := 5 24;
set Last[175] := 6 25;
set Last[176] := 7 26;
set Last[177] := 9 28;
set Last[178] := 11 30;
set Last[179] := 12 31;
set Last[180] := 13 32;
set Last[181] := 14 33;
set Last[182] := 15 34;
set Last[183] := 16 35;
set Last[184] := 18 37;
set Last[185] := 19 38;
set Last[186] := 2 21;
set Last[187] := 4 23;
set Last[188] := 5 24;
set Last[189] := 6 25;
set Last[190] := 9 28;
set Last[191] := 11 30;
set Last[192] := 12 31;
set Last[193] := 13 32;
set Last[194] := 16 35;
set Last[195] := 17 36;
set Last[196] := 19 38;
set Last[197] := 4 23;
set Last[198] := 5 24;
set Last[199] := 6 25;
set Last[200] := 9 28;
set Last[201] := 11 30;
set Last[202] := 13 32;
set Last[203] := 16 35;
set Last[204] := 17 36;
set Last[205] := 18 37;

param q := 5;

end;
