data;

set V := 1 2 3 4 5 6 7 8 9 10 11 12 13 14 15 16 17 18 19 20 21 22 23 24 25 26 27 28 29 30 31 32 33 34 35 36;

set A := 1 2
         1 5
         1 19
         2 1
         2 17
         2 20
         3 4
         3 6
         3 21
         4 3
         4 18
         4 22
         5 1
         5 8
         5 23
         6 3
         6 24
         7 8
         7 25
         8 5
         8 7
         8 26
         9 10
         9 12
         9 27
         10 9
         10 28
         11 12
         11 14
         11 29
         12 9
         12 11
         12 30
         13 14
         13 16
         13 31
         14 11
         14 13
         14 32
         15 16
         15 18
         15 33
         16 13
         16 15
         16 34
         17 2
         17 18
         17 35
         18 4
         18 15
         18 17
         18 36
         ;

set S := 1 2 3 4 5 6 7 8 9 10 11 12 13 14 15 16 17 18 19 20 21 22 23 24 25 26 27 28 29 30 31 32 33 34 35 36 37 38 39 40 41 42 43 44 45 46 47 48 49 50 51 52 53 54 55 56 57 58 59 60 61 62 63 64 65 66 67 68 69 70 71 72 73 74 75 76 77 78 79 80 81 82 83 84 85 86 87 88 89 90 91 92 93 94 95 96 97 98 99 100 101 102 103 104 105 106 107 108 109 110 111 112 113 114 115 116 117 118 119 120 121 122 123 124 125 126 127 128 129 130 131 132 133 134 135 136 137 138 139 140 141 142 143 144 145 146 147 148 149 150 151 152 153 154 155 156 157 158 159 160 161 162 163 164 165 166 167 168 169 170 171 172 173 174 175 176 177 178 179 180 181 182 183 184 185 186 187 188 189 190 191 192 193 194 195 196 197 198 199 200 201 202 203 204 205 206 207 208 209 210 211 212 213 214 215 216 217 218 219 220 221 222 223 224 225 226 227 228 229 230 231 232 233 234 235 236 237 238 239 240 241 242 243 244 245 246 247 248 249 250 251 252 253 254 255 256 257 258 259 260 261 262 263 264 265 266 267 268 269 270 271 272 273 274 275 276 277 278 279 280 281 282 283 284 285 286 287 288 289 290 291 292 293 294 295 296 297 298 299 300 301 302 303 304 305 306;

set F[1] := 1 2
            2 20
            ;
set F[2] := 1 2
            2 17
            17 18
            18 4
            4 3
            3 21
            ;
set F[3] := 1 2
            2 17
            17 18
            18 4
            4 22
            ;
set F[4] := 1 5
            5 23
            ;
set F[5] := 1 2
            2 17
            17 18
            18 4
            4 3
            3 6
            6 24
            ;
set F[6] := 1 5
            5 8
            8 7
            7 25
            ;
set F[7] := 1 5
            5 8
            8 26
            ;
set F[8] := 1 2
            2 17
            17 18
            18 15
            15 16
            16 13
            13 14
            14 11
            11 12
            12 9
            9 27
            ;
set F[9] := 1 2
            2 17
            17 18
            18 15
            15 16
            16 13
            13 14
            14 11
            11 12
            12 9
            9 10
            10 28
            ;
set F[10] := 1 2
             2 17
             17 18
             18 15
             15 16
             16 13
             13 14
             14 11
             11 29
             ;
set F[11] := 1 2
             2 17
             17 18
             18 15
             15 16
             16 13
             13 14
             14 11
             11 12
             12 30
             ;
set F[12] := 1 2
             2 17
             17 18
             18 15
             15 16
             16 13
             13 31
             ;
set F[13] := 1 2
             2 17
             17 18
             18 15
             15 16
             16 13
             13 14
             14 32
             ;
set F[14] := 1 2
             2 17
             17 18
             18 15
             15 33
             ;
set F[15] := 1 2
             2 17
             17 18
             18 15
             15 16
             16 34
             ;
set F[16] := 1 2
             2 17
             17 35
             ;
set F[17] := 1 2
             2 17
             17 18
             18 36
             ;
set F[18] := 2 1
             1 19
             ;
set F[19] := 2 17
             17 18
             18 4
             4 3
             3 21
             ;
set F[20] := 2 17
             17 18
             18 4
             4 22
             ;
set F[21] := 2 1
             1 5
             5 23
             ;
set F[22] := 2 17
             17 18
             18 4
             4 3
             3 6
             6 24
             ;
set F[23] := 2 1
             1 5
             5 8
             8 7
             7 25
             ;
set F[24] := 2 1
             1 5
             5 8
             8 26
             ;
set F[25] := 2 17
             17 18
             18 15
             15 16
             16 13
             13 14
             14 11
             11 12
             12 9
             9 27
             ;
set F[26] := 2 17
             17 18
             18 15
             15 16
             16 13
             13 14
             14 11
             11 12
             12 9
             9 10
             10 28
             ;
set F[27] := 2 17
             17 18
             18 15
             15 16
             16 13
             13 14
             14 11
             11 29
             ;
set F[28] := 2 17
             17 18
             18 15
             15 16
             16 13
             13 14
             14 11
             11 12
             12 30
             ;
set F[29] := 2 17
             17 18
             18 15
             15 16
             16 13
             13 31
             ;
set F[30] := 2 17
             17 18
             18 15
             15 16
             16 13
             13 14
             14 32
             ;
set F[31] := 2 17
             17 18
             18 15
             15 33
             ;
set F[32] := 2 17
             17 18
             18 15
             15 16
             16 34
             ;
set F[33] := 2 17
             17 35
             ;
set F[34] := 2 17
             17 18
             18 36
             ;
set F[35] := 3 4
             4 18
             18 17
             17 2
             2 1
             1 19
             ;
set F[36] := 3 4
             4 18
             18 17
             17 2
             2 20
             ;
set F[37] := 3 4
             4 22
             ;
set F[38] := 3 4
             4 18
             18 17
             17 2
             2 1
             1 5
             5 23
             ;
set F[39] := 3 6
             6 24
             ;
set F[40] := 3 4
             4 18
             18 17
             17 2
             2 1
             1 5
             5 8
             8 7
             7 25
             ;
set F[41] := 3 4
             4 18
             18 17
             17 2
             2 1
             1 5
             5 8
             8 26
             ;
set F[42] := 3 4
             4 18
             18 15
             15 16
             16 13
             13 14
             14 11
             11 12
             12 9
             9 27
             ;
set F[43] := 3 4
             4 18
             18 15
             15 16
             16 13
             13 14
             14 11
             11 12
             12 9
             9 10
             10 28
             ;
set F[44] := 3 4
             4 18
             18 15
             15 16
             16 13
             13 14
             14 11
             11 29
             ;
set F[45] := 3 4
             4 18
             18 15
             15 16
             16 13
             13 14
             14 11
             11 12
             12 30
             ;
set F[46] := 3 4
             4 18
             18 15
             15 16
             16 13
             13 31
             ;
set F[47] := 3 4
             4 18
             18 15
             15 16
             16 13
             13 14
             14 32
             ;
set F[48] := 3 4
             4 18
             18 15
             15 33
             ;
set F[49] := 3 4
             4 18
             18 15
             15 16
             16 34
             ;
set F[50] := 3 4
             4 18
             18 17
             17 35
             ;
set F[51] := 3 4
             4 18
             18 36
             ;
set F[52] := 4 18
             18 17
             17 2
             2 1
             1 19
             ;
set F[53] := 4 18
             18 17
             17 2
             2 20
             ;
set F[54] := 4 3
             3 21
             ;
set F[55] := 4 18
             18 17
             17 2
             2 1
             1 5
             5 23
             ;
set F[56] := 4 3
             3 6
             6 24
             ;
set F[57] := 4 18
             18 17
             17 2
             2 1
             1 5
             5 8
             8 7
             7 25
             ;
set F[58] := 4 18
             18 17
             17 2
             2 1
             1 5
             5 8
             8 26
             ;
set F[59] := 4 18
             18 15
             15 16
             16 13
             13 14
             14 11
             11 12
             12 9
             9 27
             ;
set F[60] := 4 18
             18 15
             15 16
             16 13
             13 14
             14 11
             11 12
             12 9
             9 10
             10 28
             ;
set F[61] := 4 18
             18 15
             15 16
             16 13
             13 14
             14 11
             11 29
             ;
set F[62] := 4 18
             18 15
             15 16
             16 13
             13 14
             14 11
             11 12
             12 30
             ;
set F[63] := 4 18
             18 15
             15 16
             16 13
             13 31
             ;
set F[64] := 4 18
             18 15
             15 16
             16 13
             13 14
             14 32
             ;
set F[65] := 4 18
             18 15
             15 33
             ;
set F[66] := 4 18
             18 15
             15 16
             16 34
             ;
set F[67] := 4 18
             18 17
             17 35
             ;
set F[68] := 4 18
             18 36
             ;
set F[69] := 5 1
             1 19
             ;
set F[70] := 5 1
             1 2
             2 20
             ;
set F[71] := 5 1
             1 2
             2 17
             17 18
             18 4
             4 3
             3 21
             ;
set F[72] := 5 1
             1 2
             2 17
             17 18
             18 4
             4 22
             ;
set F[73] := 5 1
             1 2
             2 17
             17 18
             18 4
             4 3
             3 6
             6 24
             ;
set F[74] := 5 8
             8 7
             7 25
             ;
set F[75] := 5 8
             8 26
             ;
set F[76] := 5 1
             1 2
             2 17
             17 18
             18 15
             15 16
             16 13
             13 14
             14 11
             11 12
             12 9
             9 27
             ;
set F[77] := 5 1
             1 2
             2 17
             17 18
             18 15
             15 16
             16 13
             13 14
             14 11
             11 12
             12 9
             9 10
             10 28
             ;
set F[78] := 5 1
             1 2
             2 17
             17 18
             18 15
             15 16
             16 13
             13 14
             14 11
             11 29
             ;
set F[79] := 5 1
             1 2
             2 17
             17 18
             18 15
             15 16
             16 13
             13 14
             14 11
             11 12
             12 30
             ;
set F[80] := 5 1
             1 2
             2 17
             17 18
             18 15
             15 16
             16 13
             13 31
             ;
set F[81] := 5 1
             1 2
             2 17
             17 18
             18 15
             15 16
             16 13
             13 14
             14 32
             ;
set F[82] := 5 1
             1 2
             2 17
             17 18
             18 15
             15 33
             ;
set F[83] := 5 1
             1 2
             2 17
             17 18
             18 15
             15 16
             16 34
             ;
set F[84] := 5 1
             1 2
             2 17
             17 35
             ;
set F[85] := 5 1
             1 2
             2 17
             17 18
             18 36
             ;
set F[86] := 6 3
             3 4
             4 18
             18 17
             17 2
             2 1
             1 19
             ;
set F[87] := 6 3
             3 4
             4 18
             18 17
             17 2
             2 20
             ;
set F[88] := 6 3
             3 21
             ;
set F[89] := 6 3
             3 4
             4 22
             ;
set F[90] := 6 3
             3 4
             4 18
             18 17
             17 2
             2 1
             1 5
             5 23
             ;
set F[91] := 6 3
             3 4
             4 18
             18 17
             17 2
             2 1
             1 5
             5 8
             8 7
             7 25
             ;
set F[92] := 6 3
             3 4
             4 18
             18 17
             17 2
             2 1
             1 5
             5 8
             8 26
             ;
set F[93] := 6 3
             3 4
             4 18
             18 15
             15 16
             16 13
             13 14
             14 11
             11 12
             12 9
             9 27
             ;
set F[94] := 6 3
             3 4
             4 18
             18 15
             15 16
             16 13
             13 14
             14 11
             11 12
             12 9
             9 10
             10 28
             ;
set F[95] := 6 3
             3 4
             4 18
             18 15
             15 16
             16 13
             13 14
             14 11
             11 29
             ;
set F[96] := 6 3
             3 4
             4 18
             18 15
             15 16
             16 13
             13 14
             14 11
             11 12
             12 30
             ;
set F[97] := 6 3
             3 4
             4 18
             18 15
             15 16
             16 13
             13 31
             ;
set F[98] := 6 3
             3 4
             4 18
             18 15
             15 16
             16 13
             13 14
             14 32
             ;
set F[99] := 6 3
             3 4
             4 18
             18 15
             15 33
             ;
set F[100] := 6 3
              3 4
              4 18
              18 15
              15 16
              16 34
              ;
set F[101] := 6 3
              3 4
              4 18
              18 17
              17 35
              ;
set F[102] := 6 3
              3 4
              4 18
              18 36
              ;
set F[103] := 7 8
              8 5
              5 1
              1 19
              ;
set F[104] := 7 8
              8 5
              5 1
              1 2
              2 20
              ;
set F[105] := 7 8
              8 5
              5 1
              1 2
              2 17
              17 18
              18 4
              4 3
              3 21
              ;
set F[106] := 7 8
              8 5
              5 1
              1 2
              2 17
              17 18
              18 4
              4 22
              ;
set F[107] := 7 8
              8 5
              5 23
              ;
set F[108] := 7 8
              8 5
              5 1
              1 2
              2 17
              17 18
              18 4
              4 3
              3 6
              6 24
              ;
set F[109] := 7 8
              8 26
              ;
set F[110] := 7 8
              8 5
              5 1
              1 2
              2 17
              17 18
              18 15
              15 16
              16 13
              13 14
              14 11
              11 12
              12 9
              9 27
              ;
set F[111] := 7 8
              8 5
              5 1
              1 2
              2 17
              17 18
              18 15
              15 16
              16 13
              13 14
              14 11
              11 12
              12 9
              9 10
              10 28
              ;
set F[112] := 7 8
              8 5
              5 1
              1 2
              2 17
              17 18
              18 15
              15 16
              16 13
              13 14
              14 11
              11 29
              ;
set F[113] := 7 8
              8 5
              5 1
              1 2
              2 17
              17 18
              18 15
              15 16
              16 13
              13 14
              14 11
              11 12
              12 30
              ;
set F[114] := 7 8
              8 5
              5 1
              1 2
              2 17
              17 18
              18 15
              15 16
              16 13
              13 31
              ;
set F[115] := 7 8
              8 5
              5 1
              1 2
              2 17
              17 18
              18 15
              15 16
              16 13
              13 14
              14 32
              ;
set F[116] := 7 8
              8 5
              5 1
              1 2
              2 17
              17 18
              18 15
              15 33
              ;
set F[117] := 7 8
              8 5
              5 1
              1 2
              2 17
              17 18
              18 15
              15 16
              16 34
              ;
set F[118] := 7 8
              8 5
              5 1
              1 2
              2 17
              17 35
              ;
set F[119] := 7 8
              8 5
              5 1
              1 2
              2 17
              17 18
              18 36
              ;
set F[120] := 8 5
              5 1
              1 19
              ;
set F[121] := 8 5
              5 1
              1 2
              2 20
              ;
set F[122] := 8 5
              5 1
              1 2
              2 17
              17 18
              18 4
              4 3
              3 21
              ;
set F[123] := 8 5
              5 1
              1 2
              2 17
              17 18
              18 4
              4 22
              ;
set F[124] := 8 5
              5 23
              ;
set F[125] := 8 5
              5 1
              1 2
              2 17
              17 18
              18 4
              4 3
              3 6
              6 24
              ;
set F[126] := 8 7
              7 25
              ;
set F[127] := 8 5
              5 1
              1 2
              2 17
              17 18
              18 15
              15 16
              16 13
              13 14
              14 11
              11 12
              12 9
              9 27
              ;
set F[128] := 8 5
              5 1
              1 2
              2 17
              17 18
              18 15
              15 16
              16 13
              13 14
              14 11
              11 12
              12 9
              9 10
              10 28
              ;
set F[129] := 8 5
              5 1
              1 2
              2 17
              17 18
              18 15
              15 16
              16 13
              13 14
              14 11
              11 29
              ;
set F[130] := 8 5
              5 1
              1 2
              2 17
              17 18
              18 15
              15 16
              16 13
              13 14
              14 11
              11 12
              12 30
              ;
set F[131] := 8 5
              5 1
              1 2
              2 17
              17 18
              18 15
              15 16
              16 13
              13 31
              ;
set F[132] := 8 5
              5 1
              1 2
              2 17
              17 18
              18 15
              15 16
              16 13
              13 14
              14 32
              ;
set F[133] := 8 5
              5 1
              1 2
              2 17
              17 18
              18 15
              15 33
              ;
set F[134] := 8 5
              5 1
              1 2
              2 17
              17 18
              18 15
              15 16
              16 34
              ;
set F[135] := 8 5
              5 1
              1 2
              2 17
              17 35
              ;
set F[136] := 8 5
              5 1
              1 2
              2 17
              17 18
              18 36
              ;
set F[137] := 9 12
              12 11
              11 14
              14 13
              13 16
              16 15
              15 18
              18 17
              17 2
              2 1
              1 19
              ;
set F[138] := 9 12
              12 11
              11 14
              14 13
              13 16
              16 15
              15 18
              18 17
              17 2
              2 20
              ;
set F[139] := 9 12
              12 11
              11 14
              14 13
              13 16
              16 15
              15 18
              18 4
              4 3
              3 21
              ;
set F[140] := 9 12
              12 11
              11 14
              14 13
              13 16
              16 15
              15 18
              18 4
              4 22
              ;
set F[141] := 9 12
              12 11
              11 14
              14 13
              13 16
              16 15
              15 18
              18 17
              17 2
              2 1
              1 5
              5 23
              ;
set F[142] := 9 12
              12 11
              11 14
              14 13
              13 16
              16 15
              15 18
              18 4
              4 3
              3 6
              6 24
              ;
set F[143] := 9 12
              12 11
              11 14
              14 13
              13 16
              16 15
              15 18
              18 17
              17 2
              2 1
              1 5
              5 8
              8 7
              7 25
              ;
set F[144] := 9 12
              12 11
              11 14
              14 13
              13 16
              16 15
              15 18
              18 17
              17 2
              2 1
              1 5
              5 8
              8 26
              ;
set F[145] := 9 10
              10 28
              ;
set F[146] := 9 12
              12 11
              11 29
              ;
set F[147] := 9 12
              12 30
              ;
set F[148] := 9 12
              12 11
              11 14
              14 13
              13 31
              ;
set F[149] := 9 12
              12 11
              11 14
              14 32
              ;
set F[150] := 9 12
              12 11
              11 14
              14 13
              13 16
              16 15
              15 33
              ;
set F[151] := 9 12
              12 11
              11 14
              14 13
              13 16
              16 34
              ;
set F[152] := 9 12
              12 11
              11 14
              14 13
              13 16
              16 15
              15 18
              18 17
              17 35
              ;
set F[153] := 9 12
              12 11
              11 14
              14 13
              13 16
              16 15
              15 18
              18 36
              ;
set F[154] := 10 9
              9 12
              12 11
              11 14
              14 13
              13 16
              16 15
              15 18
              18 17
              17 2
              2 1
              1 19
              ;
set F[155] := 10 9
              9 12
              12 11
              11 14
              14 13
              13 16
              16 15
              15 18
              18 17
              17 2
              2 20
              ;
set F[156] := 10 9
              9 12
              12 11
              11 14
              14 13
              13 16
              16 15
              15 18
              18 4
              4 3
              3 21
              ;
set F[157] := 10 9
              9 12
              12 11
              11 14
              14 13
              13 16
              16 15
              15 18
              18 4
              4 22
              ;
set F[158] := 10 9
              9 12
              12 11
              11 14
              14 13
              13 16
              16 15
              15 18
              18 17
              17 2
              2 1
              1 5
              5 23
              ;
set F[159] := 10 9
              9 12
              12 11
              11 14
              14 13
              13 16
              16 15
              15 18
              18 4
              4 3
              3 6
              6 24
              ;
set F[160] := 10 9
              9 12
              12 11
              11 14
              14 13
              13 16
              16 15
              15 18
              18 17
              17 2
              2 1
              1 5
              5 8
              8 7
              7 25
              ;
set F[161] := 10 9
              9 12
              12 11
              11 14
              14 13
              13 16
              16 15
              15 18
              18 17
              17 2
              2 1
              1 5
              5 8
              8 26
              ;
set F[162] := 10 9
              9 27
              ;
set F[163] := 10 9
              9 12
              12 11
              11 29
              ;
set F[164] := 10 9
              9 12
              12 30
              ;
set F[165] := 10 9
              9 12
              12 11
              11 14
              14 13
              13 31
              ;
set F[166] := 10 9
              9 12
              12 11
              11 14
              14 32
              ;
set F[167] := 10 9
              9 12
              12 11
              11 14
              14 13
              13 16
              16 15
              15 33
              ;
set F[168] := 10 9
              9 12
              12 11
              11 14
              14 13
              13 16
              16 34
              ;
set F[169] := 10 9
              9 12
              12 11
              11 14
              14 13
              13 16
              16 15
              15 18
              18 17
              17 35
              ;
set F[170] := 10 9
              9 12
              12 11
              11 14
              14 13
              13 16
              16 15
              15 18
              18 36
              ;
set F[171] := 11 14
              14 13
              13 16
              16 15
              15 18
              18 17
              17 2
              2 1
              1 19
              ;
set F[172] := 11 14
              14 13
              13 16
              16 15
              15 18
              18 17
              17 2
              2 20
              ;
set F[173] := 11 14
              14 13
              13 16
              16 15
              15 18
              18 4
              4 3
              3 21
              ;
set F[174] := 11 14
              14 13
              13 16
              16 15
              15 18
              18 4
              4 22
              ;
set F[175] := 11 14
              14 13
              13 16
              16 15
              15 18
              18 17
              17 2
              2 1
              1 5
              5 23
              ;
set F[176] := 11 14
              14 13
              13 16
              16 15
              15 18
              18 4
              4 3
              3 6
              6 24
              ;
set F[177] := 11 14
              14 13
              13 16
              16 15
              15 18
              18 17
              17 2
              2 1
              1 5
              5 8
              8 7
              7 25
              ;
set F[178] := 11 14
              14 13
              13 16
              16 15
              15 18
              18 17
              17 2
              2 1
              1 5
              5 8
              8 26
              ;
set F[179] := 11 12
              12 9
              9 27
              ;
set F[180] := 11 12
              12 9
              9 10
              10 28
              ;
set F[181] := 11 12
              12 30
              ;
set F[182] := 11 14
              14 13
              13 31
              ;
set F[183] := 11 14
              14 32
              ;
set F[184] := 11 14
              14 13
              13 16
              16 15
              15 33
              ;
set F[185] := 11 14
              14 13
              13 16
              16 34
              ;
set F[186] := 11 14
              14 13
              13 16
              16 15
              15 18
              18 17
              17 35
              ;
set F[187] := 11 14
              14 13
              13 16
              16 15
              15 18
              18 36
              ;
set F[188] := 12 11
              11 14
              14 13
              13 16
              16 15
              15 18
              18 17
              17 2
              2 1
              1 19
              ;
set F[189] := 12 11
              11 14
              14 13
              13 16
              16 15
              15 18
              18 17
              17 2
              2 20
              ;
set F[190] := 12 11
              11 14
              14 13
              13 16
              16 15
              15 18
              18 4
              4 3
              3 21
              ;
set F[191] := 12 11
              11 14
              14 13
              13 16
              16 15
              15 18
              18 4
              4 22
              ;
set F[192] := 12 11
              11 14
              14 13
              13 16
              16 15
              15 18
              18 17
              17 2
              2 1
              1 5
              5 23
              ;
set F[193] := 12 11
              11 14
              14 13
              13 16
              16 15
              15 18
              18 4
              4 3
              3 6
              6 24
              ;
set F[194] := 12 11
              11 14
              14 13
              13 16
              16 15
              15 18
              18 17
              17 2
              2 1
              1 5
              5 8
              8 7
              7 25
              ;
set F[195] := 12 11
              11 14
              14 13
              13 16
              16 15
              15 18
              18 17
              17 2
              2 1
              1 5
              5 8
              8 26
              ;
set F[196] := 12 9
              9 27
              ;
set F[197] := 12 9
              9 10
              10 28
              ;
set F[198] := 12 11
              11 29
              ;
set F[199] := 12 11
              11 14
              14 13
              13 31
              ;
set F[200] := 12 11
              11 14
              14 32
              ;
set F[201] := 12 11
              11 14
              14 13
              13 16
              16 15
              15 33
              ;
set F[202] := 12 11
              11 14
              14 13
              13 16
              16 34
              ;
set F[203] := 12 11
              11 14
              14 13
              13 16
              16 15
              15 18
              18 17
              17 35
              ;
set F[204] := 12 11
              11 14
              14 13
              13 16
              16 15
              15 18
              18 36
              ;
set F[205] := 13 16
              16 15
              15 18
              18 17
              17 2
              2 1
              1 19
              ;
set F[206] := 13 16
              16 15
              15 18
              18 17
              17 2
              2 20
              ;
set F[207] := 13 16
              16 15
              15 18
              18 4
              4 3
              3 21
              ;
set F[208] := 13 16
              16 15
              15 18
              18 4
              4 22
              ;
set F[209] := 13 16
              16 15
              15 18
              18 17
              17 2
              2 1
              1 5
              5 23
              ;
set F[210] := 13 16
              16 15
              15 18
              18 4
              4 3
              3 6
              6 24
              ;
set F[211] := 13 16
              16 15
              15 18
              18 17
              17 2
              2 1
              1 5
              5 8
              8 7
              7 25
              ;
set F[212] := 13 16
              16 15
              15 18
              18 17
              17 2
              2 1
              1 5
              5 8
              8 26
              ;
set F[213] := 13 14
              14 11
              11 12
              12 9
              9 27
              ;
set F[214] := 13 14
              14 11
              11 12
              12 9
              9 10
              10 28
              ;
set F[215] := 13 14
              14 11
              11 29
              ;
set F[216] := 13 14
              14 11
              11 12
              12 30
              ;
set F[217] := 13 14
              14 32
              ;
set F[218] := 13 16
              16 15
              15 33
              ;
set F[219] := 13 16
              16 34
              ;
set F[220] := 13 16
              16 15
              15 18
              18 17
              17 35
              ;
set F[221] := 13 16
              16 15
              15 18
              18 36
              ;
set F[222] := 14 13
              13 16
              16 15
              15 18
              18 17
              17 2
              2 1
              1 19
              ;
set F[223] := 14 13
              13 16
              16 15
              15 18
              18 17
              17 2
              2 20
              ;
set F[224] := 14 13
              13 16
              16 15
              15 18
              18 4
              4 3
              3 21
              ;
set F[225] := 14 13
              13 16
              16 15
              15 18
              18 4
              4 22
              ;
set F[226] := 14 13
              13 16
              16 15
              15 18
              18 17
              17 2
              2 1
              1 5
              5 23
              ;
set F[227] := 14 13
              13 16
              16 15
              15 18
              18 4
              4 3
              3 6
              6 24
              ;
set F[228] := 14 13
              13 16
              16 15
              15 18
              18 17
              17 2
              2 1
              1 5
              5 8
              8 7
              7 25
              ;
set F[229] := 14 13
              13 16
              16 15
              15 18
              18 17
              17 2
              2 1
              1 5
              5 8
              8 26
              ;
set F[230] := 14 11
              11 12
              12 9
              9 27
              ;
set F[231] := 14 11
              11 12
              12 9
              9 10
              10 28
              ;
set F[232] := 14 11
              11 29
              ;
set F[233] := 14 11
              11 12
              12 30
              ;
set F[234] := 14 13
              13 31
              ;
set F[235] := 14 13
              13 16
              16 15
              15 33
              ;
set F[236] := 14 13
              13 16
              16 34
              ;
set F[237] := 14 13
              13 16
              16 15
              15 18
              18 17
              17 35
              ;
set F[238] := 14 13
              13 16
              16 15
              15 18
              18 36
              ;
set F[239] := 15 18
              18 17
              17 2
              2 1
              1 19
              ;
set F[240] := 15 18
              18 17
              17 2
              2 20
              ;
set F[241] := 15 18
              18 4
              4 3
              3 21
              ;
set F[242] := 15 18
              18 4
              4 22
              ;
set F[243] := 15 18
              18 17
              17 2
              2 1
              1 5
              5 23
              ;
set F[244] := 15 18
              18 4
              4 3
              3 6
              6 24
              ;
set F[245] := 15 18
              18 17
              17 2
              2 1
              1 5
              5 8
              8 7
              7 25
              ;
set F[246] := 15 18
              18 17
              17 2
              2 1
              1 5
              5 8
              8 26
              ;
set F[247] := 15 16
              16 13
              13 14
              14 11
              11 12
              12 9
              9 27
              ;
set F[248] := 15 16
              16 13
              13 14
              14 11
              11 12
              12 9
              9 10
              10 28
              ;
set F[249] := 15 16
              16 13
              13 14
              14 11
              11 29
              ;
set F[250] := 15 16
              16 13
              13 14
              14 11
              11 12
              12 30
              ;
set F[251] := 15 16
              16 13
              13 31
              ;
set F[252] := 15 16
              16 13
              13 14
              14 32
              ;
set F[253] := 15 16
              16 34
              ;
set F[254] := 15 18
              18 17
              17 35
              ;
set F[255] := 15 18
              18 36
              ;
set F[256] := 16 15
              15 18
              18 17
              17 2
              2 1
              1 19
              ;
set F[257] := 16 15
              15 18
              18 17
              17 2
              2 20
              ;
set F[258] := 16 15
              15 18
              18 4
              4 3
              3 21
              ;
set F[259] := 16 15
              15 18
              18 4
              4 22
              ;
set F[260] := 16 15
              15 18
              18 17
              17 2
              2 1
              1 5
              5 23
              ;
set F[261] := 16 15
              15 18
              18 4
              4 3
              3 6
              6 24
              ;
set F[262] := 16 15
              15 18
              18 17
              17 2
              2 1
              1 5
              5 8
              8 7
              7 25
              ;
set F[263] := 16 15
              15 18
              18 17
              17 2
              2 1
              1 5
              5 8
              8 26
              ;
set F[264] := 16 13
              13 14
              14 11
              11 12
              12 9
              9 27
              ;
set F[265] := 16 13
              13 14
              14 11
              11 12
              12 9
              9 10
              10 28
              ;
set F[266] := 16 13
              13 14
              14 11
              11 29
              ;
set F[267] := 16 13
              13 14
              14 11
              11 12
              12 30
              ;
set F[268] := 16 13
              13 31
              ;
set F[269] := 16 13
              13 14
              14 32
              ;
set F[270] := 16 15
              15 33
              ;
set F[271] := 16 15
              15 18
              18 17
              17 35
              ;
set F[272] := 16 15
              15 18
              18 36
              ;
set F[273] := 17 2
              2 1
              1 19
              ;
set F[274] := 17 2
              2 20
              ;
set F[275] := 17 18
              18 4
              4 3
              3 21
              ;
set F[276] := 17 18
              18 4
              4 22
              ;
set F[277] := 17 2
              2 1
              1 5
              5 23
              ;
set F[278] := 17 18
              18 4
              4 3
              3 6
              6 24
              ;
set F[279] := 17 2
              2 1
              1 5
              5 8
              8 7
              7 25
              ;
set F[280] := 17 2
              2 1
              1 5
              5 8
              8 26
              ;
set F[281] := 17 18
              18 15
              15 16
              16 13
              13 14
              14 11
              11 12
              12 9
              9 27
              ;
set F[282] := 17 18
              18 15
              15 16
              16 13
              13 14
              14 11
              11 12
              12 9
              9 10
              10 28
              ;
set F[283] := 17 18
              18 15
              15 16
              16 13
              13 14
              14 11
              11 29
              ;
set F[284] := 17 18
              18 15
              15 16
              16 13
              13 14
              14 11
              11 12
              12 30
              ;
set F[285] := 17 18
              18 15
              15 16
              16 13
              13 31
              ;
set F[286] := 17 18
              18 15
              15 16
              16 13
              13 14
              14 32
              ;
set F[287] := 17 18
              18 15
              15 33
              ;
set F[288] := 17 18
              18 15
              15 16
              16 34
              ;
set F[289] := 17 18
              18 36
              ;
set F[290] := 18 17
              17 2
              2 1
              1 19
              ;
set F[291] := 18 17
              17 2
              2 20
              ;
set F[292] := 18 4
              4 3
              3 21
              ;
set F[293] := 18 4
              4 22
              ;
set F[294] := 18 17
              17 2
              2 1
              1 5
              5 23
              ;
set F[295] := 18 4
              4 3
              3 6
              6 24
              ;
set F[296] := 18 17
              17 2
              2 1
              1 5
              5 8
              8 7
              7 25
              ;
set F[297] := 18 17
              17 2
              2 1
              1 5
              5 8
              8 26
              ;
set F[298] := 18 15
              15 16
              16 13
              13 14
              14 11
              11 12
              12 9
              9 27
              ;
set F[299] := 18 15
              15 16
              16 13
              13 14
              14 11
              11 12
              12 9
              9 10
              10 28
              ;
set F[300] := 18 15
              15 16
              16 13
              13 14
              14 11
              11 29
              ;
set F[301] := 18 15
              15 16
              16 13
              13 14
              14 11
              11 12
              12 30
              ;
set F[302] := 18 15
              15 16
              16 13
              13 31
              ;
set F[303] := 18 15
              15 16
              16 13
              13 14
              14 32
              ;
set F[304] := 18 15
              15 33
              ;
set F[305] := 18 15
              15 16
              16 34
              ;
set F[306] := 18 17
              17 35
              ;
set Last[1] := 2 20;
set Last[2] := 3 21;
set Last[3] := 4 22;
set Last[4] := 5 23;
set Last[5] := 6 24;
set Last[6] := 7 25;
set Last[7] := 8 26;
set Last[8] := 9 27;
set Last[9] := 10 28;
set Last[10] := 11 29;
set Last[11] := 12 30;
set Last[12] := 13 31;
set Last[13] := 14 32;
set Last[14] := 15 33;
set Last[15] := 16 34;
set Last[16] := 17 35;
set Last[17] := 18 36;
set Last[18] := 1 19;
set Last[19] := 3 21;
set Last[20] := 4 22;
set Last[21] := 5 23;
set Last[22] := 6 24;
set Last[23] := 7 25;
set Last[24] := 8 26;
set Last[25] := 9 27;
set Last[26] := 10 28;
set Last[27] := 11 29;
set Last[28] := 12 30;
set Last[29] := 13 31;
set Last[30] := 14 32;
set Last[31] := 15 33;
set Last[32] := 16 34;
set Last[33] := 17 35;
set Last[34] := 18 36;
set Last[35] := 1 19;
set Last[36] := 2 20;
set Last[37] := 4 22;
set Last[38] := 5 23;
set Last[39] := 6 24;
set Last[40] := 7 25;
set Last[41] := 8 26;
set Last[42] := 9 27;
set Last[43] := 10 28;
set Last[44] := 11 29;
set Last[45] := 12 30;
set Last[46] := 13 31;
set Last[47] := 14 32;
set Last[48] := 15 33;
set Last[49] := 16 34;
set Last[50] := 17 35;
set Last[51] := 18 36;
set Last[52] := 1 19;
set Last[53] := 2 20;
set Last[54] := 3 21;
set Last[55] := 5 23;
set Last[56] := 6 24;
set Last[57] := 7 25;
set Last[58] := 8 26;
set Last[59] := 9 27;
set Last[60] := 10 28;
set Last[61] := 11 29;
set Last[62] := 12 30;
set Last[63] := 13 31;
set Last[64] := 14 32;
set Last[65] := 15 33;
set Last[66] := 16 34;
set Last[67] := 17 35;
set Last[68] := 18 36;
set Last[69] := 1 19;
set Last[70] := 2 20;
set Last[71] := 3 21;
set Last[72] := 4 22;
set Last[73] := 6 24;
set Last[74] := 7 25;
set Last[75] := 8 26;
set Last[76] := 9 27;
set Last[77] := 10 28;
set Last[78] := 11 29;
set Last[79] := 12 30;
set Last[80] := 13 31;
set Last[81] := 14 32;
set Last[82] := 15 33;
set Last[83] := 16 34;
set Last[84] := 17 35;
set Last[85] := 18 36;
set Last[86] := 1 19;
set Last[87] := 2 20;
set Last[88] := 3 21;
set Last[89] := 4 22;
set Last[90] := 5 23;
set Last[91] := 7 25;
set Last[92] := 8 26;
set Last[93] := 9 27;
set Last[94] := 10 28;
set Last[95] := 11 29;
set Last[96] := 12 30;
set Last[97] := 13 31;
set Last[98] := 14 32;
set Last[99] := 15 33;
set Last[100] := 16 34;
set Last[101] := 17 35;
set Last[102] := 18 36;
set Last[103] := 1 19;
set Last[104] := 2 20;
set Last[105] := 3 21;
set Last[106] := 4 22;
set Last[107] := 5 23;
set Last[108] := 6 24;
set Last[109] := 8 26;
set Last[110] := 9 27;
set Last[111] := 10 28;
set Last[112] := 11 29;
set Last[113] := 12 30;
set Last[114] := 13 31;
set Last[115] := 14 32;
set Last[116] := 15 33;
set Last[117] := 16 34;
set Last[118] := 17 35;
set Last[119] := 18 36;
set Last[120] := 1 19;
set Last[121] := 2 20;
set Last[122] := 3 21;
set Last[123] := 4 22;
set Last[124] := 5 23;
set Last[125] := 6 24;
set Last[126] := 7 25;
set Last[127] := 9 27;
set Last[128] := 10 28;
set Last[129] := 11 29;
set Last[130] := 12 30;
set Last[131] := 13 31;
set Last[132] := 14 32;
set Last[133] := 15 33;
set Last[134] := 16 34;
set Last[135] := 17 35;
set Last[136] := 18 36;
set Last[137] := 1 19;
set Last[138] := 2 20;
set Last[139] := 3 21;
set Last[140] := 4 22;
set Last[141] := 5 23;
set Last[142] := 6 24;
set Last[143] := 7 25;
set Last[144] := 8 26;
set Last[145] := 10 28;
set Last[146] := 11 29;
set Last[147] := 12 30;
set Last[148] := 13 31;
set Last[149] := 14 32;
set Last[150] := 15 33;
set Last[151] := 16 34;
set Last[152] := 17 35;
set Last[153] := 18 36;
set Last[154] := 1 19;
set Last[155] := 2 20;
set Last[156] := 3 21;
set Last[157] := 4 22;
set Last[158] := 5 23;
set Last[159] := 6 24;
set Last[160] := 7 25;
set Last[161] := 8 26;
set Last[162] := 9 27;
set Last[163] := 11 29;
set Last[164] := 12 30;
set Last[165] := 13 31;
set Last[166] := 14 32;
set Last[167] := 15 33;
set Last[168] := 16 34;
set Last[169] := 17 35;
set Last[170] := 18 36;
set Last[171] := 1 19;
set Last[172] := 2 20;
set Last[173] := 3 21;
set Last[174] := 4 22;
set Last[175] := 5 23;
set Last[176] := 6 24;
set Last[177] := 7 25;
set Last[178] := 8 26;
set Last[179] := 9 27;
set Last[180] := 10 28;
set Last[181] := 12 30;
set Last[182] := 13 31;
set Last[183] := 14 32;
set Last[184] := 15 33;
set Last[185] := 16 34;
set Last[186] := 17 35;
set Last[187] := 18 36;
set Last[188] := 1 19;
set Last[189] := 2 20;
set Last[190] := 3 21;
set Last[191] := 4 22;
set Last[192] := 5 23;
set Last[193] := 6 24;
set Last[194] := 7 25;
set Last[195] := 8 26;
set Last[196] := 9 27;
set Last[197] := 10 28;
set Last[198] := 11 29;
set Last[199] := 13 31;
set Last[200] := 14 32;
set Last[201] := 15 33;
set Last[202] := 16 34;
set Last[203] := 17 35;
set Last[204] := 18 36;
set Last[205] := 1 19;
set Last[206] := 2 20;
set Last[207] := 3 21;
set Last[208] := 4 22;
set Last[209] := 5 23;
set Last[210] := 6 24;
set Last[211] := 7 25;
set Last[212] := 8 26;
set Last[213] := 9 27;
set Last[214] := 10 28;
set Last[215] := 11 29;
set Last[216] := 12 30;
set Last[217] := 14 32;
set Last[218] := 15 33;
set Last[219] := 16 34;
set Last[220] := 17 35;
set Last[221] := 18 36;
set Last[222] := 1 19;
set Last[223] := 2 20;
set Last[224] := 3 21;
set Last[225] := 4 22;
set Last[226] := 5 23;
set Last[227] := 6 24;
set Last[228] := 7 25;
set Last[229] := 8 26;
set Last[230] := 9 27;
set Last[231] := 10 28;
set Last[232] := 11 29;
set Last[233] := 12 30;
set Last[234] := 13 31;
set Last[235] := 15 33;
set Last[236] := 16 34;
set Last[237] := 17 35;
set Last[238] := 18 36;
set Last[239] := 1 19;
set Last[240] := 2 20;
set Last[241] := 3 21;
set Last[242] := 4 22;
set Last[243] := 5 23;
set Last[244] := 6 24;
set Last[245] := 7 25;
set Last[246] := 8 26;
set Last[247] := 9 27;
set Last[248] := 10 28;
set Last[249] := 11 29;
set Last[250] := 12 30;
set Last[251] := 13 31;
set Last[252] := 14 32;
set Last[253] := 16 34;
set Last[254] := 17 35;
set Last[255] := 18 36;
set Last[256] := 1 19;
set Last[257] := 2 20;
set Last[258] := 3 21;
set Last[259] := 4 22;
set Last[260] := 5 23;
set Last[261] := 6 24;
set Last[262] := 7 25;
set Last[263] := 8 26;
set Last[264] := 9 27;
set Last[265] := 10 28;
set Last[266] := 11 29;
set Last[267] := 12 30;
set Last[268] := 13 31;
set Last[269] := 14 32;
set Last[270] := 15 33;
set Last[271] := 17 35;
set Last[272] := 18 36;
set Last[273] := 1 19;
set Last[274] := 2 20;
set Last[275] := 3 21;
set Last[276] := 4 22;
set Last[277] := 5 23;
set Last[278] := 6 24;
set Last[279] := 7 25;
set Last[280] := 8 26;
set Last[281] := 9 27;
set Last[282] := 10 28;
set Last[283] := 11 29;
set Last[284] := 12 30;
set Last[285] := 13 31;
set Last[286] := 14 32;
set Last[287] := 15 33;
set Last[288] := 16 34;
set Last[289] := 18 36;
set Last[290] := 1 19;
set Last[291] := 2 20;
set Last[292] := 3 21;
set Last[293] := 4 22;
set Last[294] := 5 23;
set Last[295] := 6 24;
set Last[296] := 7 25;
set Last[297] := 8 26;
set Last[298] := 9 27;
set Last[299] := 10 28;
set Last[300] := 11 29;
set Last[301] := 12 30;
set Last[302] := 13 31;
set Last[303] := 14 32;
set Last[304] := 15 33;
set Last[305] := 16 34;
set Last[306] := 17 35;

param q := 5;

end;
