data;

set V := 1 2 3 4 5 6 7 8 9 10 11 12 13 14 15 16 17 18 19 20 21 22 23 24 25 26 27 28 29 30 31 32 33 34 35 36 37 38 39 40 41 42 43 44 45 46 47 48 49 50 52;

set A := 1 2
         1 3
         1 11
         1 18
         1 27
         2 1
         2 12
         2 28
         3 1
         3 4
         3 26
         3 29
         4 3
         4 7
         4 30
         5 6
         5 25
         5 31
         6 5
         6 9
         6 32
         7 4
         7 8
         7 33
         8 7
         8 13
         8 34
         9 6
         9 10
         9 35
         10 9
         10 14
         10 36
         11 1
         11 37
         12 2
         12 13
         12 16
         12 38
         13 8
         13 12
         13 14
         13 15
         13 16
         13 39
         14 10
         14 13
         14 40
         15 13
         15 41
         16 12
         16 13
         16 42
         17 18
         17 26
         17 43
         18 1
         18 17
         18 44
         19 20
         19 23
         19 24
         19 45
         20 19
         20 21
         20 46
         21 20
         21 22
         21 23
         21 47
         22 21
         22 48
         23 19
         23 21
         23 26
         23 49
         24 19
         24 25
         24 50
         25 5
         25 24
         26 3
         26 17
         26 23
         26 52
         ;

set S := 1 2 3 4 5 6 7 8 9 10 11 12 13 14 15 16 17 18 19 20 21 22 23 24 25 26 27 28 29 30 31 32 33 34 35 36 37 38 39 40 41 42 43 44 45 46 47 48 49 50 51 52 53 54 55 56 57 58 59 60 61 62 63 64 65 66 67 68 69 70 71 72 73 74 75 76 77 78 79 80 81 82 83 84 85 86 87 88 89 90 91 92 93 94 95 96 97 98 99 100 101 102 103 104 105 106 107 108 109 110 111 112 113 114 115 116 117 118 119 120 121 122 123 124 125 126 127 128 129 130 131 132 133 134 135 136 137 138 139 140 141 142 143 144 145 146 147 148 149 150 151 152 153 154 155 156 157 158 159 160 161 162 163 164 165 166 167 168 169 170 171 172 173 174 175 176 177 178 179 180 181 182 183 184 185 186 187 188 189 190 191 192 193 194 195 196 197 198 199 200 201 202 203 204 205 206 207 208 209 210 211 212 213 214 215 216 217 218 219 220 221 222 223 224 225 226 227 228 229 230 231 232 233 234 235 236 237 238 239 240 241 242 243 244 245 246 247 248 249 250 251 252 253 254 255 256 257 258 259 260 261 262 263 264 265 266 267 268 269 270 271 272 273 274 275 276 277 278 279 280 281 282 283 284 285 286 287 288 289 290 291 292 293 294 295 296 297 298 299 300 301 302 303 304 305 306 307 308 309 310 311 312 313 314 315 316 317 318 319 320 321 322 323 324 325 326 327 328 329 330 331 332 333 334 335 336 337 338 339 340 341 342 343 344 345 346 347 348 349 350 351 352 353 354 355 356 357 358 359 360 361 362 363 364 365 366 367 368 369 370 371 372 373 374 375 376 377 378 379 380 381 382 383 384 385 386 387 388 389 390 391 392 393 394 395 396 397 398 399 400 401 402 403 404 405 406 407 408 409 410 411 412 413 414 415 416 417 418 419 420 421 422 423 424 425 426 427 428 429 430 431 432 433 434 435 436 437 438 439 440 441 442 443 444 445 446 447 448 449 450 451 452 453 454 455 456 457 458 459 460 461 462 463 464 465 466 467 468 469 470 471 472 473 474 475 476 477 478 479 480 481 482 483 484 485 486 487 488 489 490 491 492 493 494 495 496 497 498 499 500 501 502 503 504 505 506 507 508 509 510 511 512 513 514 515 516 517 518 519 520;

set F[1] := 1 3
            3 29
            ;
set F[2] := 1 3
            3 26
            26 23
            23 19
            19 24
            24 25
            25 5
            5 31
            ;
set F[3] := 1 3
            3 4
            4 7
            7 33
            ;
set F[4] := 1 2
            2 12
            12 13
            13 14
            14 10
            10 36
            ;
set F[5] := 1 2
            2 12
            12 13
            13 14
            14 40
            ;
set F[6] := 1 2
            2 12
            12 13
            13 15
            15 41
            ;
set F[7] := 1 2
            2 12
            12 16
            16 42
            ;
set F[8] := 1 18
            18 44
            ;
set F[9] := 1 3
            3 26
            26 23
            23 19
            19 20
            20 46
            ;
set F[10] := 1 3
             3 26
             26 23
             23 21
             21 47
             ;
set F[11] := 1 3
             3 26
             26 23
             23 19
             19 24
             24 50
             ;
set F[12] := 1 3
             3 26
             26 52
             ;
set F[13] := 2 1
             1 27
             ;
set F[14] := 2 1
             1 3
             3 29
             ;
set F[15] := 2 1
             1 3
             3 4
             4 30
             ;
set F[16] := 2 12
             12 13
             13 14
             14 10
             10 9
             9 6
             6 5
             5 31
             ;
set F[17] := 2 12
             12 13
             13 14
             14 10
             10 9
             9 6
             6 32
             ;
set F[18] := 2 1
             1 3
             3 4
             4 7
             7 33
             ;
set F[19] := 2 12
             12 13
             13 8
             8 34
             ;
set F[20] := 2 12
             12 13
             13 14
             14 10
             10 9
             9 35
             ;
set F[21] := 2 12
             12 13
             13 14
             14 10
             10 36
             ;
set F[22] := 2 1
             1 11
             11 37
             ;
set F[23] := 2 12
             12 38
             ;
set F[24] := 2 12
             12 13
             13 39
             ;
set F[25] := 2 12
             12 13
             13 14
             14 40
             ;
set F[26] := 2 12
             12 13
             13 15
             15 41
             ;
set F[27] := 2 12
             12 16
             16 42
             ;
set F[28] := 2 1
             1 18
             18 44
             ;
set F[29] := 2 1
             1 3
             3 26
             26 23
             23 19
             19 45
             ;
set F[30] := 2 1
             1 3
             3 26
             26 23
             23 19
             19 20
             20 46
             ;
set F[31] := 2 1
             1 3
             3 26
             26 23
             23 21
             21 47
             ;
set F[32] := 2 1
             1 3
             3 26
             26 23
             23 21
             21 22
             22 48
             ;
set F[33] := 2 1
             1 3
             3 26
             26 23
             23 49
             ;
set F[34] := 2 1
             1 3
             3 26
             26 23
             23 19
             19 24
             24 50
             ;
set F[35] := 2 1
             1 3
             3 26
             26 52
             ;
set F[36] := 3 1
             1 27
             ;
set F[37] := 3 1
             1 2
             2 28
             ;
set F[38] := 3 4
             4 30
             ;
set F[39] := 3 26
             26 23
             23 19
             19 24
             24 25
             25 5
             5 31
             ;
set F[40] := 3 26
             26 23
             23 19
             19 24
             24 25
             25 5
             5 6
             6 32
             ;
set F[41] := 3 4
             4 7
             7 33
             ;
set F[42] := 3 4
             4 7
             7 8
             8 34
             ;
set F[43] := 3 1
             1 2
             2 12
             12 13
             13 14
             14 10
             10 9
             9 35
             ;
set F[44] := 3 1
             1 2
             2 12
             12 13
             13 14
             14 10
             10 36
             ;
set F[45] := 3 1
             1 11
             11 37
             ;
set F[46] := 3 1
             1 2
             2 12
             12 38
             ;
set F[47] := 3 1
             1 2
             2 12
             12 13
             13 39
             ;
set F[48] := 3 1
             1 2
             2 12
             12 13
             13 14
             14 40
             ;
set F[49] := 3 1
             1 2
             2 12
             12 13
             13 15
             15 41
             ;
set F[50] := 3 1
             1 2
             2 12
             12 16
             16 42
             ;
set F[51] := 3 1
             1 18
             18 44
             ;
set F[52] := 3 26
             26 23
             23 19
             19 45
             ;
set F[53] := 3 26
             26 23
             23 19
             19 20
             20 46
             ;
set F[54] := 3 26
             26 23
             23 21
             21 47
             ;
set F[55] := 3 26
             26 23
             23 21
             21 22
             22 48
             ;
set F[56] := 3 26
             26 23
             23 49
             ;
set F[57] := 3 26
             26 23
             23 19
             19 24
             24 50
             ;
set F[58] := 3 26
             26 52
             ;
set F[59] := 4 3
             3 1
             1 27
             ;
set F[60] := 4 3
             3 29
             ;
set F[61] := 4 3
             3 26
             26 23
             23 19
             19 24
             24 25
             25 5
             5 31
             ;
set F[62] := 4 7
             7 8
             8 13
             13 14
             14 10
             10 9
             9 6
             6 32
             ;
set F[63] := 4 7
             7 33
             ;
set F[64] := 4 7
             7 8
             8 34
             ;
set F[65] := 4 7
             7 8
             8 13
             13 14
             14 10
             10 9
             9 35
             ;
set F[66] := 4 7
             7 8
             8 13
             13 14
             14 10
             10 36
             ;
set F[67] := 4 3
             3 1
             1 2
             2 12
             12 38
             ;
set F[68] := 4 7
             7 8
             8 13
             13 39
             ;
set F[69] := 4 7
             7 8
             8 13
             13 14
             14 40
             ;
set F[70] := 4 7
             7 8
             8 13
             13 15
             15 41
             ;
set F[71] := 4 7
             7 8
             8 13
             13 16
             16 42
             ;
set F[72] := 4 3
             3 1
             1 18
             18 44
             ;
set F[73] := 4 3
             3 26
             26 23
             23 19
             19 45
             ;
set F[74] := 4 3
             3 26
             26 23
             23 19
             19 20
             20 46
             ;
set F[75] := 4 3
             3 26
             26 23
             23 21
             21 47
             ;
set F[76] := 4 3
             3 26
             26 23
             23 21
             21 22
             22 48
             ;
set F[77] := 4 3
             3 26
             26 23
             23 49
             ;
set F[78] := 4 3
             3 26
             26 23
             23 19
             19 24
             24 50
             ;
set F[79] := 4 3
             3 26
             26 52
             ;
set F[80] := 5 25
             25 24
             24 19
             19 23
             23 26
             26 3
             3 1
             1 27
             ;
set F[81] := 5 6
             6 9
             9 10
             10 14
             14 13
             13 12
             12 2
             2 28
             ;
set F[82] := 5 25
             25 24
             24 19
             19 23
             23 26
             26 3
             3 29
             ;
set F[83] := 5 6
             6 32
             ;
set F[84] := 5 6
             6 9
             9 10
             10 14
             14 13
             13 8
             8 7
             7 33
             ;
set F[85] := 5 6
             6 9
             9 10
             10 14
             14 13
             13 8
             8 34
             ;
set F[86] := 5 6
             6 9
             9 35
             ;
set F[87] := 5 6
             6 9
             9 10
             10 36
             ;
set F[88] := 5 25
             25 24
             24 19
             19 23
             23 26
             26 3
             3 1
             1 11
             11 37
             ;
set F[89] := 5 6
             6 9
             9 10
             10 14
             14 13
             13 12
             12 38
             ;
set F[90] := 5 6
             6 9
             9 10
             10 14
             14 13
             13 39
             ;
set F[91] := 5 6
             6 9
             9 10
             10 14
             14 40
             ;
set F[92] := 5 6
             6 9
             9 10
             10 14
             14 13
             13 15
             15 41
             ;
set F[93] := 5 6
             6 9
             9 10
             10 14
             14 13
             13 16
             16 42
             ;
set F[94] := 5 25
             25 24
             24 19
             19 23
             23 26
             26 17
             17 18
             18 44
             ;
set F[95] := 5 25
             25 24
             24 19
             19 45
             ;
set F[96] := 5 25
             25 24
             24 19
             19 20
             20 46
             ;
set F[97] := 5 25
             25 24
             24 19
             19 20
             20 21
             21 47
             ;
set F[98] := 5 25
             25 24
             24 19
             19 20
             20 21
             21 22
             22 48
             ;
set F[99] := 5 25
             25 24
             24 19
             19 23
             23 49
             ;
set F[100] := 5 25
              25 24
              24 50
              ;
set F[101] := 5 25
              25 24
              24 19
              19 23
              23 26
              26 52
              ;
set F[102] := 6 9
              9 10
              10 14
              14 13
              13 12
              12 2
              2 1
              1 27
              ;
set F[103] := 6 5
              5 25
              25 24
              24 19
              19 23
              23 26
              26 3
              3 29
              ;
set F[104] := 6 5
              5 31
              ;
set F[105] := 6 9
              9 10
              10 14
              14 13
              13 8
              8 7
              7 33
              ;
set F[106] := 6 9
              9 10
              10 14
              14 13
              13 8
              8 34
              ;
set F[107] := 6 9
              9 35
              ;
set F[108] := 6 9
              9 10
              10 36
              ;
set F[109] := 6 9
              9 10
              10 14
              14 13
              13 12
              12 2
              2 1
              1 11
              11 37
              ;
set F[110] := 6 9
              9 10
              10 14
              14 13
              13 12
              12 38
              ;
set F[111] := 6 9
              9 10
              10 14
              14 13
              13 39
              ;
set F[112] := 6 9
              9 10
              10 14
              14 40
              ;
set F[113] := 6 9
              9 10
              10 14
              14 13
              13 15
              15 41
              ;
set F[114] := 6 9
              9 10
              10 14
              14 13
              13 16
              16 42
              ;
set F[115] := 6 5
              5 25
              25 24
              24 19
              19 23
              23 26
              26 17
              17 18
              18 44
              ;
set F[116] := 6 5
              5 25
              25 24
              24 19
              19 45
              ;
set F[117] := 6 5
              5 25
              25 24
              24 19
              19 20
              20 46
              ;
set F[118] := 6 5
              5 25
              25 24
              24 19
              19 20
              20 21
              21 47
              ;
set F[119] := 6 5
              5 25
              25 24
              24 19
              19 20
              20 21
              21 22
              22 48
              ;
set F[120] := 6 5
              5 25
              25 24
              24 19
              19 23
              23 49
              ;
set F[121] := 6 5
              5 25
              25 24
              24 50
              ;
set F[122] := 6 5
              5 25
              25 24
              24 19
              19 23
              23 26
              26 52
              ;
set F[123] := 7 4
              4 3
              3 1
              1 27
              ;
set F[124] := 7 4
              4 3
              3 29
              ;
set F[125] := 7 8
              8 13
              13 14
              14 10
              10 9
              9 6
              6 5
              5 31
              ;
set F[126] := 7 8
              8 13
              13 14
              14 10
              10 9
              9 6
              6 32
              ;
set F[127] := 7 8
              8 34
              ;
set F[128] := 7 8
              8 13
              13 14
              14 10
              10 9
              9 35
              ;
set F[129] := 7 8
              8 13
              13 14
              14 10
              10 36
              ;
set F[130] := 7 8
              8 13
              13 12
              12 38
              ;
set F[131] := 7 8
              8 13
              13 39
              ;
set F[132] := 7 8
              8 13
              13 14
              14 40
              ;
set F[133] := 7 8
              8 13
              13 15
              15 41
              ;
set F[134] := 7 8
              8 13
              13 16
              16 42
              ;
set F[135] := 7 4
              4 3
              3 1
              1 18
              18 44
              ;
set F[136] := 7 4
              4 3
              3 26
              26 23
              23 19
              19 45
              ;
set F[137] := 7 4
              4 3
              3 26
              26 23
              23 19
              19 20
              20 46
              ;
set F[138] := 7 4
              4 3
              3 26
              26 23
              23 21
              21 47
              ;
set F[139] := 7 4
              4 3
              3 26
              26 23
              23 21
              21 22
              22 48
              ;
set F[140] := 7 4
              4 3
              3 26
              26 23
              23 49
              ;
set F[141] := 7 4
              4 3
              3 26
              26 23
              23 19
              19 24
              24 50
              ;
set F[142] := 7 4
              4 3
              3 26
              26 52
              ;
set F[143] := 8 7
              7 4
              4 3
              3 1
              1 27
              ;
set F[144] := 8 13
              13 12
              12 2
              2 28
              ;
set F[145] := 8 7
              7 4
              4 3
              3 29
              ;
set F[146] := 8 7
              7 4
              4 30
              ;
set F[147] := 8 13
              13 14
              14 10
              10 9
              9 6
              6 5
              5 31
              ;
set F[148] := 8 13
              13 14
              14 10
              10 9
              9 6
              6 32
              ;
set F[149] := 8 7
              7 33
              ;
set F[150] := 8 13
              13 14
              14 10
              10 9
              9 35
              ;
set F[151] := 8 13
              13 14
              14 10
              10 36
              ;
set F[152] := 8 7
              7 4
              4 3
              3 1
              1 11
              11 37
              ;
set F[153] := 8 13
              13 12
              12 38
              ;
set F[154] := 8 13
              13 39
              ;
set F[155] := 8 13
              13 14
              14 40
              ;
set F[156] := 8 13
              13 15
              15 41
              ;
set F[157] := 8 13
              13 16
              16 42
              ;
set F[158] := 8 7
              7 4
              4 3
              3 26
              26 17
              17 43
              ;
set F[159] := 8 7
              7 4
              4 3
              3 1
              1 18
              18 44
              ;
set F[160] := 8 7
              7 4
              4 3
              3 26
              26 23
              23 19
              19 45
              ;
set F[161] := 8 7
              7 4
              4 3
              3 26
              26 23
              23 19
              19 20
              20 46
              ;
set F[162] := 8 7
              7 4
              4 3
              3 26
              26 23
              23 21
              21 47
              ;
set F[163] := 8 7
              7 4
              4 3
              3 26
              26 23
              23 21
              21 22
              22 48
              ;
set F[164] := 8 7
              7 4
              4 3
              3 26
              26 23
              23 49
              ;
set F[165] := 8 7
              7 4
              4 3
              3 26
              26 23
              23 19
              19 24
              24 50
              ;
set F[166] := 8 7
              7 4
              4 3
              3 26
              26 52
              ;
set F[167] := 9 10
              10 14
              14 13
              13 12
              12 2
              2 1
              1 27
              ;
set F[168] := 9 10
              10 14
              14 13
              13 8
              8 7
              7 4
              4 3
              3 29
              ;
set F[169] := 9 6
              6 5
              5 31
              ;
set F[170] := 9 6
              6 32
              ;
set F[171] := 9 10
              10 14
              14 13
              13 8
              8 7
              7 33
              ;
set F[172] := 9 10
              10 14
              14 13
              13 8
              8 34
              ;
set F[173] := 9 10
              10 36
              ;
set F[174] := 9 10
              10 14
              14 13
              13 12
              12 38
              ;
set F[175] := 9 10
              10 14
              14 13
              13 39
              ;
set F[176] := 9 10
              10 14
              14 40
              ;
set F[177] := 9 10
              10 14
              14 13
              13 15
              15 41
              ;
set F[178] := 9 10
              10 14
              14 13
              13 16
              16 42
              ;
set F[179] := 9 10
              10 14
              14 13
              13 12
              12 2
              2 1
              1 18
              18 44
              ;
set F[180] := 9 6
              6 5
              5 25
              25 24
              24 19
              19 45
              ;
set F[181] := 9 6
              6 5
              5 25
              25 24
              24 19
              19 20
              20 46
              ;
set F[182] := 9 6
              6 5
              5 25
              25 24
              24 19
              19 20
              20 21
              21 47
              ;
set F[183] := 9 6
              6 5
              5 25
              25 24
              24 19
              19 23
              23 49
              ;
set F[184] := 9 6
              6 5
              5 25
              25 24
              24 50
              ;
set F[185] := 9 6
              6 5
              5 25
              25 24
              24 19
              19 23
              23 26
              26 52
              ;
set F[186] := 10 14
              14 13
              13 12
              12 2
              2 1
              1 27
              ;
set F[187] := 10 14
              14 13
              13 8
              8 7
              7 4
              4 3
              3 29
              ;
set F[188] := 10 9
              9 6
              6 5
              5 31
              ;
set F[189] := 10 9
              9 6
              6 32
              ;
set F[190] := 10 14
              14 13
              13 8
              8 7
              7 33
              ;
set F[191] := 10 14
              14 13
              13 12
              12 38
              ;
set F[192] := 10 14
              14 40
              ;
set F[193] := 10 14
              14 13
              13 15
              15 41
              ;
set F[194] := 10 14
              14 13
              13 16
              16 42
              ;
set F[195] := 10 14
              14 13
              13 12
              12 2
              2 1
              1 18
              18 44
              ;
set F[196] := 10 9
              9 6
              6 5
              5 25
              25 24
              24 19
              19 45
              ;
set F[197] := 10 9
              9 6
              6 5
              5 25
              25 24
              24 19
              19 20
              20 46
              ;
set F[198] := 10 9
              9 6
              6 5
              5 25
              25 24
              24 19
              19 20
              20 21
              21 47
              ;
set F[199] := 10 9
              9 6
              6 5
              5 25
              25 24
              24 19
              19 23
              23 49
              ;
set F[200] := 10 9
              9 6
              6 5
              5 25
              25 24
              24 50
              ;
set F[201] := 10 14
              14 13
              13 8
              8 7
              7 4
              4 3
              3 26
              26 52
              ;
set F[202] := 11 1
              1 27
              ;
set F[203] := 11 1
              1 3
              3 29
              ;
set F[204] := 11 1
              1 3
              3 26
              26 23
              23 19
              19 24
              24 25
              25 5
              5 31
              ;
set F[205] := 11 1
              1 2
              2 12
              12 13
              13 14
              14 10
              10 9
              9 6
              6 32
              ;
set F[206] := 11 1
              1 3
              3 4
              4 7
              7 33
              ;
set F[207] := 11 1
              1 2
              2 12
              12 13
              13 8
              8 34
              ;
set F[208] := 11 1
              1 2
              2 12
              12 13
              13 14
              14 10
              10 9
              9 35
              ;
set F[209] := 11 1
              1 2
              2 12
              12 13
              13 14
              14 10
              10 36
              ;
set F[210] := 11 1
              1 2
              2 12
              12 38
              ;
set F[211] := 11 1
              1 2
              2 12
              12 13
              13 39
              ;
set F[212] := 11 1
              1 2
              2 12
              12 13
              13 14
              14 40
              ;
set F[213] := 11 1
              1 2
              2 12
              12 13
              13 15
              15 41
              ;
set F[214] := 11 1
              1 2
              2 12
              12 16
              16 42
              ;
set F[215] := 11 1
              1 18
              18 44
              ;
set F[216] := 11 1
              1 3
              3 26
              26 23
              23 19
              19 45
              ;
set F[217] := 11 1
              1 3
              3 26
              26 23
              23 19
              19 20
              20 46
              ;
set F[218] := 11 1
              1 3
              3 26
              26 23
              23 21
              21 47
              ;
set F[219] := 11 1
              1 3
              3 26
              26 23
              23 21
              21 22
              22 48
              ;
set F[220] := 11 1
              1 3
              3 26
              26 23
              23 49
              ;
set F[221] := 11 1
              1 3
              3 26
              26 23
              23 19
              19 24
              24 50
              ;
set F[222] := 11 1
              1 3
              3 26
              26 52
              ;
set F[223] := 12 2
              2 1
              1 27
              ;
set F[224] := 12 2
              2 28
              ;
set F[225] := 12 2
              2 1
              1 3
              3 29
              ;
set F[226] := 12 2
              2 1
              1 3
              3 4
              4 30
              ;
set F[227] := 12 13
              13 14
              14 10
              10 9
              9 6
              6 5
              5 31
              ;
set F[228] := 12 13
              13 14
              14 10
              10 9
              9 6
              6 32
              ;
set F[229] := 12 13
              13 8
              8 7
              7 33
              ;
set F[230] := 12 13
              13 8
              8 34
              ;
set F[231] := 12 13
              13 14
              14 10
              10 9
              9 35
              ;
set F[232] := 12 13
              13 14
              14 10
              10 36
              ;
set F[233] := 12 2
              2 1
              1 11
              11 37
              ;
set F[234] := 12 13
              13 39
              ;
set F[235] := 12 13
              13 14
              14 40
              ;
set F[236] := 12 13
              13 15
              15 41
              ;
set F[237] := 12 16
              16 42
              ;
set F[238] := 12 2
              2 1
              1 18
              18 44
              ;
set F[239] := 12 2
              2 1
              1 3
              3 26
              26 23
              23 19
              19 45
              ;
set F[240] := 12 2
              2 1
              1 3
              3 26
              26 23
              23 19
              19 20
              20 46
              ;
set F[241] := 12 2
              2 1
              1 3
              3 26
              26 23
              23 21
              21 47
              ;
set F[242] := 12 2
              2 1
              1 3
              3 26
              26 23
              23 21
              21 22
              22 48
              ;
set F[243] := 12 2
              2 1
              1 3
              3 26
              26 23
              23 49
              ;
set F[244] := 12 2
              2 1
              1 3
              3 26
              26 23
              23 19
              19 24
              24 50
              ;
set F[245] := 12 2
              2 1
              1 3
              3 26
              26 52
              ;
set F[246] := 13 12
              12 2
              2 1
              1 27
              ;
set F[247] := 13 12
              12 2
              2 28
              ;
set F[248] := 13 8
              8 7
              7 4
              4 3
              3 29
              ;
set F[249] := 13 8
              8 7
              7 4
              4 30
              ;
set F[250] := 13 14
              14 10
              10 9
              9 6
              6 5
              5 31
              ;
set F[251] := 13 14
              14 10
              10 9
              9 6
              6 32
              ;
set F[252] := 13 8
              8 7
              7 33
              ;
set F[253] := 13 8
              8 34
              ;
set F[254] := 13 14
              14 10
              10 9
              9 35
              ;
set F[255] := 13 14
              14 10
              10 36
              ;
set F[256] := 13 12
              12 2
              2 1
              1 11
              11 37
              ;
set F[257] := 13 12
              12 38
              ;
set F[258] := 13 14
              14 40
              ;
set F[259] := 13 15
              15 41
              ;
set F[260] := 13 16
              16 42
              ;
set F[261] := 13 12
              12 2
              2 1
              1 18
              18 17
              17 43
              ;
set F[262] := 13 12
              12 2
              2 1
              1 18
              18 44
              ;
set F[263] := 13 8
              8 7
              7 4
              4 3
              3 26
              26 23
              23 19
              19 45
              ;
set F[264] := 13 8
              8 7
              7 4
              4 3
              3 26
              26 23
              23 19
              19 20
              20 46
              ;
set F[265] := 13 8
              8 7
              7 4
              4 3
              3 26
              26 23
              23 21
              21 47
              ;
set F[266] := 13 8
              8 7
              7 4
              4 3
              3 26
              26 23
              23 21
              21 22
              22 48
              ;
set F[267] := 13 8
              8 7
              7 4
              4 3
              3 26
              26 23
              23 49
              ;
set F[268] := 13 14
              14 10
              10 9
              9 6
              6 5
              5 25
              25 24
              24 50
              ;
set F[269] := 13 8
              8 7
              7 4
              4 3
              3 26
              26 52
              ;
set F[270] := 15 13
              13 12
              12 2
              2 1
              1 27
              ;
set F[271] := 15 13
              13 8
              8 7
              7 4
              4 3
              3 29
              ;
set F[272] := 15 13
              13 14
              14 10
              10 9
              9 6
              6 5
              5 31
              ;
set F[273] := 15 13
              13 14
              14 10
              10 9
              9 6
              6 32
              ;
set F[274] := 15 13
              13 8
              8 7
              7 33
              ;
set F[275] := 15 13
              13 8
              8 34
              ;
set F[276] := 15 13
              13 14
              14 10
              10 9
              9 35
              ;
set F[277] := 15 13
              13 14
              14 10
              10 36
              ;
set F[278] := 15 13
              13 12
              12 38
              ;
set F[279] := 15 13
              13 39
              ;
set F[280] := 15 13
              13 14
              14 40
              ;
set F[281] := 15 13
              13 16
              16 42
              ;
set F[282] := 15 13
              13 12
              12 2
              2 1
              1 18
              18 44
              ;
set F[283] := 15 13
              13 8
              8 7
              7 4
              4 3
              3 26
              26 23
              23 19
              19 45
              ;
set F[284] := 15 13
              13 8
              8 7
              7 4
              4 3
              3 26
              26 23
              23 19
              19 20
              20 46
              ;
set F[285] := 15 13
              13 8
              8 7
              7 4
              4 3
              3 26
              26 23
              23 21
              21 47
              ;
set F[286] := 15 13
              13 8
              8 7
              7 4
              4 3
              3 26
              26 23
              23 21
              21 22
              22 48
              ;
set F[287] := 15 13
              13 8
              8 7
              7 4
              4 3
              3 26
              26 23
              23 49
              ;
set F[288] := 15 13
              13 14
              14 10
              10 9
              9 6
              6 5
              5 25
              25 24
              24 50
              ;
set F[289] := 15 13
              13 8
              8 7
              7 4
              4 3
              3 26
              26 52
              ;
set F[290] := 16 12
              12 2
              2 1
              1 27
              ;
set F[291] := 16 12
              12 2
              2 1
              1 3
              3 29
              ;
set F[292] := 16 13
              13 14
              14 10
              10 9
              9 6
              6 5
              5 31
              ;
set F[293] := 16 13
              13 14
              14 10
              10 9
              9 6
              6 32
              ;
set F[294] := 16 13
              13 8
              8 7
              7 33
              ;
set F[295] := 16 13
              13 8
              8 34
              ;
set F[296] := 16 13
              13 14
              14 10
              10 9
              9 35
              ;
set F[297] := 16 13
              13 14
              14 10
              10 36
              ;
set F[298] := 16 12
              12 2
              2 1
              1 11
              11 37
              ;
set F[299] := 16 12
              12 38
              ;
set F[300] := 16 13
              13 39
              ;
set F[301] := 16 13
              13 14
              14 40
              ;
set F[302] := 16 13
              13 15
              15 41
              ;
set F[303] := 16 12
              12 2
              2 1
              1 18
              18 44
              ;
set F[304] := 16 12
              12 2
              2 1
              1 3
              3 26
              26 23
              23 19
              19 45
              ;
set F[305] := 16 12
              12 2
              2 1
              1 3
              3 26
              26 23
              23 19
              19 20
              20 46
              ;
set F[306] := 16 12
              12 2
              2 1
              1 3
              3 26
              26 23
              23 21
              21 47
              ;
set F[307] := 16 12
              12 2
              2 1
              1 3
              3 26
              26 23
              23 21
              21 22
              22 48
              ;
set F[308] := 16 12
              12 2
              2 1
              1 3
              3 26
              26 23
              23 49
              ;
set F[309] := 16 12
              12 2
              2 1
              1 3
              3 26
              26 23
              23 19
              19 24
              24 50
              ;
set F[310] := 16 12
              12 2
              2 1
              1 3
              3 26
              26 52
              ;
set F[311] := 17 18
              18 1
              1 27
              ;
set F[312] := 17 26
              26 3
              3 29
              ;
set F[313] := 17 26
              26 23
              23 19
              19 24
              24 25
              25 5
              5 31
              ;
set F[314] := 17 26
              26 3
              3 4
              4 7
              7 33
              ;
set F[315] := 17 18
              18 1
              1 2
              2 12
              12 13
              13 14
              14 10
              10 36
              ;
set F[316] := 17 18
              18 1
              1 2
              2 12
              12 38
              ;
set F[317] := 17 18
              18 1
              1 2
              2 12
              12 13
              13 14
              14 40
              ;
set F[318] := 17 18
              18 1
              1 2
              2 12
              12 13
              13 15
              15 41
              ;
set F[319] := 17 18
              18 1
              1 2
              2 12
              12 16
              16 42
              ;
set F[320] := 17 18
              18 44
              ;
set F[321] := 17 26
              26 23
              23 19
              19 20
              20 46
              ;
set F[322] := 17 26
              26 23
              23 21
              21 47
              ;
set F[323] := 17 26
              26 23
              23 19
              19 24
              24 50
              ;
set F[324] := 17 26
              26 52
              ;
set F[325] := 18 1
              1 27
              ;
set F[326] := 18 1
              1 2
              2 28
              ;
set F[327] := 18 1
              1 3
              3 29
              ;
set F[328] := 18 17
              17 26
              26 23
              23 19
              19 24
              24 25
              25 5
              5 31
              ;
set F[329] := 18 1
              1 2
              2 12
              12 13
              13 14
              14 10
              10 9
              9 6
              6 32
              ;
set F[330] := 18 1
              1 3
              3 4
              4 7
              7 33
              ;
set F[331] := 18 1
              1 2
              2 12
              12 13
              13 8
              8 34
              ;
set F[332] := 18 1
              1 2
              2 12
              12 13
              13 14
              14 10
              10 9
              9 35
              ;
set F[333] := 18 1
              1 2
              2 12
              12 13
              13 14
              14 10
              10 36
              ;
set F[334] := 18 1
              1 11
              11 37
              ;
set F[335] := 18 1
              1 2
              2 12
              12 38
              ;
set F[336] := 18 1
              1 2
              2 12
              12 13
              13 39
              ;
set F[337] := 18 1
              1 2
              2 12
              12 13
              13 14
              14 40
              ;
set F[338] := 18 1
              1 2
              2 12
              12 13
              13 15
              15 41
              ;
set F[339] := 18 1
              1 2
              2 12
              12 16
              16 42
              ;
set F[340] := 18 17
              17 26
              26 23
              23 19
              19 45
              ;
set F[341] := 18 17
              17 26
              26 23
              23 19
              19 20
              20 46
              ;
set F[342] := 18 17
              17 26
              26 23
              23 21
              21 47
              ;
set F[343] := 18 17
              17 26
              26 23
              23 21
              21 22
              22 48
              ;
set F[344] := 18 17
              17 26
              26 23
              23 49
              ;
set F[345] := 18 17
              17 26
              26 23
              23 19
              19 24
              24 50
              ;
set F[346] := 18 17
              17 26
              26 52
              ;
set F[347] := 19 23
              23 26
              26 3
              3 1
              1 27
              ;
set F[348] := 19 23
              23 26
              26 3
              3 1
              1 2
              2 28
              ;
set F[349] := 19 23
              23 26
              26 3
              3 29
              ;
set F[350] := 19 23
              23 26
              26 3
              3 4
              4 30
              ;
set F[351] := 19 24
              24 25
              25 5
              5 31
              ;
set F[352] := 19 24
              24 25
              25 5
              5 6
              6 32
              ;
set F[353] := 19 23
              23 26
              26 3
              3 4
              4 7
              7 33
              ;
set F[354] := 19 23
              23 26
              26 3
              3 4
              4 7
              7 8
              8 34
              ;
set F[355] := 19 24
              24 25
              25 5
              5 6
              6 9
              9 35
              ;
set F[356] := 19 24
              24 25
              25 5
              5 6
              6 9
              9 10
              10 36
              ;
set F[357] := 19 23
              23 26
              26 3
              3 1
              1 11
              11 37
              ;
set F[358] := 19 23
              23 26
              26 3
              3 1
              1 2
              2 12
              12 38
              ;
set F[359] := 19 23
              23 26
              26 3
              3 1
              1 2
              2 12
              12 13
              13 39
              ;
set F[360] := 19 24
              24 25
              25 5
              5 6
              6 9
              9 10
              10 14
              14 40
              ;
set F[361] := 19 23
              23 26
              26 3
              3 1
              1 2
              2 12
              12 13
              13 15
              15 41
              ;
set F[362] := 19 23
              23 26
              26 3
              3 1
              1 2
              2 12
              12 16
              16 42
              ;
set F[363] := 19 23
              23 26
              26 17
              17 18
              18 44
              ;
set F[364] := 19 20
              20 46
              ;
set F[365] := 19 20
              20 21
              21 47
              ;
set F[366] := 19 20
              20 21
              21 22
              22 48
              ;
set F[367] := 19 23
              23 49
              ;
set F[368] := 19 24
              24 50
              ;
set F[369] := 19 23
              23 26
              26 52
              ;
set F[370] := 20 19
              19 23
              23 26
              26 3
              3 1
              1 27
              ;
set F[371] := 20 19
              19 23
              23 26
              26 3
              3 29
              ;
set F[372] := 20 19
              19 24
              24 25
              25 5
              5 31
              ;
set F[373] := 20 19
              19 24
              24 25
              25 5
              5 6
              6 32
              ;
set F[374] := 20 19
              19 23
              23 26
              26 3
              3 4
              4 7
              7 33
              ;
set F[375] := 20 19
              19 23
              23 26
              26 3
              3 4
              4 7
              7 8
              8 34
              ;
set F[376] := 20 19
              19 24
              24 25
              25 5
              5 6
              6 9
              9 10
              10 36
              ;
set F[377] := 20 19
              19 23
              23 26
              26 3
              3 1
              1 2
              2 12
              12 38
              ;
set F[378] := 20 19
              19 24
              24 25
              25 5
              5 6
              6 9
              9 10
              10 14
              14 40
              ;
set F[379] := 20 19
              19 23
              23 26
              26 3
              3 1
              1 2
              2 12
              12 13
              13 15
              15 41
              ;
set F[380] := 20 19
              19 23
              23 26
              26 3
              3 1
              1 2
              2 12
              12 16
              16 42
              ;
set F[381] := 20 19
              19 23
              23 26
              26 17
              17 18
              18 44
              ;
set F[382] := 20 19
              19 45
              ;
set F[383] := 20 21
              21 47
              ;
set F[384] := 20 19
              19 23
              23 49
              ;
set F[385] := 20 19
              19 24
              24 50
              ;
set F[386] := 20 19
              19 23
              23 26
              26 52
              ;
set F[387] := 21 23
              23 26
              26 3
              3 1
              1 27
              ;
set F[388] := 21 23
              23 26
              26 3
              3 1
              1 2
              2 28
              ;
set F[389] := 21 23
              23 26
              26 3
              3 29
              ;
set F[390] := 21 20
              20 19
              19 24
              24 25
              25 5
              5 31
              ;
set F[391] := 21 20
              20 19
              19 24
              24 25
              25 5
              5 6
              6 32
              ;
set F[392] := 21 23
              23 26
              26 3
              3 4
              4 7
              7 33
              ;
set F[393] := 21 23
              23 26
              26 3
              3 4
              4 7
              7 8
              8 34
              ;
set F[394] := 21 20
              20 19
              19 24
              24 25
              25 5
              5 6
              6 9
              9 35
              ;
set F[395] := 21 20
              20 19
              19 24
              24 25
              25 5
              5 6
              6 9
              9 10
              10 36
              ;
set F[396] := 21 23
              23 26
              26 3
              3 1
              1 11
              11 37
              ;
set F[397] := 21 23
              23 26
              26 3
              3 1
              1 2
              2 12
              12 38
              ;
set F[398] := 21 23
              23 26
              26 3
              3 1
              1 2
              2 12
              12 13
              13 39
              ;
set F[399] := 21 23
              23 26
              26 3
              3 1
              1 2
              2 12
              12 13
              13 14
              14 40
              ;
set F[400] := 21 23
              23 26
              26 3
              3 1
              1 2
              2 12
              12 13
              13 15
              15 41
              ;
set F[401] := 21 23
              23 26
              26 3
              3 1
              1 2
              2 12
              12 16
              16 42
              ;
set F[402] := 21 23
              23 26
              26 17
              17 18
              18 44
              ;
set F[403] := 21 20
              20 19
              19 45
              ;
set F[404] := 21 20
              20 46
              ;
set F[405] := 21 22
              22 48
              ;
set F[406] := 21 23
              23 49
              ;
set F[407] := 21 20
              20 19
              19 24
              24 50
              ;
set F[408] := 21 23
              23 26
              26 52
              ;
set F[409] := 22 21
              21 23
              23 26
              26 3
              3 1
              1 27
              ;
set F[410] := 22 21
              21 23
              23 26
              26 3
              3 29
              ;
set F[411] := 22 21
              21 20
              20 19
              19 24
              24 25
              25 5
              5 31
              ;
set F[412] := 22 21
              21 20
              20 19
              19 24
              24 25
              25 5
              5 6
              6 32
              ;
set F[413] := 22 21
              21 23
              23 26
              26 3
              3 4
              4 7
              7 33
              ;
set F[414] := 22 21
              21 23
              23 26
              26 3
              3 4
              4 7
              7 8
              8 34
              ;
set F[415] := 22 21
              21 20
              20 19
              19 24
              24 25
              25 5
              5 6
              6 9
              9 35
              ;
set F[416] := 22 21
              21 20
              20 19
              19 24
              24 25
              25 5
              5 6
              6 9
              9 10
              10 36
              ;
set F[417] := 22 21
              21 23
              23 26
              26 3
              3 1
              1 2
              2 12
              12 38
              ;
set F[418] := 22 21
              21 23
              23 26
              26 3
              3 1
              1 2
              2 12
              12 13
              13 39
              ;
set F[419] := 22 21
              21 23
              23 26
              26 3
              3 1
              1 2
              2 12
              12 13
              13 14
              14 40
              ;
set F[420] := 22 21
              21 23
              23 26
              26 3
              3 1
              1 2
              2 12
              12 13
              13 15
              15 41
              ;
set F[421] := 22 21
              21 23
              23 26
              26 3
              3 1
              1 2
              2 12
              12 16
              16 42
              ;
set F[422] := 22 21
              21 23
              23 26
              26 17
              17 18
              18 44
              ;
set F[423] := 22 21
              21 20
              20 19
              19 45
              ;
set F[424] := 22 21
              21 20
              20 46
              ;
set F[425] := 22 21
              21 47
              ;
set F[426] := 22 21
              21 23
              23 49
              ;
set F[427] := 22 21
              21 20
              20 19
              19 24
              24 50
              ;
set F[428] := 22 21
              21 23
              23 26
              26 52
              ;
set F[429] := 23 26
              26 3
              3 1
              1 27
              ;
set F[430] := 23 26
              26 3
              3 1
              1 2
              2 28
              ;
set F[431] := 23 26
              26 3
              3 29
              ;
set F[432] := 23 19
              19 24
              24 25
              25 5
              5 31
              ;
set F[433] := 23 19
              19 24
              24 25
              25 5
              5 6
              6 32
              ;
set F[434] := 23 26
              26 3
              3 4
              4 7
              7 33
              ;
set F[435] := 23 26
              26 3
              3 4
              4 7
              7 8
              8 34
              ;
set F[436] := 23 19
              19 24
              24 25
              25 5
              5 6
              6 9
              9 35
              ;
set F[437] := 23 19
              19 24
              24 25
              25 5
              5 6
              6 9
              9 10
              10 36
              ;
set F[438] := 23 26
              26 3
              3 1
              1 11
              11 37
              ;
set F[439] := 23 26
              26 3
              3 1
              1 2
              2 12
              12 38
              ;
set F[440] := 23 26
              26 3
              3 1
              1 2
              2 12
              12 13
              13 39
              ;
set F[441] := 23 26
              26 3
              3 1
              1 2
              2 12
              12 13
              13 14
              14 40
              ;
set F[442] := 23 26
              26 3
              3 1
              1 2
              2 12
              12 13
              13 15
              15 41
              ;
set F[443] := 23 26
              26 3
              3 1
              1 2
              2 12
              12 16
              16 42
              ;
set F[444] := 23 26
              26 17
              17 18
              18 44
              ;
set F[445] := 23 19
              19 45
              ;
set F[446] := 23 19
              19 20
              20 46
              ;
set F[447] := 23 21
              21 47
              ;
set F[448] := 23 21
              21 22
              22 48
              ;
set F[449] := 23 19
              19 24
              24 50
              ;
set F[450] := 23 26
              26 52
              ;
set F[451] := 24 19
              19 23
              23 26
              26 3
              3 1
              1 27
              ;
set F[452] := 24 19
              19 23
              23 26
              26 3
              3 1
              1 2
              2 28
              ;
set F[453] := 24 19
              19 23
              23 26
              26 3
              3 29
              ;
set F[454] := 24 19
              19 23
              23 26
              26 3
              3 4
              4 30
              ;
set F[455] := 24 25
              25 5
              5 31
              ;
set F[456] := 24 25
              25 5
              5 6
              6 32
              ;
set F[457] := 24 19
              19 23
              23 26
              26 3
              3 4
              4 7
              7 33
              ;
set F[458] := 24 19
              19 23
              23 26
              26 3
              3 4
              4 7
              7 8
              8 34
              ;
set F[459] := 24 25
              25 5
              5 6
              6 9
              9 35
              ;
set F[460] := 24 25
              25 5
              5 6
              6 9
              9 10
              10 36
              ;
set F[461] := 24 19
              19 23
              23 26
              26 3
              3 1
              1 11
              11 37
              ;
set F[462] := 24 19
              19 23
              23 26
              26 3
              3 1
              1 2
              2 12
              12 38
              ;
set F[463] := 24 25
              25 5
              5 6
              6 9
              9 10
              10 14
              14 13
              13 39
              ;
set F[464] := 24 25
              25 5
              5 6
              6 9
              9 10
              10 14
              14 40
              ;
set F[465] := 24 25
              25 5
              5 6
              6 9
              9 10
              10 14
              14 13
              13 15
              15 41
              ;
set F[466] := 24 19
              19 23
              23 26
              26 3
              3 1
              1 2
              2 12
              12 16
              16 42
              ;
set F[467] := 24 19
              19 23
              23 26
              26 17
              17 18
              18 44
              ;
set F[468] := 24 19
              19 45
              ;
set F[469] := 24 19
              19 20
              20 46
              ;
set F[470] := 24 19
              19 20
              20 21
              21 47
              ;
set F[471] := 24 19
              19 20
              20 21
              21 22
              22 48
              ;
set F[472] := 24 19
              19 23
              23 49
              ;
set F[473] := 24 19
              19 23
              23 26
              26 52
              ;
set F[474] := 25 24
              24 19
              19 23
              23 26
              26 3
              3 1
              1 27
              ;
set F[475] := 25 24
              24 19
              19 23
              23 26
              26 3
              3 1
              1 2
              2 28
              ;
set F[476] := 25 24
              24 19
              19 23
              23 26
              26 3
              3 29
              ;
set F[477] := 25 24
              24 19
              19 23
              23 26
              26 3
              3 4
              4 30
              ;
set F[478] := 25 5
              5 31
              ;
set F[479] := 25 5
              5 6
              6 32
              ;
set F[480] := 25 24
              24 19
              19 23
              23 26
              26 3
              3 4
              4 7
              7 33
              ;
set F[481] := 25 5
              5 6
              6 9
              9 10
              10 14
              14 13
              13 8
              8 34
              ;
set F[482] := 25 5
              5 6
              6 9
              9 35
              ;
set F[483] := 25 5
              5 6
              6 9
              9 10
              10 36
              ;
set F[484] := 25 24
              24 19
              19 23
              23 26
              26 3
              3 1
              1 11
              11 37
              ;
set F[485] := 25 5
              5 6
              6 9
              9 10
              10 14
              14 13
              13 12
              12 38
              ;
set F[486] := 25 5
              5 6
              6 9
              9 10
              10 14
              14 13
              13 39
              ;
set F[487] := 25 5
              5 6
              6 9
              9 10
              10 14
              14 40
              ;
set F[488] := 25 5
              5 6
              6 9
              9 10
              10 14
              14 13
              13 15
              15 41
              ;
set F[489] := 25 5
              5 6
              6 9
              9 10
              10 14
              14 13
              13 16
              16 42
              ;
set F[490] := 25 24
              24 19
              19 23
              23 26
              26 17
              17 18
              18 44
              ;
set F[491] := 25 24
              24 19
              19 45
              ;
set F[492] := 25 24
              24 19
              19 20
              20 46
              ;
set F[493] := 25 24
              24 19
              19 20
              20 21
              21 47
              ;
set F[494] := 25 24
              24 19
              19 20
              20 21
              21 22
              22 48
              ;
set F[495] := 25 24
              24 19
              19 23
              23 49
              ;
set F[496] := 25 24
              24 50
              ;
set F[497] := 25 24
              24 19
              19 23
              23 26
              26 52
              ;
set F[498] := 26 3
              3 1
              1 27
              ;
set F[499] := 26 3
              3 1
              1 2
              2 28
              ;
set F[500] := 26 3
              3 29
              ;
set F[501] := 26 3
              3 4
              4 30
              ;
set F[502] := 26 23
              23 19
              19 24
              24 25
              25 5
              5 31
              ;
set F[503] := 26 23
              23 19
              19 24
              24 25
              25 5
              5 6
              6 32
              ;
set F[504] := 26 3
              3 4
              4 7
              7 33
              ;
set F[505] := 26 3
              3 4
              4 7
              7 8
              8 34
              ;
set F[506] := 26 23
              23 19
              19 24
              24 25
              25 5
              5 6
              6 9
              9 35
              ;
set F[507] := 26 3
              3 1
              1 2
              2 12
              12 13
              13 14
              14 10
              10 36
              ;
set F[508] := 26 3
              3 1
              1 11
              11 37
              ;
set F[509] := 26 3
              3 1
              1 2
              2 12
              12 38
              ;
set F[510] := 26 3
              3 1
              1 2
              2 12
              12 13
              13 39
              ;
set F[511] := 26 3
              3 1
              1 2
              2 12
              12 13
              13 14
              14 40
              ;
set F[512] := 26 3
              3 1
              1 2
              2 12
              12 13
              13 15
              15 41
              ;
set F[513] := 26 3
              3 1
              1 2
              2 12
              12 16
              16 42
              ;
set F[514] := 26 17
              17 18
              18 44
              ;
set F[515] := 26 23
              23 19
              19 45
              ;
set F[516] := 26 23
              23 19
              19 20
              20 46
              ;
set F[517] := 26 23
              23 21
              21 47
              ;
set F[518] := 26 23
              23 21
              21 22
              22 48
              ;
set F[519] := 26 23
              23 49
              ;
set F[520] := 26 23
              23 19
              19 24
              24 50
              ;
set Last[1] := 3 29;
set Last[2] := 5 31;
set Last[3] := 7 33;
set Last[4] := 10 36;
set Last[5] := 14 40;
set Last[6] := 15 41;
set Last[7] := 16 42;
set Last[8] := 18 44;
set Last[9] := 20 46;
set Last[10] := 21 47;
set Last[11] := 24 50;
set Last[12] := 26 52;
set Last[13] := 1 27;
set Last[14] := 3 29;
set Last[15] := 4 30;
set Last[16] := 5 31;
set Last[17] := 6 32;
set Last[18] := 7 33;
set Last[19] := 8 34;
set Last[20] := 9 35;
set Last[21] := 10 36;
set Last[22] := 11 37;
set Last[23] := 12 38;
set Last[24] := 13 39;
set Last[25] := 14 40;
set Last[26] := 15 41;
set Last[27] := 16 42;
set Last[28] := 18 44;
set Last[29] := 19 45;
set Last[30] := 20 46;
set Last[31] := 21 47;
set Last[32] := 22 48;
set Last[33] := 23 49;
set Last[34] := 24 50;
set Last[35] := 26 52;
set Last[36] := 1 27;
set Last[37] := 2 28;
set Last[38] := 4 30;
set Last[39] := 5 31;
set Last[40] := 6 32;
set Last[41] := 7 33;
set Last[42] := 8 34;
set Last[43] := 9 35;
set Last[44] := 10 36;
set Last[45] := 11 37;
set Last[46] := 12 38;
set Last[47] := 13 39;
set Last[48] := 14 40;
set Last[49] := 15 41;
set Last[50] := 16 42;
set Last[51] := 18 44;
set Last[52] := 19 45;
set Last[53] := 20 46;
set Last[54] := 21 47;
set Last[55] := 22 48;
set Last[56] := 23 49;
set Last[57] := 24 50;
set Last[58] := 26 52;
set Last[59] := 1 27;
set Last[60] := 3 29;
set Last[61] := 5 31;
set Last[62] := 6 32;
set Last[63] := 7 33;
set Last[64] := 8 34;
set Last[65] := 9 35;
set Last[66] := 10 36;
set Last[67] := 12 38;
set Last[68] := 13 39;
set Last[69] := 14 40;
set Last[70] := 15 41;
set Last[71] := 16 42;
set Last[72] := 18 44;
set Last[73] := 19 45;
set Last[74] := 20 46;
set Last[75] := 21 47;
set Last[76] := 22 48;
set Last[77] := 23 49;
set Last[78] := 24 50;
set Last[79] := 26 52;
set Last[80] := 1 27;
set Last[81] := 2 28;
set Last[82] := 3 29;
set Last[83] := 6 32;
set Last[84] := 7 33;
set Last[85] := 8 34;
set Last[86] := 9 35;
set Last[87] := 10 36;
set Last[88] := 11 37;
set Last[89] := 12 38;
set Last[90] := 13 39;
set Last[91] := 14 40;
set Last[92] := 15 41;
set Last[93] := 16 42;
set Last[94] := 18 44;
set Last[95] := 19 45;
set Last[96] := 20 46;
set Last[97] := 21 47;
set Last[98] := 22 48;
set Last[99] := 23 49;
set Last[100] := 24 50;
set Last[101] := 26 52;
set Last[102] := 1 27;
set Last[103] := 3 29;
set Last[104] := 5 31;
set Last[105] := 7 33;
set Last[106] := 8 34;
set Last[107] := 9 35;
set Last[108] := 10 36;
set Last[109] := 11 37;
set Last[110] := 12 38;
set Last[111] := 13 39;
set Last[112] := 14 40;
set Last[113] := 15 41;
set Last[114] := 16 42;
set Last[115] := 18 44;
set Last[116] := 19 45;
set Last[117] := 20 46;
set Last[118] := 21 47;
set Last[119] := 22 48;
set Last[120] := 23 49;
set Last[121] := 24 50;
set Last[122] := 26 52;
set Last[123] := 1 27;
set Last[124] := 3 29;
set Last[125] := 5 31;
set Last[126] := 6 32;
set Last[127] := 8 34;
set Last[128] := 9 35;
set Last[129] := 10 36;
set Last[130] := 12 38;
set Last[131] := 13 39;
set Last[132] := 14 40;
set Last[133] := 15 41;
set Last[134] := 16 42;
set Last[135] := 18 44;
set Last[136] := 19 45;
set Last[137] := 20 46;
set Last[138] := 21 47;
set Last[139] := 22 48;
set Last[140] := 23 49;
set Last[141] := 24 50;
set Last[142] := 26 52;
set Last[143] := 1 27;
set Last[144] := 2 28;
set Last[145] := 3 29;
set Last[146] := 4 30;
set Last[147] := 5 31;
set Last[148] := 6 32;
set Last[149] := 7 33;
set Last[150] := 9 35;
set Last[151] := 10 36;
set Last[152] := 11 37;
set Last[153] := 12 38;
set Last[154] := 13 39;
set Last[155] := 14 40;
set Last[156] := 15 41;
set Last[157] := 16 42;
set Last[158] := 17 43;
set Last[159] := 18 44;
set Last[160] := 19 45;
set Last[161] := 20 46;
set Last[162] := 21 47;
set Last[163] := 22 48;
set Last[164] := 23 49;
set Last[165] := 24 50;
set Last[166] := 26 52;
set Last[167] := 1 27;
set Last[168] := 3 29;
set Last[169] := 5 31;
set Last[170] := 6 32;
set Last[171] := 7 33;
set Last[172] := 8 34;
set Last[173] := 10 36;
set Last[174] := 12 38;
set Last[175] := 13 39;
set Last[176] := 14 40;
set Last[177] := 15 41;
set Last[178] := 16 42;
set Last[179] := 18 44;
set Last[180] := 19 45;
set Last[181] := 20 46;
set Last[182] := 21 47;
set Last[183] := 23 49;
set Last[184] := 24 50;
set Last[185] := 26 52;
set Last[186] := 1 27;
set Last[187] := 3 29;
set Last[188] := 5 31;
set Last[189] := 6 32;
set Last[190] := 7 33;
set Last[191] := 12 38;
set Last[192] := 14 40;
set Last[193] := 15 41;
set Last[194] := 16 42;
set Last[195] := 18 44;
set Last[196] := 19 45;
set Last[197] := 20 46;
set Last[198] := 21 47;
set Last[199] := 23 49;
set Last[200] := 24 50;
set Last[201] := 26 52;
set Last[202] := 1 27;
set Last[203] := 3 29;
set Last[204] := 5 31;
set Last[205] := 6 32;
set Last[206] := 7 33;
set Last[207] := 8 34;
set Last[208] := 9 35;
set Last[209] := 10 36;
set Last[210] := 12 38;
set Last[211] := 13 39;
set Last[212] := 14 40;
set Last[213] := 15 41;
set Last[214] := 16 42;
set Last[215] := 18 44;
set Last[216] := 19 45;
set Last[217] := 20 46;
set Last[218] := 21 47;
set Last[219] := 22 48;
set Last[220] := 23 49;
set Last[221] := 24 50;
set Last[222] := 26 52;
set Last[223] := 1 27;
set Last[224] := 2 28;
set Last[225] := 3 29;
set Last[226] := 4 30;
set Last[227] := 5 31;
set Last[228] := 6 32;
set Last[229] := 7 33;
set Last[230] := 8 34;
set Last[231] := 9 35;
set Last[232] := 10 36;
set Last[233] := 11 37;
set Last[234] := 13 39;
set Last[235] := 14 40;
set Last[236] := 15 41;
set Last[237] := 16 42;
set Last[238] := 18 44;
set Last[239] := 19 45;
set Last[240] := 20 46;
set Last[241] := 21 47;
set Last[242] := 22 48;
set Last[243] := 23 49;
set Last[244] := 24 50;
set Last[245] := 26 52;
set Last[246] := 1 27;
set Last[247] := 2 28;
set Last[248] := 3 29;
set Last[249] := 4 30;
set Last[250] := 5 31;
set Last[251] := 6 32;
set Last[252] := 7 33;
set Last[253] := 8 34;
set Last[254] := 9 35;
set Last[255] := 10 36;
set Last[256] := 11 37;
set Last[257] := 12 38;
set Last[258] := 14 40;
set Last[259] := 15 41;
set Last[260] := 16 42;
set Last[261] := 17 43;
set Last[262] := 18 44;
set Last[263] := 19 45;
set Last[264] := 20 46;
set Last[265] := 21 47;
set Last[266] := 22 48;
set Last[267] := 23 49;
set Last[268] := 24 50;
set Last[269] := 26 52;
set Last[270] := 1 27;
set Last[271] := 3 29;
set Last[272] := 5 31;
set Last[273] := 6 32;
set Last[274] := 7 33;
set Last[275] := 8 34;
set Last[276] := 9 35;
set Last[277] := 10 36;
set Last[278] := 12 38;
set Last[279] := 13 39;
set Last[280] := 14 40;
set Last[281] := 16 42;
set Last[282] := 18 44;
set Last[283] := 19 45;
set Last[284] := 20 46;
set Last[285] := 21 47;
set Last[286] := 22 48;
set Last[287] := 23 49;
set Last[288] := 24 50;
set Last[289] := 26 52;
set Last[290] := 1 27;
set Last[291] := 3 29;
set Last[292] := 5 31;
set Last[293] := 6 32;
set Last[294] := 7 33;
set Last[295] := 8 34;
set Last[296] := 9 35;
set Last[297] := 10 36;
set Last[298] := 11 37;
set Last[299] := 12 38;
set Last[300] := 13 39;
set Last[301] := 14 40;
set Last[302] := 15 41;
set Last[303] := 18 44;
set Last[304] := 19 45;
set Last[305] := 20 46;
set Last[306] := 21 47;
set Last[307] := 22 48;
set Last[308] := 23 49;
set Last[309] := 24 50;
set Last[310] := 26 52;
set Last[311] := 1 27;
set Last[312] := 3 29;
set Last[313] := 5 31;
set Last[314] := 7 33;
set Last[315] := 10 36;
set Last[316] := 12 38;
set Last[317] := 14 40;
set Last[318] := 15 41;
set Last[319] := 16 42;
set Last[320] := 18 44;
set Last[321] := 20 46;
set Last[322] := 21 47;
set Last[323] := 24 50;
set Last[324] := 26 52;
set Last[325] := 1 27;
set Last[326] := 2 28;
set Last[327] := 3 29;
set Last[328] := 5 31;
set Last[329] := 6 32;
set Last[330] := 7 33;
set Last[331] := 8 34;
set Last[332] := 9 35;
set Last[333] := 10 36;
set Last[334] := 11 37;
set Last[335] := 12 38;
set Last[336] := 13 39;
set Last[337] := 14 40;
set Last[338] := 15 41;
set Last[339] := 16 42;
set Last[340] := 19 45;
set Last[341] := 20 46;
set Last[342] := 21 47;
set Last[343] := 22 48;
set Last[344] := 23 49;
set Last[345] := 24 50;
set Last[346] := 26 52;
set Last[347] := 1 27;
set Last[348] := 2 28;
set Last[349] := 3 29;
set Last[350] := 4 30;
set Last[351] := 5 31;
set Last[352] := 6 32;
set Last[353] := 7 33;
set Last[354] := 8 34;
set Last[355] := 9 35;
set Last[356] := 10 36;
set Last[357] := 11 37;
set Last[358] := 12 38;
set Last[359] := 13 39;
set Last[360] := 14 40;
set Last[361] := 15 41;
set Last[362] := 16 42;
set Last[363] := 18 44;
set Last[364] := 20 46;
set Last[365] := 21 47;
set Last[366] := 22 48;
set Last[367] := 23 49;
set Last[368] := 24 50;
set Last[369] := 26 52;
set Last[370] := 1 27;
set Last[371] := 3 29;
set Last[372] := 5 31;
set Last[373] := 6 32;
set Last[374] := 7 33;
set Last[375] := 8 34;
set Last[376] := 10 36;
set Last[377] := 12 38;
set Last[378] := 14 40;
set Last[379] := 15 41;
set Last[380] := 16 42;
set Last[381] := 18 44;
set Last[382] := 19 45;
set Last[383] := 21 47;
set Last[384] := 23 49;
set Last[385] := 24 50;
set Last[386] := 26 52;
set Last[387] := 1 27;
set Last[388] := 2 28;
set Last[389] := 3 29;
set Last[390] := 5 31;
set Last[391] := 6 32;
set Last[392] := 7 33;
set Last[393] := 8 34;
set Last[394] := 9 35;
set Last[395] := 10 36;
set Last[396] := 11 37;
set Last[397] := 12 38;
set Last[398] := 13 39;
set Last[399] := 14 40;
set Last[400] := 15 41;
set Last[401] := 16 42;
set Last[402] := 18 44;
set Last[403] := 19 45;
set Last[404] := 20 46;
set Last[405] := 22 48;
set Last[406] := 23 49;
set Last[407] := 24 50;
set Last[408] := 26 52;
set Last[409] := 1 27;
set Last[410] := 3 29;
set Last[411] := 5 31;
set Last[412] := 6 32;
set Last[413] := 7 33;
set Last[414] := 8 34;
set Last[415] := 9 35;
set Last[416] := 10 36;
set Last[417] := 12 38;
set Last[418] := 13 39;
set Last[419] := 14 40;
set Last[420] := 15 41;
set Last[421] := 16 42;
set Last[422] := 18 44;
set Last[423] := 19 45;
set Last[424] := 20 46;
set Last[425] := 21 47;
set Last[426] := 23 49;
set Last[427] := 24 50;
set Last[428] := 26 52;
set Last[429] := 1 27;
set Last[430] := 2 28;
set Last[431] := 3 29;
set Last[432] := 5 31;
set Last[433] := 6 32;
set Last[434] := 7 33;
set Last[435] := 8 34;
set Last[436] := 9 35;
set Last[437] := 10 36;
set Last[438] := 11 37;
set Last[439] := 12 38;
set Last[440] := 13 39;
set Last[441] := 14 40;
set Last[442] := 15 41;
set Last[443] := 16 42;
set Last[444] := 18 44;
set Last[445] := 19 45;
set Last[446] := 20 46;
set Last[447] := 21 47;
set Last[448] := 22 48;
set Last[449] := 24 50;
set Last[450] := 26 52;
set Last[451] := 1 27;
set Last[452] := 2 28;
set Last[453] := 3 29;
set Last[454] := 4 30;
set Last[455] := 5 31;
set Last[456] := 6 32;
set Last[457] := 7 33;
set Last[458] := 8 34;
set Last[459] := 9 35;
set Last[460] := 10 36;
set Last[461] := 11 37;
set Last[462] := 12 38;
set Last[463] := 13 39;
set Last[464] := 14 40;
set Last[465] := 15 41;
set Last[466] := 16 42;
set Last[467] := 18 44;
set Last[468] := 19 45;
set Last[469] := 20 46;
set Last[470] := 21 47;
set Last[471] := 22 48;
set Last[472] := 23 49;
set Last[473] := 26 52;
set Last[474] := 1 27;
set Last[475] := 2 28;
set Last[476] := 3 29;
set Last[477] := 4 30;
set Last[478] := 5 31;
set Last[479] := 6 32;
set Last[480] := 7 33;
set Last[481] := 8 34;
set Last[482] := 9 35;
set Last[483] := 10 36;
set Last[484] := 11 37;
set Last[485] := 12 38;
set Last[486] := 13 39;
set Last[487] := 14 40;
set Last[488] := 15 41;
set Last[489] := 16 42;
set Last[490] := 18 44;
set Last[491] := 19 45;
set Last[492] := 20 46;
set Last[493] := 21 47;
set Last[494] := 22 48;
set Last[495] := 23 49;
set Last[496] := 24 50;
set Last[497] := 26 52;
set Last[498] := 1 27;
set Last[499] := 2 28;
set Last[500] := 3 29;
set Last[501] := 4 30;
set Last[502] := 5 31;
set Last[503] := 6 32;
set Last[504] := 7 33;
set Last[505] := 8 34;
set Last[506] := 9 35;
set Last[507] := 10 36;
set Last[508] := 11 37;
set Last[509] := 12 38;
set Last[510] := 13 39;
set Last[511] := 14 40;
set Last[512] := 15 41;
set Last[513] := 16 42;
set Last[514] := 18 44;
set Last[515] := 19 45;
set Last[516] := 20 46;
set Last[517] := 21 47;
set Last[518] := 22 48;
set Last[519] := 23 49;
set Last[520] := 24 50;

param q := 5;

end;
