data;

set V := 1 2 3 4 5 6 7 8 9 10 11 12 13 14 15 16 17 18 19 20 21 22 23 24 25 26 27 28 29 30 31 32 33 34 35 36 37 38 40 41 42 43 44 45 46 47 48 49 50 51 52 55 56 57 58 59 62 63 64 65 66 67 68;

set A := 1 2
         1 4
         1 11
         1 21
         1 23
         1 24
         1 35
         2 1
         2 7
         2 36
         3 4
         3 32
         3 37
         4 1
         4 3
         4 28
         4 38
         5 8
         5 9
         6 19
         6 25
         6 40
         7 2
         7 16
         7 22
         7 41
         8 5
         8 16
         8 24
         8 42
         9 5
         9 19
         9 34
         9 43
         10 19
         10 44
         11 1
         11 12
         11 15
         11 45
         12 11
         12 13
         12 46
         13 12
         13 24
         13 47
         14 25
         14 33
         14 48
         15 11
         15 20
         15 24
         15 49
         16 7
         16 8
         16 50
         17 18
         17 19
         17 24
         17 51
         18 17
         18 20
         18 24
         18 52
         19 6
         19 9
         19 10
         19 17
         20 15
         20 18
         21 1
         21 22
         21 55
         22 7
         22 21
         22 23
         22 56
         23 1
         23 22
         23 57
         24 1
         24 8
         24 13
         24 15
         24 17
         24 18
         24 32
         24 58
         25 6
         25 14
         25 32
         25 34
         25 59
         26 6
         26 32
         27 28
         27 30
         28 4
         28 27
         28 29
         28 62
         29 28
         29 31
         29 63
         30 27
         30 31
         30 64
         31 29
         31 30
         31 32
         31 33
         31 65
         32 3
         32 24
         32 25
         32 31
         32 66
         33 14
         33 31
         33 34
         33 67
         34 9
         34 25
         34 33
         34 68
         ;

set S := 1 2 3 4 5 6 7 8 9 10 11 12 13 14 15 16 17 18 19 20 21 22 23 24 25 26 27 28 29 30 31 32 33 34 35 36 37 38 39 40 41 42 43 44 45 46 47 48 49 50 51 52 53 54 55 56 57 58 59 60 61 62 63 64 65 66 67 68 69 70 71 72 73 74 75 76 77 78 79 80 81 82 83 84 85 86 87 88 89 90 91 92 93 94 95 96 97 98 99 100 101 102 103 104 105 106 107 108 109 110 111 112 113 114 115 116 117 118 119 120 121 122 123 124 125 126 127 128 129 130 131 132 133 134 135 136 137 138 139 140 141 142 143 144 145 146 147 148 149 150 151 152 153 154 155 156 157 158 159 160 161 162 163 164 165 166 167 168 169 170 171 172 173 174 175 176 177 178 179 180 181 182 183 184 185 186 187 188 189 190 191 192 193 194 195 196 197 198 199 200 201 202 203 204 205 206 207 208 209 210 211 212 213 214 215 216 217 218 219 220 221 222 223 224 225 226 227 228 229 230 231 232 233 234 235 236 237 238 239 240 241 242 243 244 245 246 247 248 249 250 251 252 253 254 255 256 257 258 259 260 261 262 263 264 265 266 267 268 269 270 271 272 273 274 275 276 277 278 279 280 281 282 283 284 285 286 287 288 289 290 291 292 293 294 295 296 297 298 299 300 301 302 303 304 305 306 307 308 309 310 311 312 313 314 315 316 317 318 319 320 321 322 323 324 325 326 327 328 329 330 331 332 333 334 335 336 337 338 339 340 341 342 343 344 345 346 347 348 349 350 351 352 353 354 355 356 357 358 359 360 361 362 363 364 365 366 367 368 369 370 371 372 373 374 375 376 377 378 379 380 381 382 383 384 385 386 387 388 389 390 391 392 393 394 395 396 397 398 399 400 401 402 403 404 405 406 407 408 409 410 411 412 413 414 415 416 417 418 419 420 421 422 423 424 425 426 427 428 429 430 431 432 433 434 435 436 437 438 439 440 441 442 443 444 445 446 447 448 449 450 451 452 453 454 455 456 457 458 459 460 461 462 463 464 465 466 467 468 469 470 471 472 473 474 475 476 477 478 479 480 481 482 483 484 485 486 487 488 489 490 491 492 493 494 495 496 497 498 499 500 501 502 503 504 505 506 507 508 509 510 511 512 513 514 515 516 517 518 519 520 521 522 523 524 525 526 527 528 529 530 531 532 533 534 535 536 537 538 539 540 541 542 543 544 545 546 547 548 549 550 551 552 553 554 555 556 557 558 559 560 561 562 563 564 565 566 567 568 569 570 571 572 573 574 575 576 577 578 579 580 581 582 583 584 585 586 587 588 589 590 591 592 593 594 595 596 597 598 599 600 601 602 603 604 605 606 607 608 609 610 611 612 613 614 615 616 617 618 619 620 621 622 623 624 625 626 627 628 629 630 631 632 633 634 635 636 637 638 639 640 641 642 643 644 645 646 647 648 649 650 651 652 653 654 655 656 657 658 659 660 661 662 663 664 665 666 667 668 669 670 671 672 673;

set F[1] := 1 2
            2 36
            ;
set F[2] := 1 4
            4 3
            3 37
            ;
set F[3] := 1 4
            4 38
            ;
set F[4] := 1 24
            24 17
            17 19
            19 6
            6 40
            ;
set F[5] := 1 2
            2 7
            7 41
            ;
set F[6] := 1 24
            24 8
            8 42
            ;
set F[7] := 1 24
            24 8
            8 5
            5 9
            9 43
            ;
set F[8] := 1 24
            24 17
            17 19
            19 10
            10 44
            ;
set F[9] := 1 11
            11 45
            ;
set F[10] := 1 11
             11 12
             12 46
             ;
set F[11] := 1 24
             24 13
             13 47
             ;
set F[12] := 1 24
             24 32
             32 25
             25 14
             14 48
             ;
set F[13] := 1 11
             11 15
             15 49
             ;
set F[14] := 1 2
             2 7
             7 16
             16 50
             ;
set F[15] := 1 24
             24 17
             17 51
             ;
set F[16] := 1 24
             24 18
             18 52
             ;
set F[17] := 1 21
             21 55
             ;
set F[18] := 1 21
             21 22
             22 56
             ;
set F[19] := 1 23
             23 57
             ;
set F[20] := 1 24
             24 58
             ;
set F[21] := 1 24
             24 32
             32 25
             25 59
             ;
set F[22] := 1 4
             4 28
             28 62
             ;
set F[23] := 1 4
             4 28
             28 29
             29 63
             ;
set F[24] := 1 4
             4 28
             28 27
             27 30
             30 64
             ;
set F[25] := 1 24
             24 32
             32 31
             31 65
             ;
set F[26] := 1 24
             24 32
             32 66
             ;
set F[27] := 1 24
             24 32
             32 31
             31 33
             33 67
             ;
set F[28] := 1 24
             24 32
             32 25
             25 34
             34 68
             ;
set F[29] := 2 1
             1 35
             ;
set F[30] := 2 1
             1 4
             4 3
             3 37
             ;
set F[31] := 2 1
             1 4
             4 38
             ;
set F[32] := 2 1
             1 24
             24 17
             17 19
             19 6
             6 40
             ;
set F[33] := 2 7
             7 41
             ;
set F[34] := 2 1
             1 24
             24 8
             8 5
             5 9
             9 43
             ;
set F[35] := 2 1
             1 11
             11 45
             ;
set F[36] := 2 1
             1 11
             11 12
             12 46
             ;
set F[37] := 2 1
             1 24
             24 13
             13 47
             ;
set F[38] := 2 1
             1 11
             11 15
             15 49
             ;
set F[39] := 2 1
             1 24
             24 17
             17 51
             ;
set F[40] := 2 1
             1 24
             24 18
             18 52
             ;
set F[41] := 2 1
             1 21
             21 55
             ;
set F[42] := 2 1
             1 23
             23 57
             ;
set F[43] := 2 1
             1 24
             24 58
             ;
set F[44] := 2 1
             1 24
             24 32
             32 25
             25 59
             ;
set F[45] := 2 1
             1 4
             4 28
             28 62
             ;
set F[46] := 2 1
             1 4
             4 28
             28 29
             29 63
             ;
set F[47] := 2 1
             1 24
             24 32
             32 31
             31 65
             ;
set F[48] := 2 1
             1 24
             24 32
             32 66
             ;
set F[49] := 2 1
             1 24
             24 32
             32 31
             31 33
             33 67
             ;
set F[50] := 2 1
             1 24
             24 32
             32 25
             25 34
             34 68
             ;
set F[51] := 3 4
             4 1
             1 11
             11 45
             ;
set F[52] := 3 32
             32 24
             24 58
             ;
set F[53] := 4 1
             1 35
             ;
set F[54] := 4 1
             1 2
             2 36
             ;
set F[55] := 4 3
             3 37
             ;
set F[56] := 4 3
             3 32
             32 25
             25 6
             6 40
             ;
set F[57] := 4 1
             1 2
             2 7
             7 41
             ;
set F[58] := 4 1
             1 24
             24 8
             8 5
             5 9
             9 43
             ;
set F[59] := 4 1
             1 24
             24 17
             17 19
             19 10
             10 44
             ;
set F[60] := 4 1
             1 11
             11 45
             ;
set F[61] := 4 1
             1 11
             11 12
             12 46
             ;
set F[62] := 4 1
             1 24
             24 13
             13 47
             ;
set F[63] := 4 1
             1 11
             11 15
             15 49
             ;
set F[64] := 4 1
             1 2
             2 7
             7 16
             16 50
             ;
set F[65] := 4 1
             1 24
             24 17
             17 51
             ;
set F[66] := 4 1
             1 24
             24 18
             18 52
             ;
set F[67] := 4 1
             1 21
             21 55
             ;
set F[68] := 4 1
             1 21
             21 22
             22 56
             ;
set F[69] := 4 1
             1 23
             23 57
             ;
set F[70] := 4 1
             1 24
             24 58
             ;
set F[71] := 4 3
             3 32
             32 25
             25 59
             ;
set F[72] := 4 28
             28 62
             ;
set F[73] := 4 28
             28 29
             29 63
             ;
set F[74] := 4 3
             3 32
             32 31
             31 65
             ;
set F[75] := 4 3
             3 32
             32 66
             ;
set F[76] := 4 3
             3 32
             32 31
             31 33
             33 67
             ;
set F[77] := 4 3
             3 32
             32 25
             25 34
             34 68
             ;
set F[78] := 5 8
             8 24
             24 1
             1 35
             ;
set F[79] := 5 8
             8 24
             24 1
             1 4
             4 38
             ;
set F[80] := 5 8
             8 24
             24 1
             1 11
             11 45
             ;
set F[81] := 5 8
             8 24
             24 58
             ;
set F[82] := 5 9
             9 34
             34 33
             33 67
             ;
set F[83] := 6 25
             25 32
             32 24
             24 1
             1 35
             ;
set F[84] := 6 25
             25 32
             32 24
             24 1
             1 2
             2 36
             ;
set F[85] := 6 25
             25 32
             32 3
             3 37
             ;
set F[86] := 6 25
             25 32
             32 3
             3 4
             4 38
             ;
set F[87] := 6 25
             25 32
             32 24
             24 1
             1 2
             2 7
             7 41
             ;
set F[88] := 6 25
             25 32
             32 24
             24 8
             8 42
             ;
set F[89] := 6 19
             19 9
             9 43
             ;
set F[90] := 6 19
             19 10
             10 44
             ;
set F[91] := 6 25
             25 32
             32 24
             24 1
             1 11
             11 45
             ;
set F[92] := 6 25
             25 32
             32 24
             24 13
             13 12
             12 46
             ;
set F[93] := 6 25
             25 32
             32 24
             24 13
             13 47
             ;
set F[94] := 6 25
             25 32
             32 24
             24 15
             15 49
             ;
set F[95] := 6 25
             25 32
             32 24
             24 8
             8 16
             16 50
             ;
set F[96] := 6 19
             19 17
             17 51
             ;
set F[97] := 6 19
             19 17
             17 18
             18 52
             ;
set F[98] := 6 25
             25 32
             32 24
             24 1
             1 21
             21 55
             ;
set F[99] := 6 25
             25 32
             32 24
             24 1
             1 21
             21 22
             22 56
             ;
set F[100] := 6 25
              25 32
              32 24
              24 1
              1 23
              23 57
              ;
set F[101] := 6 25
              25 32
              32 24
              24 58
              ;
set F[102] := 6 25
              25 59
              ;
set F[103] := 6 25
              25 32
              32 3
              3 4
              4 28
              28 62
              ;
set F[104] := 6 25
              25 32
              32 31
              31 29
              29 63
              ;
set F[105] := 6 25
              25 32
              32 31
              31 65
              ;
set F[106] := 6 25
              25 32
              32 66
              ;
set F[107] := 6 25
              25 14
              14 33
              33 67
              ;
set F[108] := 6 25
              25 34
              34 68
              ;
set F[109] := 7 2
              2 1
              1 35
              ;
set F[110] := 7 2
              2 1
              1 4
              4 3
              3 37
              ;
set F[111] := 7 2
              2 1
              1 4
              4 38
              ;
set F[112] := 7 16
              16 8
              8 5
              5 9
              9 43
              ;
set F[113] := 7 2
              2 1
              1 11
              11 45
              ;
set F[114] := 7 2
              2 1
              1 24
              24 13
              13 47
              ;
set F[115] := 7 2
              2 1
              1 24
              24 58
              ;
set F[116] := 7 2
              2 1
              1 24
              24 32
              32 25
              25 59
              ;
set F[117] := 7 2
              2 1
              1 4
              4 28
              28 62
              ;
set F[118] := 7 2
              2 1
              1 24
              24 32
              32 31
              31 65
              ;
set F[119] := 7 2
              2 1
              1 24
              24 32
              32 66
              ;
set F[120] := 7 2
              2 1
              1 24
              24 32
              32 31
              31 33
              33 67
              ;
set F[121] := 8 24
              24 1
              1 35
              ;
set F[122] := 8 24
              24 1
              1 2
              2 36
              ;
set F[123] := 8 24
              24 32
              32 3
              3 37
              ;
set F[124] := 8 24
              24 1
              1 4
              4 38
              ;
set F[125] := 8 5
              5 9
              9 19
              19 6
              6 40
              ;
set F[126] := 8 16
              16 7
              7 41
              ;
set F[127] := 8 5
              5 9
              9 43
              ;
set F[128] := 8 5
              5 9
              9 19
              19 10
              10 44
              ;
set F[129] := 8 24
              24 1
              1 11
              11 45
              ;
set F[130] := 8 24
              24 13
              13 12
              12 46
              ;
set F[131] := 8 24
              24 13
              13 47
              ;
set F[132] := 8 24
              24 32
              32 25
              25 14
              14 48
              ;
set F[133] := 8 24
              24 15
              15 49
              ;
set F[134] := 8 16
              16 50
              ;
set F[135] := 8 24
              24 17
              17 51
              ;
set F[136] := 8 24
              24 18
              18 52
              ;
set F[137] := 8 24
              24 1
              1 21
              21 55
              ;
set F[138] := 8 16
              16 7
              7 22
              22 56
              ;
set F[139] := 8 24
              24 1
              1 23
              23 57
              ;
set F[140] := 8 24
              24 58
              ;
set F[141] := 8 24
              24 32
              32 25
              25 59
              ;
set F[142] := 8 24
              24 1
              1 4
              4 28
              28 62
              ;
set F[143] := 8 24
              24 32
              32 31
              31 29
              29 63
              ;
set F[144] := 8 24
              24 32
              32 31
              31 30
              30 64
              ;
set F[145] := 8 24
              24 32
              32 31
              31 65
              ;
set F[146] := 8 24
              24 32
              32 66
              ;
set F[147] := 8 5
              5 9
              9 34
              34 33
              33 67
              ;
set F[148] := 8 5
              5 9
              9 34
              34 68
              ;
set F[149] := 9 5
              5 8
              8 24
              24 1
              1 35
              ;
set F[150] := 9 34
              34 25
              25 32
              32 3
              3 37
              ;
set F[151] := 9 5
              5 8
              8 24
              24 1
              1 4
              4 38
              ;
set F[152] := 9 5
              5 8
              8 16
              16 7
              7 41
              ;
set F[153] := 9 5
              5 8
              8 24
              24 1
              1 11
              11 45
              ;
set F[154] := 9 5
              5 8
              8 24
              24 13
              13 47
              ;
set F[155] := 9 5
              5 8
              8 24
              24 58
              ;
set F[156] := 9 34
              34 25
              25 59
              ;
set F[157] := 9 34
              34 33
              33 31
              31 29
              29 28
              28 62
              ;
set F[158] := 9 34
              34 33
              33 31
              31 65
              ;
set F[159] := 9 34
              34 25
              25 32
              32 66
              ;
set F[160] := 9 34
              34 33
              33 67
              ;
set F[161] := 10 19
              19 17
              17 24
              24 1
              1 35
              ;
set F[162] := 10 19
              19 6
              6 25
              25 32
              32 3
              3 37
              ;
set F[163] := 10 19
              19 17
              17 24
              24 1
              1 4
              4 38
              ;
set F[164] := 10 19
              19 9
              9 5
              5 8
              8 16
              16 7
              7 41
              ;
set F[165] := 10 19
              19 9
              9 43
              ;
set F[166] := 10 19
              19 17
              17 24
              24 1
              1 11
              11 45
              ;
set F[167] := 10 19
              19 17
              17 24
              24 13
              13 47
              ;
set F[168] := 10 19
              19 17
              17 24
              24 58
              ;
set F[169] := 10 19
              19 6
              6 25
              25 59
              ;
set F[170] := 10 19
              19 17
              17 24
              24 1
              1 4
              4 28
              28 62
              ;
set F[171] := 10 19
              19 6
              6 25
              25 32
              32 31
              31 65
              ;
set F[172] := 10 19
              19 6
              6 25
              25 32
              32 66
              ;
set F[173] := 10 19
              19 9
              9 34
              34 33
              33 67
              ;
set F[174] := 11 1
              1 35
              ;
set F[175] := 11 1
              1 2
              2 36
              ;
set F[176] := 11 1
              1 4
              4 3
              3 37
              ;
set F[177] := 11 1
              1 4
              4 38
              ;
set F[178] := 11 1
              1 24
              24 17
              17 19
              19 6
              6 40
              ;
set F[179] := 11 1
              1 2
              2 7
              7 41
              ;
set F[180] := 11 1
              1 24
              24 8
              8 42
              ;
set F[181] := 11 1
              1 24
              24 8
              8 5
              5 9
              9 43
              ;
set F[182] := 11 1
              1 24
              24 17
              17 19
              19 10
              10 44
              ;
set F[183] := 11 12
              12 46
              ;
set F[184] := 11 12
              12 13
              13 47
              ;
set F[185] := 11 15
              15 49
              ;
set F[186] := 11 1
              1 2
              2 7
              7 16
              16 50
              ;
set F[187] := 11 1
              1 24
              24 17
              17 51
              ;
set F[188] := 11 1
              1 24
              24 18
              18 52
              ;
set F[189] := 11 1
              1 21
              21 55
              ;
set F[190] := 11 1
              1 21
              21 22
              22 56
              ;
set F[191] := 11 1
              1 23
              23 57
              ;
set F[192] := 11 1
              1 24
              24 58
              ;
set F[193] := 11 1
              1 24
              24 32
              32 25
              25 59
              ;
set F[194] := 11 1
              1 4
              4 28
              28 62
              ;
set F[195] := 11 1
              1 4
              4 28
              28 29
              29 63
              ;
set F[196] := 11 1
              1 4
              4 28
              28 27
              27 30
              30 64
              ;
set F[197] := 11 1
              1 24
              24 32
              32 31
              31 65
              ;
set F[198] := 11 1
              1 24
              24 32
              32 66
              ;
set F[199] := 11 1
              1 24
              24 32
              32 31
              31 33
              33 67
              ;
set F[200] := 11 1
              1 24
              24 32
              32 25
              25 34
              34 68
              ;
set F[201] := 12 11
              11 1
              1 35
              ;
set F[202] := 12 11
              11 1
              1 2
              2 36
              ;
set F[203] := 12 11
              11 1
              1 4
              4 3
              3 37
              ;
set F[204] := 12 11
              11 1
              1 4
              4 38
              ;
set F[205] := 12 13
              13 24
              24 17
              17 19
              19 6
              6 40
              ;
set F[206] := 12 11
              11 1
              1 2
              2 7
              7 41
              ;
set F[207] := 12 13
              13 24
              24 8
              8 42
              ;
set F[208] := 12 13
              13 24
              24 8
              8 5
              5 9
              9 43
              ;
set F[209] := 12 13
              13 24
              24 17
              17 19
              19 10
              10 44
              ;
set F[210] := 12 11
              11 45
              ;
set F[211] := 12 13
              13 47
              ;
set F[212] := 12 11
              11 15
              15 49
              ;
set F[213] := 12 13
              13 24
              24 8
              8 16
              16 50
              ;
set F[214] := 12 13
              13 24
              24 17
              17 51
              ;
set F[215] := 12 13
              13 24
              24 18
              18 52
              ;
set F[216] := 12 11
              11 1
              1 21
              21 55
              ;
set F[217] := 12 11
              11 1
              1 21
              21 22
              22 56
              ;
set F[218] := 12 11
              11 1
              1 23
              23 57
              ;
set F[219] := 12 13
              13 24
              24 58
              ;
set F[220] := 12 13
              13 24
              24 32
              32 25
              25 59
              ;
set F[221] := 12 11
              11 1
              1 4
              4 28
              28 62
              ;
set F[222] := 12 11
              11 1
              1 4
              4 28
              28 29
              29 63
              ;
set F[223] := 12 13
              13 24
              24 32
              32 31
              31 65
              ;
set F[224] := 12 13
              13 24
              24 32
              32 66
              ;
set F[225] := 12 13
              13 24
              24 32
              32 31
              31 33
              33 67
              ;
set F[226] := 12 13
              13 24
              24 32
              32 25
              25 34
              34 68
              ;
set F[227] := 13 24
              24 1
              1 35
              ;
set F[228] := 13 24
              24 32
              32 3
              3 37
              ;
set F[229] := 13 24
              24 1
              1 4
              4 38
              ;
set F[230] := 13 24
              24 17
              17 19
              19 6
              6 40
              ;
set F[231] := 13 24
              24 1
              1 2
              2 7
              7 41
              ;
set F[232] := 13 24
              24 8
              8 5
              5 9
              9 43
              ;
set F[233] := 13 12
              12 11
              11 45
              ;
set F[234] := 13 12
              12 46
              ;
set F[235] := 13 24
              24 15
              15 49
              ;
set F[236] := 13 24
              24 17
              17 51
              ;
set F[237] := 13 24
              24 18
              18 52
              ;
set F[238] := 13 24
              24 1
              1 21
              21 55
              ;
set F[239] := 13 24
              24 58
              ;
set F[240] := 13 24
              24 32
              32 25
              25 59
              ;
set F[241] := 13 24
              24 1
              1 4
              4 28
              28 62
              ;
set F[242] := 13 24
              24 32
              32 31
              31 29
              29 63
              ;
set F[243] := 13 24
              24 32
              32 31
              31 65
              ;
set F[244] := 13 24
              24 32
              32 66
              ;
set F[245] := 13 24
              24 32
              32 31
              31 33
              33 67
              ;
set F[246] := 13 24
              24 32
              32 25
              25 34
              34 68
              ;
set F[247] := 14 25
              25 32
              32 24
              24 1
              1 35
              ;
set F[248] := 14 25
              25 32
              32 3
              3 37
              ;
set F[249] := 14 25
              25 32
              32 3
              3 4
              4 38
              ;
set F[250] := 14 25
              25 32
              32 24
              24 1
              1 2
              2 7
              7 41
              ;
set F[251] := 14 25
              25 34
              34 9
              9 43
              ;
set F[252] := 14 25
              25 32
              32 24
              24 1
              1 11
              11 45
              ;
set F[253] := 14 25
              25 32
              32 24
              24 13
              13 47
              ;
set F[254] := 14 25
              25 32
              32 24
              24 58
              ;
set F[255] := 14 25
              25 59
              ;
set F[256] := 14 33
              33 31
              31 29
              29 28
              28 62
              ;
set F[257] := 14 33
              33 31
              31 65
              ;
set F[258] := 14 25
              25 32
              32 66
              ;
set F[259] := 14 33
              33 67
              ;
set F[260] := 15 11
              11 1
              1 35
              ;
set F[261] := 15 24
              24 32
              32 3
              3 37
              ;
set F[262] := 15 11
              11 1
              1 4
              4 38
              ;
set F[263] := 15 24
              24 17
              17 19
              19 6
              6 40
              ;
set F[264] := 15 11
              11 1
              1 2
              2 7
              7 41
              ;
set F[265] := 15 24
              24 8
              8 5
              5 9
              9 43
              ;
set F[266] := 15 24
              24 17
              17 19
              19 10
              10 44
              ;
set F[267] := 15 11
              11 45
              ;
set F[268] := 15 11
              11 12
              12 46
              ;
set F[269] := 15 24
              24 13
              13 47
              ;
set F[270] := 15 24
              24 8
              8 16
              16 50
              ;
set F[271] := 15 24
              24 17
              17 51
              ;
set F[272] := 15 20
              20 18
              18 52
              ;
set F[273] := 15 11
              11 1
              1 21
              21 55
              ;
set F[274] := 15 11
              11 1
              1 21
              21 22
              22 56
              ;
set F[275] := 15 11
              11 1
              1 23
              23 57
              ;
set F[276] := 15 24
              24 58
              ;
set F[277] := 15 24
              24 32
              32 25
              25 59
              ;
set F[278] := 15 11
              11 1
              1 4
              4 28
              28 62
              ;
set F[279] := 15 24
              24 32
              32 31
              31 29
              29 63
              ;
set F[280] := 15 24
              24 32
              32 31
              31 65
              ;
set F[281] := 15 24
              24 32
              32 66
              ;
set F[282] := 15 24
              24 32
              32 31
              31 33
              33 67
              ;
set F[283] := 15 24
              24 32
              32 25
              25 34
              34 68
              ;
set F[284] := 16 7
              7 2
              2 1
              1 35
              ;
set F[285] := 16 8
              8 24
              24 32
              32 3
              3 37
              ;
set F[286] := 16 7
              7 2
              2 1
              1 4
              4 38
              ;
set F[287] := 16 7
              7 41
              ;
set F[288] := 16 8
              8 5
              5 9
              9 43
              ;
set F[289] := 16 7
              7 2
              2 1
              1 11
              11 45
              ;
set F[290] := 16 8
              8 24
              24 13
              13 12
              12 46
              ;
set F[291] := 16 8
              8 24
              24 13
              13 47
              ;
set F[292] := 16 8
              8 24
              24 15
              15 49
              ;
set F[293] := 16 8
              8 24
              24 17
              17 51
              ;
set F[294] := 16 8
              8 24
              24 18
              18 52
              ;
set F[295] := 16 7
              7 22
              22 21
              21 55
              ;
set F[296] := 16 8
              8 24
              24 58
              ;
set F[297] := 16 8
              8 24
              24 32
              32 25
              25 59
              ;
set F[298] := 16 7
              7 2
              2 1
              1 4
              4 28
              28 62
              ;
set F[299] := 16 8
              8 24
              24 32
              32 31
              31 65
              ;
set F[300] := 16 8
              8 24
              24 32
              32 66
              ;
set F[301] := 16 8
              8 5
              5 9
              9 34
              34 33
              33 67
              ;
set F[302] := 17 24
              24 58
              ;
set F[303] := 18 24
              24 1
              1 35
              ;
set F[304] := 18 24
              24 32
              32 3
              3 37
              ;
set F[305] := 18 24
              24 1
              1 4
              4 38
              ;
set F[306] := 18 17
              17 19
              19 6
              6 40
              ;
set F[307] := 18 24
              24 1
              1 2
              2 7
              7 41
              ;
set F[308] := 18 17
              17 19
              19 9
              9 43
              ;
set F[309] := 18 20
              20 15
              15 11
              11 45
              ;
set F[310] := 18 24
              24 13
              13 12
              12 46
              ;
set F[311] := 18 24
              24 13
              13 47
              ;
set F[312] := 18 20
              20 15
              15 49
              ;
set F[313] := 18 17
              17 51
              ;
set F[314] := 18 24
              24 1
              1 21
              21 55
              ;
set F[315] := 18 24
              24 58
              ;
set F[316] := 18 24
              24 32
              32 25
              25 59
              ;
set F[317] := 18 24
              24 1
              1 4
              4 28
              28 62
              ;
set F[318] := 18 24
              24 32
              32 31
              31 65
              ;
set F[319] := 18 24
              24 32
              32 66
              ;
set F[320] := 18 24
              24 32
              32 31
              31 33
              33 67
              ;
set F[321] := 18 17
              17 19
              19 9
              9 34
              34 68
              ;
set F[322] := 19 17
              17 24
              24 1
              1 35
              ;
set F[323] := 19 17
              17 24
              24 1
              1 2
              2 36
              ;
set F[324] := 19 6
              6 25
              25 32
              32 3
              3 37
              ;
set F[325] := 19 17
              17 24
              24 1
              1 4
              4 38
              ;
set F[326] := 19 6
              6 40
              ;
set F[327] := 19 9
              9 5
              5 8
              8 16
              16 7
              7 41
              ;
set F[328] := 19 9
              9 5
              5 8
              8 42
              ;
set F[329] := 19 9
              9 43
              ;
set F[330] := 19 10
              10 44
              ;
set F[331] := 19 17
              17 24
              24 1
              1 11
              11 45
              ;
set F[332] := 19 17
              17 24
              24 13
              13 12
              12 46
              ;
set F[333] := 19 17
              17 24
              24 13
              13 47
              ;
set F[334] := 19 6
              6 25
              25 14
              14 48
              ;
set F[335] := 19 17
              17 24
              24 15
              15 49
              ;
set F[336] := 19 9
              9 5
              5 8
              8 16
              16 50
              ;
set F[337] := 19 17
              17 51
              ;
set F[338] := 19 17
              17 18
              18 52
              ;
set F[339] := 19 17
              17 24
              24 1
              1 21
              21 55
              ;
set F[340] := 19 17
              17 24
              24 1
              1 21
              21 22
              22 56
              ;
set F[341] := 19 17
              17 24
              24 1
              1 23
              23 57
              ;
set F[342] := 19 17
              17 24
              24 58
              ;
set F[343] := 19 6
              6 25
              25 59
              ;
set F[344] := 19 17
              17 24
              24 1
              1 4
              4 28
              28 62
              ;
set F[345] := 19 6
              6 25
              25 32
              32 31
              31 29
              29 63
              ;
set F[346] := 19 6
              6 25
              25 32
              32 31
              31 30
              30 64
              ;
set F[347] := 19 6
              6 25
              25 32
              32 31
              31 65
              ;
set F[348] := 19 6
              6 25
              25 32
              32 66
              ;
set F[349] := 19 9
              9 34
              34 33
              33 67
              ;
set F[350] := 19 9
              9 34
              34 68
              ;
set F[351] := 20 15
              15 11
              11 1
              1 35
              ;
set F[352] := 20 15
              15 24
              24 32
              32 3
              3 37
              ;
set F[353] := 20 15
              15 11
              11 1
              1 4
              4 38
              ;
set F[354] := 20 18
              18 17
              17 19
              19 6
              6 40
              ;
set F[355] := 20 15
              15 11
              11 1
              1 2
              2 7
              7 41
              ;
set F[356] := 20 18
              18 17
              17 19
              19 9
              9 43
              ;
set F[357] := 20 15
              15 11
              11 45
              ;
set F[358] := 20 15
              15 11
              11 12
              12 46
              ;
set F[359] := 20 15
              15 24
              24 13
              13 47
              ;
set F[360] := 20 15
              15 49
              ;
set F[361] := 20 15
              15 24
              24 8
              8 16
              16 50
              ;
set F[362] := 20 18
              18 17
              17 51
              ;
set F[363] := 20 18
              18 52
              ;
set F[364] := 20 15
              15 11
              11 1
              1 21
              21 55
              ;
set F[365] := 20 15
              15 11
              11 1
              1 21
              21 22
              22 56
              ;
set F[366] := 20 15
              15 11
              11 1
              1 23
              23 57
              ;
set F[367] := 20 15
              15 24
              24 58
              ;
set F[368] := 20 15
              15 24
              24 32
              32 25
              25 59
              ;
set F[369] := 20 15
              15 11
              11 1
              1 4
              4 28
              28 62
              ;
set F[370] := 20 15
              15 24
              24 32
              32 31
              31 29
              29 63
              ;
set F[371] := 20 15
              15 24
              24 32
              32 31
              31 65
              ;
set F[372] := 20 15
              15 24
              24 32
              32 66
              ;
set F[373] := 20 15
              15 24
              24 32
              32 31
              31 33
              33 67
              ;
set F[374] := 20 15
              15 24
              24 32
              32 25
              25 34
              34 68
              ;
set F[375] := 21 1
              1 35
              ;
set F[376] := 21 1
              1 2
              2 36
              ;
set F[377] := 21 1
              1 4
              4 3
              3 37
              ;
set F[378] := 21 1
              1 4
              4 38
              ;
set F[379] := 21 1
              1 24
              24 17
              17 19
              19 6
              6 40
              ;
set F[380] := 21 22
              22 7
              7 41
              ;
set F[381] := 21 1
              1 24
              24 8
              8 5
              5 9
              9 43
              ;
set F[382] := 21 1
              1 24
              24 17
              17 19
              19 10
              10 44
              ;
set F[383] := 21 1
              1 11
              11 45
              ;
set F[384] := 21 1
              1 11
              11 12
              12 46
              ;
set F[385] := 21 1
              1 24
              24 13
              13 47
              ;
set F[386] := 21 1
              1 11
              11 15
              15 49
              ;
set F[387] := 21 22
              22 7
              7 16
              16 50
              ;
set F[388] := 21 1
              1 24
              24 17
              17 51
              ;
set F[389] := 21 1
              1 24
              24 18
              18 52
              ;
set F[390] := 21 22
              22 56
              ;
set F[391] := 21 1
              1 23
              23 57
              ;
set F[392] := 21 1
              1 24
              24 58
              ;
set F[393] := 21 1
              1 24
              24 32
              32 25
              25 59
              ;
set F[394] := 21 1
              1 4
              4 28
              28 62
              ;
set F[395] := 21 1
              1 4
              4 28
              28 29
              29 63
              ;
set F[396] := 21 1
              1 24
              24 32
              32 31
              31 65
              ;
set F[397] := 21 1
              1 24
              24 32
              32 66
              ;
set F[398] := 21 1
              1 24
              24 32
              32 31
              31 33
              33 67
              ;
set F[399] := 21 1
              1 24
              24 32
              32 25
              25 34
              34 68
              ;
set F[400] := 22 21
              21 1
              1 35
              ;
set F[401] := 22 7
              7 2
              2 36
              ;
set F[402] := 22 21
              21 1
              1 4
              4 3
              3 37
              ;
set F[403] := 22 21
              21 1
              1 4
              4 38
              ;
set F[404] := 22 21
              21 1
              1 24
              24 17
              17 19
              19 6
              6 40
              ;
set F[405] := 22 7
              7 41
              ;
set F[406] := 22 7
              7 16
              16 8
              8 42
              ;
set F[407] := 22 7
              7 16
              16 8
              8 5
              5 9
              9 43
              ;
set F[408] := 22 21
              21 1
              1 24
              24 17
              17 19
              19 10
              10 44
              ;
set F[409] := 22 21
              21 1
              1 11
              11 45
              ;
set F[410] := 22 21
              21 1
              1 11
              11 12
              12 46
              ;
set F[411] := 22 21
              21 1
              1 24
              24 13
              13 47
              ;
set F[412] := 22 21
              21 1
              1 11
              11 15
              15 49
              ;
set F[413] := 22 7
              7 16
              16 50
              ;
set F[414] := 22 21
              21 1
              1 24
              24 17
              17 51
              ;
set F[415] := 22 21
              21 1
              1 24
              24 18
              18 52
              ;
set F[416] := 22 21
              21 55
              ;
set F[417] := 22 23
              23 57
              ;
set F[418] := 22 21
              21 1
              1 24
              24 58
              ;
set F[419] := 22 21
              21 1
              1 24
              24 32
              32 25
              25 59
              ;
set F[420] := 22 21
              21 1
              1 4
              4 28
              28 62
              ;
set F[421] := 22 21
              21 1
              1 4
              4 28
              28 29
              29 63
              ;
set F[422] := 22 21
              21 1
              1 4
              4 28
              28 27
              27 30
              30 64
              ;
set F[423] := 22 21
              21 1
              1 24
              24 32
              32 31
              31 65
              ;
set F[424] := 22 21
              21 1
              1 24
              24 32
              32 66
              ;
set F[425] := 22 21
              21 1
              1 24
              24 32
              32 31
              31 33
              33 67
              ;
set F[426] := 22 7
              7 16
              16 8
              8 5
              5 9
              9 34
              34 68
              ;
set F[427] := 23 1
              1 35
              ;
set F[428] := 23 1
              1 2
              2 36
              ;
set F[429] := 23 1
              1 4
              4 3
              3 37
              ;
set F[430] := 23 1
              1 4
              4 38
              ;
set F[431] := 23 1
              1 24
              24 17
              17 19
              19 6
              6 40
              ;
set F[432] := 23 22
              22 7
              7 41
              ;
set F[433] := 23 1
              1 24
              24 8
              8 42
              ;
set F[434] := 23 1
              1 24
              24 8
              8 5
              5 9
              9 43
              ;
set F[435] := 23 1
              1 24
              24 17
              17 19
              19 10
              10 44
              ;
set F[436] := 23 1
              1 11
              11 45
              ;
set F[437] := 23 1
              1 11
              11 12
              12 46
              ;
set F[438] := 23 1
              1 24
              24 13
              13 47
              ;
set F[439] := 23 1
              1 11
              11 15
              15 49
              ;
set F[440] := 23 22
              22 7
              7 16
              16 50
              ;
set F[441] := 23 1
              1 24
              24 17
              17 51
              ;
set F[442] := 23 1
              1 24
              24 18
              18 52
              ;
set F[443] := 23 1
              1 21
              21 55
              ;
set F[444] := 23 22
              22 56
              ;
set F[445] := 23 1
              1 24
              24 58
              ;
set F[446] := 23 1
              1 24
              24 32
              32 25
              25 59
              ;
set F[447] := 23 1
              1 4
              4 28
              28 62
              ;
set F[448] := 23 1
              1 4
              4 28
              28 29
              29 63
              ;
set F[449] := 23 1
              1 24
              24 32
              32 31
              31 65
              ;
set F[450] := 23 1
              1 24
              24 32
              32 66
              ;
set F[451] := 23 1
              1 24
              24 32
              32 31
              31 33
              33 67
              ;
set F[452] := 23 1
              1 24
              24 32
              32 25
              25 34
              34 68
              ;
set F[453] := 24 1
              1 35
              ;
set F[454] := 24 1
              1 2
              2 36
              ;
set F[455] := 24 32
              32 3
              3 37
              ;
set F[456] := 24 1
              1 4
              4 38
              ;
set F[457] := 24 17
              17 19
              19 6
              6 40
              ;
set F[458] := 24 1
              1 2
              2 7
              7 41
              ;
set F[459] := 24 8
              8 42
              ;
set F[460] := 24 8
              8 5
              5 9
              9 43
              ;
set F[461] := 24 17
              17 19
              19 10
              10 44
              ;
set F[462] := 24 1
              1 11
              11 45
              ;
set F[463] := 24 13
              13 12
              12 46
              ;
set F[464] := 24 13
              13 47
              ;
set F[465] := 24 32
              32 25
              25 14
              14 48
              ;
set F[466] := 24 15
              15 49
              ;
set F[467] := 24 8
              8 16
              16 50
              ;
set F[468] := 24 17
              17 51
              ;
set F[469] := 24 18
              18 52
              ;
set F[470] := 24 1
              1 21
              21 55
              ;
set F[471] := 24 1
              1 21
              21 22
              22 56
              ;
set F[472] := 24 1
              1 23
              23 57
              ;
set F[473] := 24 32
              32 25
              25 59
              ;
set F[474] := 24 1
              1 4
              4 28
              28 62
              ;
set F[475] := 24 32
              32 31
              31 29
              29 63
              ;
set F[476] := 24 32
              32 31
              31 30
              30 64
              ;
set F[477] := 24 32
              32 31
              31 65
              ;
set F[478] := 24 32
              32 66
              ;
set F[479] := 24 32
              32 31
              31 33
              33 67
              ;
set F[480] := 24 32
              32 25
              25 34
              34 68
              ;
set F[481] := 25 32
              32 24
              24 1
              1 35
              ;
set F[482] := 25 32
              32 3
              3 37
              ;
set F[483] := 25 32
              32 3
              3 4
              4 38
              ;
set F[484] := 25 6
              6 40
              ;
set F[485] := 25 32
              32 24
              24 1
              1 2
              2 7
              7 41
              ;
set F[486] := 25 34
              34 9
              9 43
              ;
set F[487] := 25 32
              32 24
              24 1
              1 11
              11 45
              ;
set F[488] := 25 32
              32 24
              24 13
              13 12
              12 46
              ;
set F[489] := 25 32
              32 24
              24 13
              13 47
              ;
set F[490] := 25 32
              32 24
              24 15
              15 49
              ;
set F[491] := 25 32
              32 24
              24 8
              8 16
              16 50
              ;
set F[492] := 25 6
              6 19
              19 17
              17 51
              ;
set F[493] := 25 32
              32 24
              24 18
              18 52
              ;
set F[494] := 25 32
              32 24
              24 1
              1 21
              21 55
              ;
set F[495] := 25 32
              32 24
              24 1
              1 21
              21 22
              22 56
              ;
set F[496] := 25 32
              32 24
              24 1
              1 23
              23 57
              ;
set F[497] := 25 32
              32 24
              24 58
              ;
set F[498] := 25 32
              32 3
              3 4
              4 28
              28 62
              ;
set F[499] := 25 32
              32 31
              31 29
              29 63
              ;
set F[500] := 25 32
              32 31
              31 65
              ;
set F[501] := 25 32
              32 66
              ;
set F[502] := 25 14
              14 33
              33 67
              ;
set F[503] := 25 34
              34 68
              ;
set F[504] := 26 32
              32 24
              24 1
              1 35
              ;
set F[505] := 26 32
              32 3
              3 37
              ;
set F[506] := 26 32
              32 3
              3 4
              4 38
              ;
set F[507] := 26 6
              6 40
              ;
set F[508] := 26 32
              32 24
              24 1
              1 2
              2 7
              7 41
              ;
set F[509] := 26 6
              6 19
              19 9
              9 43
              ;
set F[510] := 26 32
              32 24
              24 1
              1 11
              11 45
              ;
set F[511] := 26 32
              32 24
              24 13
              13 12
              12 46
              ;
set F[512] := 26 32
              32 24
              24 13
              13 47
              ;
set F[513] := 26 32
              32 24
              24 15
              15 49
              ;
set F[514] := 26 6
              6 19
              19 17
              17 51
              ;
set F[515] := 26 32
              32 24
              24 18
              18 52
              ;
set F[516] := 26 32
              32 24
              24 1
              1 21
              21 55
              ;
set F[517] := 26 32
              32 24
              24 58
              ;
set F[518] := 26 6
              6 25
              25 59
              ;
set F[519] := 26 32
              32 3
              3 4
              4 28
              28 62
              ;
set F[520] := 26 32
              32 31
              31 29
              29 63
              ;
set F[521] := 26 32
              32 31
              31 65
              ;
set F[522] := 26 32
              32 66
              ;
set F[523] := 26 32
              32 31
              31 33
              33 67
              ;
set F[524] := 26 6
              6 25
              25 34
              34 68
              ;
set F[525] := 27 28
              28 4
              4 1
              1 35
              ;
set F[526] := 27 28
              28 4
              4 3
              3 37
              ;
set F[527] := 27 28
              28 4
              4 38
              ;
set F[528] := 27 30
              30 31
              31 32
              32 25
              25 6
              6 40
              ;
set F[529] := 27 28
              28 4
              4 1
              1 2
              2 7
              7 41
              ;
set F[530] := 27 30
              30 31
              31 33
              33 34
              34 9
              9 43
              ;
set F[531] := 27 28
              28 4
              4 1
              1 11
              11 45
              ;
set F[532] := 27 28
              28 4
              4 1
              1 11
              11 12
              12 46
              ;
set F[533] := 27 28
              28 4
              4 1
              1 24
              24 13
              13 47
              ;
set F[534] := 27 28
              28 4
              4 1
              1 11
              11 15
              15 49
              ;
set F[535] := 27 28
              28 4
              4 1
              1 24
              24 17
              17 51
              ;
set F[536] := 27 28
              28 4
              4 1
              1 24
              24 18
              18 52
              ;
set F[537] := 27 28
              28 4
              4 1
              1 21
              21 55
              ;
set F[538] := 27 28
              28 4
              4 1
              1 24
              24 58
              ;
set F[539] := 27 30
              30 31
              31 32
              32 25
              25 59
              ;
set F[540] := 27 28
              28 62
              ;
set F[541] := 27 28
              28 29
              29 63
              ;
set F[542] := 27 30
              30 31
              31 65
              ;
set F[543] := 27 30
              30 31
              31 32
              32 66
              ;
set F[544] := 27 30
              30 31
              31 33
              33 67
              ;
set F[545] := 27 30
              30 31
              31 33
              33 34
              34 68
              ;
set F[546] := 28 4
              4 1
              1 35
              ;
set F[547] := 28 4
              4 3
              3 37
              ;
set F[548] := 28 4
              4 38
              ;
set F[549] := 28 4
              4 3
              3 32
              32 25
              25 6
              6 40
              ;
set F[550] := 28 4
              4 1
              1 2
              2 7
              7 41
              ;
set F[551] := 28 29
              29 31
              31 33
              33 34
              34 9
              9 43
              ;
set F[552] := 28 4
              4 1
              1 11
              11 45
              ;
set F[553] := 28 4
              4 1
              1 11
              11 12
              12 46
              ;
set F[554] := 28 4
              4 1
              1 24
              24 13
              13 47
              ;
set F[555] := 28 4
              4 1
              1 11
              11 15
              15 49
              ;
set F[556] := 28 4
              4 1
              1 24
              24 17
              17 51
              ;
set F[557] := 28 4
              4 1
              1 24
              24 18
              18 52
              ;
set F[558] := 28 4
              4 1
              1 21
              21 55
              ;
set F[559] := 28 4
              4 1
              1 24
              24 58
              ;
set F[560] := 28 4
              4 3
              3 32
              32 25
              25 59
              ;
set F[561] := 28 29
              29 63
              ;
set F[562] := 28 29
              29 31
              31 65
              ;
set F[563] := 28 4
              4 3
              3 32
              32 66
              ;
set F[564] := 28 29
              29 31
              31 33
              33 67
              ;
set F[565] := 28 29
              29 31
              31 33
              33 34
              34 68
              ;
set F[566] := 29 28
              28 4
              4 1
              1 35
              ;
set F[567] := 29 28
              28 4
              4 3
              3 37
              ;
set F[568] := 29 28
              28 4
              4 38
              ;
set F[569] := 29 28
              28 4
              4 1
              1 2
              2 7
              7 41
              ;
set F[570] := 29 31
              31 33
              33 34
              34 9
              9 43
              ;
set F[571] := 29 28
              28 4
              4 1
              1 11
              11 45
              ;
set F[572] := 29 31
              31 32
              32 24
              24 13
              13 47
              ;
set F[573] := 29 31
              31 32
              32 24
              24 58
              ;
set F[574] := 29 31
              31 32
              32 25
              25 59
              ;
set F[575] := 29 28
              28 62
              ;
set F[576] := 29 31
              31 65
              ;
set F[577] := 29 31
              31 32
              32 66
              ;
set F[578] := 29 31
              31 33
              33 67
              ;
set F[579] := 30 27
              27 28
              28 4
              4 1
              1 35
              ;
set F[580] := 30 31
              31 32
              32 3
              3 37
              ;
set F[581] := 30 27
              27 28
              28 4
              4 38
              ;
set F[582] := 30 27
              27 28
              28 4
              4 1
              1 2
              2 7
              7 41
              ;
set F[583] := 30 31
              31 33
              33 34
              34 9
              9 43
              ;
set F[584] := 30 27
              27 28
              28 4
              4 1
              1 11
              11 45
              ;
set F[585] := 30 31
              31 32
              32 24
              24 13
              13 47
              ;
set F[586] := 30 31
              31 32
              32 24
              24 15
              15 49
              ;
set F[587] := 30 31
              31 32
              32 24
              24 18
              18 52
              ;
set F[588] := 30 27
              27 28
              28 4
              4 1
              1 21
              21 55
              ;
set F[589] := 30 31
              31 32
              32 24
              24 58
              ;
set F[590] := 30 31
              31 32
              32 25
              25 59
              ;
set F[591] := 30 27
              27 28
              28 62
              ;
set F[592] := 30 31
              31 65
              ;
set F[593] := 30 31
              31 32
              32 66
              ;
set F[594] := 30 31
              31 33
              33 67
              ;
set F[595] := 31 32
              32 24
              24 1
              1 35
              ;
set F[596] := 31 32
              32 24
              24 1
              1 2
              2 36
              ;
set F[597] := 31 32
              32 3
              3 37
              ;
set F[598] := 31 29
              29 28
              28 4
              4 38
              ;
set F[599] := 31 32
              32 25
              25 6
              6 40
              ;
set F[600] := 31 32
              32 24
              24 1
              1 2
              2 7
              7 41
              ;
set F[601] := 31 32
              32 24
              24 8
              8 42
              ;
set F[602] := 31 33
              33 34
              34 9
              9 43
              ;
set F[603] := 31 33
              33 34
              34 9
              9 19
              19 10
              10 44
              ;
set F[604] := 31 32
              32 24
              24 1
              1 11
              11 45
              ;
set F[605] := 31 32
              32 24
              24 13
              13 12
              12 46
              ;
set F[606] := 31 32
              32 24
              24 13
              13 47
              ;
set F[607] := 31 33
              33 14
              14 48
              ;
set F[608] := 31 32
              32 24
              24 15
              15 49
              ;
set F[609] := 31 32
              32 24
              24 8
              8 16
              16 50
              ;
set F[610] := 31 32
              32 24
              24 17
              17 51
              ;
set F[611] := 31 32
              32 24
              24 18
              18 52
              ;
set F[612] := 31 32
              32 24
              24 1
              1 21
              21 55
              ;
set F[613] := 31 32
              32 24
              24 1
              1 21
              21 22
              22 56
              ;
set F[614] := 31 32
              32 24
              24 1
              1 23
              23 57
              ;
set F[615] := 31 32
              32 24
              24 58
              ;
set F[616] := 31 32
              32 25
              25 59
              ;
set F[617] := 31 29
              29 28
              28 62
              ;
set F[618] := 31 29
              29 63
              ;
set F[619] := 31 30
              30 64
              ;
set F[620] := 31 32
              32 66
              ;
set F[621] := 31 33
              33 67
              ;
set F[622] := 31 33
              33 34
              34 68
              ;
set F[623] := 32 24
              24 1
              1 35
              ;
set F[624] := 32 24
              24 1
              1 2
              2 36
              ;
set F[625] := 32 3
              3 37
              ;
set F[626] := 32 3
              3 4
              4 38
              ;
set F[627] := 32 25
              25 6
              6 40
              ;
set F[628] := 32 24
              24 1
              1 2
              2 7
              7 41
              ;
set F[629] := 32 24
              24 8
              8 42
              ;
set F[630] := 32 25
              25 34
              34 9
              9 43
              ;
set F[631] := 32 24
              24 17
              17 19
              19 10
              10 44
              ;
set F[632] := 32 24
              24 1
              1 11
              11 45
              ;
set F[633] := 32 24
              24 13
              13 12
              12 46
              ;
set F[634] := 32 24
              24 13
              13 47
              ;
set F[635] := 32 25
              25 14
              14 48
              ;
set F[636] := 32 24
              24 15
              15 49
              ;
set F[637] := 32 24
              24 8
              8 16
              16 50
              ;
set F[638] := 32 24
              24 17
              17 51
              ;
set F[639] := 32 24
              24 18
              18 52
              ;
set F[640] := 32 24
              24 1
              1 21
              21 55
              ;
set F[641] := 32 24
              24 1
              1 21
              21 22
              22 56
              ;
set F[642] := 32 24
              24 1
              1 23
              23 57
              ;
set F[643] := 32 24
              24 58
              ;
set F[644] := 32 25
              25 59
              ;
set F[645] := 32 3
              3 4
              4 28
              28 62
              ;
set F[646] := 32 31
              31 29
              29 63
              ;
set F[647] := 32 31
              31 30
              30 64
              ;
set F[648] := 32 31
              31 65
              ;
set F[649] := 32 31
              31 33
              33 67
              ;
set F[650] := 32 25
              25 34
              34 68
              ;
set F[651] := 33 31
              31 32
              32 24
              24 1
              1 35
              ;
set F[652] := 33 31
              31 32
              32 3
              3 37
              ;
set F[653] := 33 31
              31 29
              29 28
              28 4
              4 38
              ;
set F[654] := 33 31
              31 32
              32 24
              24 1
              1 2
              2 7
              7 41
              ;
set F[655] := 33 34
              34 9
              9 43
              ;
set F[656] := 33 31
              31 32
              32 24
              24 1
              1 11
              11 45
              ;
set F[657] := 33 31
              31 32
              32 24
              24 13
              13 12
              12 46
              ;
set F[658] := 33 31
              31 32
              32 24
              24 13
              13 47
              ;
set F[659] := 33 31
              31 32
              32 24
              24 15
              15 49
              ;
set F[660] := 33 31
              31 32
              32 24
              24 17
              17 51
              ;
set F[661] := 33 31
              31 32
              32 24
              24 18
              18 52
              ;
set F[662] := 33 31
              31 32
              32 24
              24 1
              1 21
              21 55
              ;
set F[663] := 33 31
              31 32
              32 24
              24 58
              ;
set F[664] := 33 14
              14 25
              25 59
              ;
set F[665] := 33 31
              31 29
              29 28
              28 62
              ;
set F[666] := 33 31
              31 65
              ;
set F[667] := 33 31
              31 32
              32 66
              ;
set F[668] := 34 25
              25 32
              32 24
              24 1
              1 35
              ;
set F[669] := 34 25
              25 32
              32 3
              3 4
              4 38
              ;
set F[670] := 34 25
              25 32
              32 24
              24 1
              1 11
              11 45
              ;
set F[671] := 34 25
              25 32
              32 24
              24 58
              ;
set F[672] := 34 33
              33 31
              31 65
              ;
set F[673] := 34 33
              33 67
              ;
set Last[1] := 2 36;
set Last[2] := 3 37;
set Last[3] := 4 38;
set Last[4] := 6 40;
set Last[5] := 7 41;
set Last[6] := 8 42;
set Last[7] := 9 43;
set Last[8] := 10 44;
set Last[9] := 11 45;
set Last[10] := 12 46;
set Last[11] := 13 47;
set Last[12] := 14 48;
set Last[13] := 15 49;
set Last[14] := 16 50;
set Last[15] := 17 51;
set Last[16] := 18 52;
set Last[17] := 21 55;
set Last[18] := 22 56;
set Last[19] := 23 57;
set Last[20] := 24 58;
set Last[21] := 25 59;
set Last[22] := 28 62;
set Last[23] := 29 63;
set Last[24] := 30 64;
set Last[25] := 31 65;
set Last[26] := 32 66;
set Last[27] := 33 67;
set Last[28] := 34 68;
set Last[29] := 1 35;
set Last[30] := 3 37;
set Last[31] := 4 38;
set Last[32] := 6 40;
set Last[33] := 7 41;
set Last[34] := 9 43;
set Last[35] := 11 45;
set Last[36] := 12 46;
set Last[37] := 13 47;
set Last[38] := 15 49;
set Last[39] := 17 51;
set Last[40] := 18 52;
set Last[41] := 21 55;
set Last[42] := 23 57;
set Last[43] := 24 58;
set Last[44] := 25 59;
set Last[45] := 28 62;
set Last[46] := 29 63;
set Last[47] := 31 65;
set Last[48] := 32 66;
set Last[49] := 33 67;
set Last[50] := 34 68;
set Last[51] := 11 45;
set Last[52] := 24 58;
set Last[53] := 1 35;
set Last[54] := 2 36;
set Last[55] := 3 37;
set Last[56] := 6 40;
set Last[57] := 7 41;
set Last[58] := 9 43;
set Last[59] := 10 44;
set Last[60] := 11 45;
set Last[61] := 12 46;
set Last[62] := 13 47;
set Last[63] := 15 49;
set Last[64] := 16 50;
set Last[65] := 17 51;
set Last[66] := 18 52;
set Last[67] := 21 55;
set Last[68] := 22 56;
set Last[69] := 23 57;
set Last[70] := 24 58;
set Last[71] := 25 59;
set Last[72] := 28 62;
set Last[73] := 29 63;
set Last[74] := 31 65;
set Last[75] := 32 66;
set Last[76] := 33 67;
set Last[77] := 34 68;
set Last[78] := 1 35;
set Last[79] := 4 38;
set Last[80] := 11 45;
set Last[81] := 24 58;
set Last[82] := 33 67;
set Last[83] := 1 35;
set Last[84] := 2 36;
set Last[85] := 3 37;
set Last[86] := 4 38;
set Last[87] := 7 41;
set Last[88] := 8 42;
set Last[89] := 9 43;
set Last[90] := 10 44;
set Last[91] := 11 45;
set Last[92] := 12 46;
set Last[93] := 13 47;
set Last[94] := 15 49;
set Last[95] := 16 50;
set Last[96] := 17 51;
set Last[97] := 18 52;
set Last[98] := 21 55;
set Last[99] := 22 56;
set Last[100] := 23 57;
set Last[101] := 24 58;
set Last[102] := 25 59;
set Last[103] := 28 62;
set Last[104] := 29 63;
set Last[105] := 31 65;
set Last[106] := 32 66;
set Last[107] := 33 67;
set Last[108] := 34 68;
set Last[109] := 1 35;
set Last[110] := 3 37;
set Last[111] := 4 38;
set Last[112] := 9 43;
set Last[113] := 11 45;
set Last[114] := 13 47;
set Last[115] := 24 58;
set Last[116] := 25 59;
set Last[117] := 28 62;
set Last[118] := 31 65;
set Last[119] := 32 66;
set Last[120] := 33 67;
set Last[121] := 1 35;
set Last[122] := 2 36;
set Last[123] := 3 37;
set Last[124] := 4 38;
set Last[125] := 6 40;
set Last[126] := 7 41;
set Last[127] := 9 43;
set Last[128] := 10 44;
set Last[129] := 11 45;
set Last[130] := 12 46;
set Last[131] := 13 47;
set Last[132] := 14 48;
set Last[133] := 15 49;
set Last[134] := 16 50;
set Last[135] := 17 51;
set Last[136] := 18 52;
set Last[137] := 21 55;
set Last[138] := 22 56;
set Last[139] := 23 57;
set Last[140] := 24 58;
set Last[141] := 25 59;
set Last[142] := 28 62;
set Last[143] := 29 63;
set Last[144] := 30 64;
set Last[145] := 31 65;
set Last[146] := 32 66;
set Last[147] := 33 67;
set Last[148] := 34 68;
set Last[149] := 1 35;
set Last[150] := 3 37;
set Last[151] := 4 38;
set Last[152] := 7 41;
set Last[153] := 11 45;
set Last[154] := 13 47;
set Last[155] := 24 58;
set Last[156] := 25 59;
set Last[157] := 28 62;
set Last[158] := 31 65;
set Last[159] := 32 66;
set Last[160] := 33 67;
set Last[161] := 1 35;
set Last[162] := 3 37;
set Last[163] := 4 38;
set Last[164] := 7 41;
set Last[165] := 9 43;
set Last[166] := 11 45;
set Last[167] := 13 47;
set Last[168] := 24 58;
set Last[169] := 25 59;
set Last[170] := 28 62;
set Last[171] := 31 65;
set Last[172] := 32 66;
set Last[173] := 33 67;
set Last[174] := 1 35;
set Last[175] := 2 36;
set Last[176] := 3 37;
set Last[177] := 4 38;
set Last[178] := 6 40;
set Last[179] := 7 41;
set Last[180] := 8 42;
set Last[181] := 9 43;
set Last[182] := 10 44;
set Last[183] := 12 46;
set Last[184] := 13 47;
set Last[185] := 15 49;
set Last[186] := 16 50;
set Last[187] := 17 51;
set Last[188] := 18 52;
set Last[189] := 21 55;
set Last[190] := 22 56;
set Last[191] := 23 57;
set Last[192] := 24 58;
set Last[193] := 25 59;
set Last[194] := 28 62;
set Last[195] := 29 63;
set Last[196] := 30 64;
set Last[197] := 31 65;
set Last[198] := 32 66;
set Last[199] := 33 67;
set Last[200] := 34 68;
set Last[201] := 1 35;
set Last[202] := 2 36;
set Last[203] := 3 37;
set Last[204] := 4 38;
set Last[205] := 6 40;
set Last[206] := 7 41;
set Last[207] := 8 42;
set Last[208] := 9 43;
set Last[209] := 10 44;
set Last[210] := 11 45;
set Last[211] := 13 47;
set Last[212] := 15 49;
set Last[213] := 16 50;
set Last[214] := 17 51;
set Last[215] := 18 52;
set Last[216] := 21 55;
set Last[217] := 22 56;
set Last[218] := 23 57;
set Last[219] := 24 58;
set Last[220] := 25 59;
set Last[221] := 28 62;
set Last[222] := 29 63;
set Last[223] := 31 65;
set Last[224] := 32 66;
set Last[225] := 33 67;
set Last[226] := 34 68;
set Last[227] := 1 35;
set Last[228] := 3 37;
set Last[229] := 4 38;
set Last[230] := 6 40;
set Last[231] := 7 41;
set Last[232] := 9 43;
set Last[233] := 11 45;
set Last[234] := 12 46;
set Last[235] := 15 49;
set Last[236] := 17 51;
set Last[237] := 18 52;
set Last[238] := 21 55;
set Last[239] := 24 58;
set Last[240] := 25 59;
set Last[241] := 28 62;
set Last[242] := 29 63;
set Last[243] := 31 65;
set Last[244] := 32 66;
set Last[245] := 33 67;
set Last[246] := 34 68;
set Last[247] := 1 35;
set Last[248] := 3 37;
set Last[249] := 4 38;
set Last[250] := 7 41;
set Last[251] := 9 43;
set Last[252] := 11 45;
set Last[253] := 13 47;
set Last[254] := 24 58;
set Last[255] := 25 59;
set Last[256] := 28 62;
set Last[257] := 31 65;
set Last[258] := 32 66;
set Last[259] := 33 67;
set Last[260] := 1 35;
set Last[261] := 3 37;
set Last[262] := 4 38;
set Last[263] := 6 40;
set Last[264] := 7 41;
set Last[265] := 9 43;
set Last[266] := 10 44;
set Last[267] := 11 45;
set Last[268] := 12 46;
set Last[269] := 13 47;
set Last[270] := 16 50;
set Last[271] := 17 51;
set Last[272] := 18 52;
set Last[273] := 21 55;
set Last[274] := 22 56;
set Last[275] := 23 57;
set Last[276] := 24 58;
set Last[277] := 25 59;
set Last[278] := 28 62;
set Last[279] := 29 63;
set Last[280] := 31 65;
set Last[281] := 32 66;
set Last[282] := 33 67;
set Last[283] := 34 68;
set Last[284] := 1 35;
set Last[285] := 3 37;
set Last[286] := 4 38;
set Last[287] := 7 41;
set Last[288] := 9 43;
set Last[289] := 11 45;
set Last[290] := 12 46;
set Last[291] := 13 47;
set Last[292] := 15 49;
set Last[293] := 17 51;
set Last[294] := 18 52;
set Last[295] := 21 55;
set Last[296] := 24 58;
set Last[297] := 25 59;
set Last[298] := 28 62;
set Last[299] := 31 65;
set Last[300] := 32 66;
set Last[301] := 33 67;
set Last[302] := 24 58;
set Last[303] := 1 35;
set Last[304] := 3 37;
set Last[305] := 4 38;
set Last[306] := 6 40;
set Last[307] := 7 41;
set Last[308] := 9 43;
set Last[309] := 11 45;
set Last[310] := 12 46;
set Last[311] := 13 47;
set Last[312] := 15 49;
set Last[313] := 17 51;
set Last[314] := 21 55;
set Last[315] := 24 58;
set Last[316] := 25 59;
set Last[317] := 28 62;
set Last[318] := 31 65;
set Last[319] := 32 66;
set Last[320] := 33 67;
set Last[321] := 34 68;
set Last[322] := 1 35;
set Last[323] := 2 36;
set Last[324] := 3 37;
set Last[325] := 4 38;
set Last[326] := 6 40;
set Last[327] := 7 41;
set Last[328] := 8 42;
set Last[329] := 9 43;
set Last[330] := 10 44;
set Last[331] := 11 45;
set Last[332] := 12 46;
set Last[333] := 13 47;
set Last[334] := 14 48;
set Last[335] := 15 49;
set Last[336] := 16 50;
set Last[337] := 17 51;
set Last[338] := 18 52;
set Last[339] := 21 55;
set Last[340] := 22 56;
set Last[341] := 23 57;
set Last[342] := 24 58;
set Last[343] := 25 59;
set Last[344] := 28 62;
set Last[345] := 29 63;
set Last[346] := 30 64;
set Last[347] := 31 65;
set Last[348] := 32 66;
set Last[349] := 33 67;
set Last[350] := 34 68;
set Last[351] := 1 35;
set Last[352] := 3 37;
set Last[353] := 4 38;
set Last[354] := 6 40;
set Last[355] := 7 41;
set Last[356] := 9 43;
set Last[357] := 11 45;
set Last[358] := 12 46;
set Last[359] := 13 47;
set Last[360] := 15 49;
set Last[361] := 16 50;
set Last[362] := 17 51;
set Last[363] := 18 52;
set Last[364] := 21 55;
set Last[365] := 22 56;
set Last[366] := 23 57;
set Last[367] := 24 58;
set Last[368] := 25 59;
set Last[369] := 28 62;
set Last[370] := 29 63;
set Last[371] := 31 65;
set Last[372] := 32 66;
set Last[373] := 33 67;
set Last[374] := 34 68;
set Last[375] := 1 35;
set Last[376] := 2 36;
set Last[377] := 3 37;
set Last[378] := 4 38;
set Last[379] := 6 40;
set Last[380] := 7 41;
set Last[381] := 9 43;
set Last[382] := 10 44;
set Last[383] := 11 45;
set Last[384] := 12 46;
set Last[385] := 13 47;
set Last[386] := 15 49;
set Last[387] := 16 50;
set Last[388] := 17 51;
set Last[389] := 18 52;
set Last[390] := 22 56;
set Last[391] := 23 57;
set Last[392] := 24 58;
set Last[393] := 25 59;
set Last[394] := 28 62;
set Last[395] := 29 63;
set Last[396] := 31 65;
set Last[397] := 32 66;
set Last[398] := 33 67;
set Last[399] := 34 68;
set Last[400] := 1 35;
set Last[401] := 2 36;
set Last[402] := 3 37;
set Last[403] := 4 38;
set Last[404] := 6 40;
set Last[405] := 7 41;
set Last[406] := 8 42;
set Last[407] := 9 43;
set Last[408] := 10 44;
set Last[409] := 11 45;
set Last[410] := 12 46;
set Last[411] := 13 47;
set Last[412] := 15 49;
set Last[413] := 16 50;
set Last[414] := 17 51;
set Last[415] := 18 52;
set Last[416] := 21 55;
set Last[417] := 23 57;
set Last[418] := 24 58;
set Last[419] := 25 59;
set Last[420] := 28 62;
set Last[421] := 29 63;
set Last[422] := 30 64;
set Last[423] := 31 65;
set Last[424] := 32 66;
set Last[425] := 33 67;
set Last[426] := 34 68;
set Last[427] := 1 35;
set Last[428] := 2 36;
set Last[429] := 3 37;
set Last[430] := 4 38;
set Last[431] := 6 40;
set Last[432] := 7 41;
set Last[433] := 8 42;
set Last[434] := 9 43;
set Last[435] := 10 44;
set Last[436] := 11 45;
set Last[437] := 12 46;
set Last[438] := 13 47;
set Last[439] := 15 49;
set Last[440] := 16 50;
set Last[441] := 17 51;
set Last[442] := 18 52;
set Last[443] := 21 55;
set Last[444] := 22 56;
set Last[445] := 24 58;
set Last[446] := 25 59;
set Last[447] := 28 62;
set Last[448] := 29 63;
set Last[449] := 31 65;
set Last[450] := 32 66;
set Last[451] := 33 67;
set Last[452] := 34 68;
set Last[453] := 1 35;
set Last[454] := 2 36;
set Last[455] := 3 37;
set Last[456] := 4 38;
set Last[457] := 6 40;
set Last[458] := 7 41;
set Last[459] := 8 42;
set Last[460] := 9 43;
set Last[461] := 10 44;
set Last[462] := 11 45;
set Last[463] := 12 46;
set Last[464] := 13 47;
set Last[465] := 14 48;
set Last[466] := 15 49;
set Last[467] := 16 50;
set Last[468] := 17 51;
set Last[469] := 18 52;
set Last[470] := 21 55;
set Last[471] := 22 56;
set Last[472] := 23 57;
set Last[473] := 25 59;
set Last[474] := 28 62;
set Last[475] := 29 63;
set Last[476] := 30 64;
set Last[477] := 31 65;
set Last[478] := 32 66;
set Last[479] := 33 67;
set Last[480] := 34 68;
set Last[481] := 1 35;
set Last[482] := 3 37;
set Last[483] := 4 38;
set Last[484] := 6 40;
set Last[485] := 7 41;
set Last[486] := 9 43;
set Last[487] := 11 45;
set Last[488] := 12 46;
set Last[489] := 13 47;
set Last[490] := 15 49;
set Last[491] := 16 50;
set Last[492] := 17 51;
set Last[493] := 18 52;
set Last[494] := 21 55;
set Last[495] := 22 56;
set Last[496] := 23 57;
set Last[497] := 24 58;
set Last[498] := 28 62;
set Last[499] := 29 63;
set Last[500] := 31 65;
set Last[501] := 32 66;
set Last[502] := 33 67;
set Last[503] := 34 68;
set Last[504] := 1 35;
set Last[505] := 3 37;
set Last[506] := 4 38;
set Last[507] := 6 40;
set Last[508] := 7 41;
set Last[509] := 9 43;
set Last[510] := 11 45;
set Last[511] := 12 46;
set Last[512] := 13 47;
set Last[513] := 15 49;
set Last[514] := 17 51;
set Last[515] := 18 52;
set Last[516] := 21 55;
set Last[517] := 24 58;
set Last[518] := 25 59;
set Last[519] := 28 62;
set Last[520] := 29 63;
set Last[521] := 31 65;
set Last[522] := 32 66;
set Last[523] := 33 67;
set Last[524] := 34 68;
set Last[525] := 1 35;
set Last[526] := 3 37;
set Last[527] := 4 38;
set Last[528] := 6 40;
set Last[529] := 7 41;
set Last[530] := 9 43;
set Last[531] := 11 45;
set Last[532] := 12 46;
set Last[533] := 13 47;
set Last[534] := 15 49;
set Last[535] := 17 51;
set Last[536] := 18 52;
set Last[537] := 21 55;
set Last[538] := 24 58;
set Last[539] := 25 59;
set Last[540] := 28 62;
set Last[541] := 29 63;
set Last[542] := 31 65;
set Last[543] := 32 66;
set Last[544] := 33 67;
set Last[545] := 34 68;
set Last[546] := 1 35;
set Last[547] := 3 37;
set Last[548] := 4 38;
set Last[549] := 6 40;
set Last[550] := 7 41;
set Last[551] := 9 43;
set Last[552] := 11 45;
set Last[553] := 12 46;
set Last[554] := 13 47;
set Last[555] := 15 49;
set Last[556] := 17 51;
set Last[557] := 18 52;
set Last[558] := 21 55;
set Last[559] := 24 58;
set Last[560] := 25 59;
set Last[561] := 29 63;
set Last[562] := 31 65;
set Last[563] := 32 66;
set Last[564] := 33 67;
set Last[565] := 34 68;
set Last[566] := 1 35;
set Last[567] := 3 37;
set Last[568] := 4 38;
set Last[569] := 7 41;
set Last[570] := 9 43;
set Last[571] := 11 45;
set Last[572] := 13 47;
set Last[573] := 24 58;
set Last[574] := 25 59;
set Last[575] := 28 62;
set Last[576] := 31 65;
set Last[577] := 32 66;
set Last[578] := 33 67;
set Last[579] := 1 35;
set Last[580] := 3 37;
set Last[581] := 4 38;
set Last[582] := 7 41;
set Last[583] := 9 43;
set Last[584] := 11 45;
set Last[585] := 13 47;
set Last[586] := 15 49;
set Last[587] := 18 52;
set Last[588] := 21 55;
set Last[589] := 24 58;
set Last[590] := 25 59;
set Last[591] := 28 62;
set Last[592] := 31 65;
set Last[593] := 32 66;
set Last[594] := 33 67;
set Last[595] := 1 35;
set Last[596] := 2 36;
set Last[597] := 3 37;
set Last[598] := 4 38;
set Last[599] := 6 40;
set Last[600] := 7 41;
set Last[601] := 8 42;
set Last[602] := 9 43;
set Last[603] := 10 44;
set Last[604] := 11 45;
set Last[605] := 12 46;
set Last[606] := 13 47;
set Last[607] := 14 48;
set Last[608] := 15 49;
set Last[609] := 16 50;
set Last[610] := 17 51;
set Last[611] := 18 52;
set Last[612] := 21 55;
set Last[613] := 22 56;
set Last[614] := 23 57;
set Last[615] := 24 58;
set Last[616] := 25 59;
set Last[617] := 28 62;
set Last[618] := 29 63;
set Last[619] := 30 64;
set Last[620] := 32 66;
set Last[621] := 33 67;
set Last[622] := 34 68;
set Last[623] := 1 35;
set Last[624] := 2 36;
set Last[625] := 3 37;
set Last[626] := 4 38;
set Last[627] := 6 40;
set Last[628] := 7 41;
set Last[629] := 8 42;
set Last[630] := 9 43;
set Last[631] := 10 44;
set Last[632] := 11 45;
set Last[633] := 12 46;
set Last[634] := 13 47;
set Last[635] := 14 48;
set Last[636] := 15 49;
set Last[637] := 16 50;
set Last[638] := 17 51;
set Last[639] := 18 52;
set Last[640] := 21 55;
set Last[641] := 22 56;
set Last[642] := 23 57;
set Last[643] := 24 58;
set Last[644] := 25 59;
set Last[645] := 28 62;
set Last[646] := 29 63;
set Last[647] := 30 64;
set Last[648] := 31 65;
set Last[649] := 33 67;
set Last[650] := 34 68;
set Last[651] := 1 35;
set Last[652] := 3 37;
set Last[653] := 4 38;
set Last[654] := 7 41;
set Last[655] := 9 43;
set Last[656] := 11 45;
set Last[657] := 12 46;
set Last[658] := 13 47;
set Last[659] := 15 49;
set Last[660] := 17 51;
set Last[661] := 18 52;
set Last[662] := 21 55;
set Last[663] := 24 58;
set Last[664] := 25 59;
set Last[665] := 28 62;
set Last[666] := 31 65;
set Last[667] := 32 66;
set Last[668] := 1 35;
set Last[669] := 4 38;
set Last[670] := 11 45;
set Last[671] := 24 58;
set Last[672] := 31 65;
set Last[673] := 33 67;

param q := 5;

end;
