data;

set V := 1 2 3 4 5 6 7 8 9 10 11 12 13 14 15 16 17 18 19 20 21 22 23 24 25 26 27 28 29 30 31 32 33 35 38 39 41 42 43 46 48 49 50 52;

set A := 1 5
         1 7
         1 8
         1 27
         2 3
         2 7
         2 28
         3 2
         3 4
         3 18
         3 25
         3 29
         4 3
         4 30
         5 1
         5 11
         5 31
         6 9
         6 17
         6 32
         7 1
         7 2
         7 33
         8 4
         9 6
         9 10
         9 35
         10 9
         10 11
         10 14
         11 5
         11 10
         11 16
         12 13
         12 16
         12 38
         13 12
         13 14
         13 39
         14 10
         14 13
         15 41
         16 11
         16 12
         16 42
         17 6
         17 15
         17 18
         17 26
         17 43
         18 3
         18 17
         19 20
         20 21
         20 22
         20 46
         21 20
         21 23
         22 23
         22 48
         23 21
         23 22
         23 24
         23 49
         24 23
         24 25
         24 26
         24 50
         25 3
         25 24
         26 17
         26 24
         26 52
         ;

set S := 1 2 3 4 5 6 7 8 9 10 11 12 13 14 15 16 17 18 19 20 21 22 23 24 25 26 27 28 29 30 31 32 33 34 35 36 37 38 39 40 41 42 43 44 45 46 47 48 49 50 51 52 53 54 55 56 57 58 59 60 61 62 63 64 65 66 67 68 69 70 71 72 73 74 75 76 77 78 79 80 81 82 83 84 85 86 87 88 89 90 91 92 93 94 95 96 97 98 99 100 101 102 103 104 105 106 107 108 109 110 111 112 113 114 115 116 117 118 119 120 121 122 123 124 125 126 127 128 129 130;

set F[1] := 1 7
            7 2
            2 28
            ;
set F[2] := 1 7
            7 2
            2 3
            3 29
            ;
set F[3] := 1 8
            8 4
            4 30
            ;
set F[4] := 1 5
            5 31
            ;
set F[5] := 1 7
            7 33
            ;
set F[6] := 1 5
            5 11
            11 10
            10 9
            9 35
            ;
set F[7] := 1 5
            5 11
            11 10
            10 14
            14 13
            13 39
            ;
set F[8] := 1 5
            5 11
            11 16
            16 42
            ;
set F[9] := 1 7
            7 2
            2 3
            3 18
            18 17
            17 43
            ;
set F[10] := 1 7
             7 2
             2 3
             3 25
             25 24
             24 23
             23 21
             21 20
             20 46
             ;
set F[11] := 1 7
             7 2
             2 3
             3 25
             25 24
             24 23
             23 22
             22 48
             ;
set F[12] := 1 7
             7 2
             2 3
             3 25
             25 24
             24 23
             23 49
             ;
set F[13] := 1 7
             7 2
             2 3
             3 25
             25 24
             24 26
             26 52
             ;
set F[14] := 3 18
             18 17
             17 43
             ;
set F[15] := 4 3
             3 2
             2 28
             ;
set F[16] := 4 3
             3 18
             18 17
             17 43
             ;
set F[17] := 4 3
             3 25
             25 24
             24 23
             23 49
             ;
set F[18] := 6 17
             17 18
             18 3
             3 2
             2 28
             ;
set F[19] := 6 17
             17 43
             ;
set F[20] := 6 17
             17 26
             26 24
             24 23
             23 49
             ;
set F[21] := 7 2
             2 3
             3 18
             18 17
             17 43
             ;
set F[22] := 9 6
             6 17
             17 43
             ;
set F[23] := 10 11
             11 5
             5 1
             1 27
             ;
set F[24] := 10 11
             11 5
             5 1
             1 7
             7 2
             2 28
             ;
set F[25] := 10 9
             9 6
             6 17
             17 18
             18 3
             3 29
             ;
set F[26] := 10 11
             11 5
             5 1
             1 8
             8 4
             4 30
             ;
set F[27] := 10 11
             11 5
             5 31
             ;
set F[28] := 10 11
             11 5
             5 1
             1 7
             7 33
             ;
set F[29] := 10 9
             9 35
             ;
set F[30] := 10 14
             14 13
             13 39
             ;
set F[31] := 10 11
             11 16
             16 42
             ;
set F[32] := 10 9
             9 6
             6 17
             17 43
             ;
set F[33] := 10 9
             9 6
             6 17
             17 26
             26 24
             24 23
             23 21
             21 20
             20 46
             ;
set F[34] := 10 9
             9 6
             6 17
             17 26
             26 24
             24 23
             23 22
             22 48
             ;
set F[35] := 10 9
             9 6
             6 17
             17 26
             26 24
             24 23
             23 49
             ;
set F[36] := 10 9
             9 6
             6 17
             17 26
             26 52
             ;
set F[37] := 11 10
             10 9
             9 6
             6 17
             17 43
             ;
set F[38] := 11 10
             10 9
             9 6
             6 17
             17 26
             26 24
             24 23
             23 49
             ;
set F[39] := 12 13
             13 14
             14 10
             10 9
             9 6
             6 17
             17 43
             ;
set F[40] := 13 12
             12 16
             16 11
             11 5
             5 1
             1 27
             ;
set F[41] := 13 12
             12 16
             16 11
             11 5
             5 1
             1 7
             7 2
             2 28
             ;
set F[42] := 13 14
             14 10
             10 9
             9 6
             6 17
             17 18
             18 3
             3 29
             ;
set F[43] := 13 12
             12 16
             16 11
             11 5
             5 1
             1 8
             8 4
             4 30
             ;
set F[44] := 13 12
             12 16
             16 11
             11 5
             5 31
             ;
set F[45] := 13 12
             12 16
             16 11
             11 5
             5 1
             1 7
             7 33
             ;
set F[46] := 13 14
             14 10
             10 9
             9 35
             ;
set F[47] := 13 12
             12 16
             16 42
             ;
set F[48] := 13 14
             14 10
             10 9
             9 6
             6 17
             17 43
             ;
set F[49] := 13 14
             14 10
             10 9
             9 6
             6 17
             17 26
             26 24
             24 23
             23 21
             21 20
             20 46
             ;
set F[50] := 13 14
             14 10
             10 9
             9 6
             6 17
             17 26
             26 24
             24 23
             23 22
             22 48
             ;
set F[51] := 13 14
             14 10
             10 9
             9 6
             6 17
             17 26
             26 24
             24 23
             23 49
             ;
set F[52] := 13 14
             14 10
             10 9
             9 6
             6 17
             17 26
             26 52
             ;
set F[53] := 14 10
             10 11
             11 5
             5 1
             1 27
             ;
set F[54] := 14 10
             10 11
             11 5
             5 1
             1 7
             7 2
             2 28
             ;
set F[55] := 14 10
             10 9
             9 6
             6 17
             17 18
             18 3
             3 29
             ;
set F[56] := 14 10
             10 11
             11 5
             5 1
             1 7
             7 33
             ;
set F[57] := 14 10
             10 9
             9 35
             ;
set F[58] := 14 13
             13 39
             ;
set F[59] := 14 10
             10 11
             11 16
             16 42
             ;
set F[60] := 14 10
             10 9
             9 6
             6 17
             17 43
             ;
set F[61] := 14 10
             10 9
             9 6
             6 17
             17 26
             26 24
             24 23
             23 21
             21 20
             20 46
             ;
set F[62] := 14 10
             10 9
             9 6
             6 17
             17 26
             26 24
             24 23
             23 22
             22 48
             ;
set F[63] := 14 10
             10 9
             9 6
             6 17
             17 26
             26 24
             24 23
             23 49
             ;
set F[64] := 14 10
             10 9
             9 6
             6 17
             17 26
             26 52
             ;
set F[65] := 16 11
             11 5
             5 1
             1 7
             7 2
             2 28
             ;
set F[66] := 16 11
             11 10
             10 9
             9 6
             6 17
             17 43
             ;
set F[67] := 16 11
             11 10
             10 9
             9 6
             6 17
             17 26
             26 24
             24 23
             23 49
             ;
set F[68] := 17 18
             18 3
             3 2
             2 7
             7 1
             1 27
             ;
set F[69] := 17 18
             18 3
             3 2
             2 28
             ;
set F[70] := 17 18
             18 3
             3 29
             ;
set F[71] := 17 18
             18 3
             3 4
             4 30
             ;
set F[72] := 17 6
             6 9
             9 10
             10 11
             11 5
             5 31
             ;
set F[73] := 17 6
             6 32
             ;
set F[74] := 17 18
             18 3
             3 2
             2 7
             7 33
             ;
set F[75] := 17 6
             6 9
             9 35
             ;
set F[76] := 17 6
             6 9
             9 10
             10 14
             14 13
             13 39
             ;
set F[77] := 17 6
             6 9
             9 10
             10 11
             11 16
             16 42
             ;
set F[78] := 17 26
             26 24
             24 23
             23 21
             21 20
             20 46
             ;
set F[79] := 17 26
             26 24
             24 23
             23 22
             22 48
             ;
set F[80] := 17 26
             26 24
             24 23
             23 49
             ;
set F[81] := 17 26
             26 24
             24 50
             ;
set F[82] := 17 26
             26 52
             ;
set F[83] := 18 3
             3 2
             2 7
             7 1
             1 27
             ;
set F[84] := 18 3
             3 2
             2 28
             ;
set F[85] := 18 3
             3 29
             ;
set F[86] := 18 3
             3 4
             4 30
             ;
set F[87] := 18 3
             3 2
             2 7
             7 1
             1 5
             5 31
             ;
set F[88] := 18 17
             17 6
             6 32
             ;
set F[89] := 18 3
             3 2
             2 7
             7 33
             ;
set F[90] := 18 17
             17 6
             6 9
             9 35
             ;
set F[91] := 18 17
             17 6
             6 9
             9 10
             10 11
             11 16
             16 12
             12 38
             ;
set F[92] := 18 17
             17 6
             6 9
             9 10
             10 14
             14 13
             13 39
             ;
set F[93] := 18 17
             17 15
             15 41
             ;
set F[94] := 18 17
             17 6
             6 9
             9 10
             10 11
             11 16
             16 42
             ;
set F[95] := 18 17
             17 43
             ;
set F[96] := 18 3
             3 25
             25 24
             24 23
             23 21
             21 20
             20 46
             ;
set F[97] := 18 3
             3 25
             25 24
             24 23
             23 22
             22 48
             ;
set F[98] := 18 3
             3 25
             25 24
             24 23
             23 49
             ;
set F[99] := 18 3
             3 25
             25 24
             24 50
             ;
set F[100] := 18 17
              17 26
              26 52
              ;
set F[101] := 19 20
              20 21
              21 23
              23 24
              24 25
              25 3
              3 2
              2 7
              7 1
              1 27
              ;
set F[102] := 19 20
              20 21
              21 23
              23 24
              24 25
              25 3
              3 2
              2 28
              ;
set F[103] := 19 20
              20 21
              21 23
              23 24
              24 25
              25 3
              3 2
              2 7
              7 33
              ;
set F[104] := 19 20
              20 21
              21 23
              23 24
              24 26
              26 17
              17 6
              6 9
              9 10
              10 14
              14 13
              13 39
              ;
set F[105] := 19 20
              20 21
              21 23
              23 24
              24 26
              26 17
              17 43
              ;
set F[106] := 19 20
              20 21
              21 23
              23 49
              ;
set F[107] := 20 21
              21 23
              23 24
              24 25
              25 3
              3 2
              2 7
              7 1
              1 27
              ;
set F[108] := 20 21
              21 23
              23 24
              24 25
              25 3
              3 2
              2 28
              ;
set F[109] := 20 21
              21 23
              23 24
              24 25
              25 3
              3 29
              ;
set F[110] := 20 21
              21 23
              23 24
              24 25
              25 3
              3 2
              2 7
              7 33
              ;
set F[111] := 20 21
              21 23
              23 24
              24 26
              26 17
              17 6
              6 9
              9 35
              ;
set F[112] := 20 21
              21 23
              23 24
              24 26
              26 17
              17 6
              6 9
              9 10
              10 14
              14 13
              13 39
              ;
set F[113] := 20 21
              21 23
              23 24
              24 26
              26 17
              17 6
              6 9
              9 10
              10 11
              11 16
              16 42
              ;
set F[114] := 20 21
              21 23
              23 24
              24 26
              26 17
              17 43
              ;
set F[115] := 20 22
              22 48
              ;
set F[116] := 20 21
              21 23
              23 49
              ;
set F[117] := 20 21
              21 23
              23 24
              24 26
              26 52
              ;
set F[118] := 21 23
              23 24
              24 26
              26 17
              17 43
              ;
set F[119] := 22 23
              23 24
              24 25
              25 3
              3 2
              2 7
              7 1
              1 27
              ;
set F[120] := 22 23
              23 24
              24 25
              25 3
              3 2
              2 28
              ;
set F[121] := 22 23
              23 24
              24 25
              25 3
              3 29
              ;
set F[122] := 22 23
              23 24
              24 25
              25 3
              3 2
              2 7
              7 33
              ;
set F[123] := 22 23
              23 24
              24 26
              26 17
              17 6
              6 9
              9 35
              ;
set F[124] := 22 23
              23 24
              24 26
              26 17
              17 6
              6 9
              9 10
              10 14
              14 13
              13 39
              ;
set F[125] := 22 23
              23 24
              24 26
              26 17
              17 43
              ;
set F[126] := 22 23
              23 49
              ;
set F[127] := 23 24
              24 26
              26 17
              17 43
              ;
set F[128] := 26 17
              17 18
              18 3
              3 2
              2 28
              ;
set F[129] := 26 17
              17 43
              ;
set F[130] := 26 24
              24 23
              23 49
              ;
set Last[1] := 2 28;
set Last[2] := 3 29;
set Last[3] := 4 30;
set Last[4] := 5 31;
set Last[5] := 7 33;
set Last[6] := 9 35;
set Last[7] := 13 39;
set Last[8] := 16 42;
set Last[9] := 17 43;
set Last[10] := 20 46;
set Last[11] := 22 48;
set Last[12] := 23 49;
set Last[13] := 26 52;
set Last[14] := 17 43;
set Last[15] := 2 28;
set Last[16] := 17 43;
set Last[17] := 23 49;
set Last[18] := 2 28;
set Last[19] := 17 43;
set Last[20] := 23 49;
set Last[21] := 17 43;
set Last[22] := 17 43;
set Last[23] := 1 27;
set Last[24] := 2 28;
set Last[25] := 3 29;
set Last[26] := 4 30;
set Last[27] := 5 31;
set Last[28] := 7 33;
set Last[29] := 9 35;
set Last[30] := 13 39;
set Last[31] := 16 42;
set Last[32] := 17 43;
set Last[33] := 20 46;
set Last[34] := 22 48;
set Last[35] := 23 49;
set Last[36] := 26 52;
set Last[37] := 17 43;
set Last[38] := 23 49;
set Last[39] := 17 43;
set Last[40] := 1 27;
set Last[41] := 2 28;
set Last[42] := 3 29;
set Last[43] := 4 30;
set Last[44] := 5 31;
set Last[45] := 7 33;
set Last[46] := 9 35;
set Last[47] := 16 42;
set Last[48] := 17 43;
set Last[49] := 20 46;
set Last[50] := 22 48;
set Last[51] := 23 49;
set Last[52] := 26 52;
set Last[53] := 1 27;
set Last[54] := 2 28;
set Last[55] := 3 29;
set Last[56] := 7 33;
set Last[57] := 9 35;
set Last[58] := 13 39;
set Last[59] := 16 42;
set Last[60] := 17 43;
set Last[61] := 20 46;
set Last[62] := 22 48;
set Last[63] := 23 49;
set Last[64] := 26 52;
set Last[65] := 2 28;
set Last[66] := 17 43;
set Last[67] := 23 49;
set Last[68] := 1 27;
set Last[69] := 2 28;
set Last[70] := 3 29;
set Last[71] := 4 30;
set Last[72] := 5 31;
set Last[73] := 6 32;
set Last[74] := 7 33;
set Last[75] := 9 35;
set Last[76] := 13 39;
set Last[77] := 16 42;
set Last[78] := 20 46;
set Last[79] := 22 48;
set Last[80] := 23 49;
set Last[81] := 24 50;
set Last[82] := 26 52;
set Last[83] := 1 27;
set Last[84] := 2 28;
set Last[85] := 3 29;
set Last[86] := 4 30;
set Last[87] := 5 31;
set Last[88] := 6 32;
set Last[89] := 7 33;
set Last[90] := 9 35;
set Last[91] := 12 38;
set Last[92] := 13 39;
set Last[93] := 15 41;
set Last[94] := 16 42;
set Last[95] := 17 43;
set Last[96] := 20 46;
set Last[97] := 22 48;
set Last[98] := 23 49;
set Last[99] := 24 50;
set Last[100] := 26 52;
set Last[101] := 1 27;
set Last[102] := 2 28;
set Last[103] := 7 33;
set Last[104] := 13 39;
set Last[105] := 17 43;
set Last[106] := 23 49;
set Last[107] := 1 27;
set Last[108] := 2 28;
set Last[109] := 3 29;
set Last[110] := 7 33;
set Last[111] := 9 35;
set Last[112] := 13 39;
set Last[113] := 16 42;
set Last[114] := 17 43;
set Last[115] := 22 48;
set Last[116] := 23 49;
set Last[117] := 26 52;
set Last[118] := 17 43;
set Last[119] := 1 27;
set Last[120] := 2 28;
set Last[121] := 3 29;
set Last[122] := 7 33;
set Last[123] := 9 35;
set Last[124] := 13 39;
set Last[125] := 17 43;
set Last[126] := 23 49;
set Last[127] := 17 43;
set Last[128] := 2 28;
set Last[129] := 17 43;
set Last[130] := 23 49;

param q := 5;

end;
